1.75900712
1.75906412
1.75912212
1.75918212
1.75924412
1.75930712
1.75937312
1.75943912
1.75950812
1.75957812
1.75964912
1.75972112
1.75979512
1.75986912
1.75994412
1.76001912
1.76009312
1.76016612
1.76023712
1.76030512
1.76036912
1.76042612
1.76047512
1.76051412
1.76054112
1.76055112
1.76054212
1.76050812
1.76044612
1.76035112
1.76021612
1.76003612
1.75980812
1.75952512
1.75918512
1.75878812
1.75833612
1.75783212
1.75728712
1.75671012
1.75611712
1.75552312
1.75494312
1.75439112
1.75388012
1.75341812
1.75301112
1.75266112
1.75236912
1.75213112
1.75194412
1.75180112
1.75169912
1.75163212
1.75159412
1.75158112
1.75158812
1.75161212
1.75164912
1.75169712
1.75175312
1.75181512
1.75188312
1.75195312
1.75202612
1.75210012
1.75217512
1.75225012
1.75232412
1.75239812
1.75247112
1.75254312
1.75261312
1.75268112
1.75274912
1.75281412
1.75287812
1.75294012
1.75300012
1.75305912
1.75311612
1.75317112
1.75322512
1.75327712
1.75332812
1.75337712
1.75342512
1.75347112
1.75351612
1.75356012
1.75360212
1.75364412
1.75368412
1.75372312
1.75376012
1.75379712
1.75383312
1.75386812
1.75390212
1.75393412
1.75396712
