1.75946012
1.75952712
1.75959512
1.75966612
1.75973812
1.75981212
1.75988712
1.75996412
1.76004112
1.76012012
1.76019912
1.76027812
1.76035712
1.76043412
1.76051012
1.76058112
1.76064912
1.76071012
1.76076312
1.76080512
1.76083412
1.76084612
1.76083712
1.76080412
1.76074012
1.76064112
1.76050212
1.76031512
1.76007612
1.75978112
1.75942612
1.75901012
1.75853512
1.75800612
1.75743112
1.75682312
1.75619712
1.75556812
1.75495312
1.75436712
1.75382412
1.75333212
1.75289812
1.75252512
1.75221212
1.75195712
1.75175512
1.75160212
1.75149212
1.75141812
1.75137612
1.75136112
1.75136712
1.75139212
1.75143012
1.75148012
1.75153912
1.75160512
1.75167512
1.75175012
1.75182712
1.75190512
1.75198412
1.75206312
1.75214212
1.75222012
1.75229712
1.75237312
1.75244712
1.75252012
1.75259112
1.75266112
1.75272812
1.75279412
1.75285812
1.75292012
1.75298012
1.75303912
1.75309612
1.75315112
1.75320512
1.75325712
1.75330812
1.75335712
1.75340412
1.75345112
1.75349612
1.75353912
1.75358212
1.75362312
1.75366312
1.75370212
1.75374012
1.75377712
1.75381312
1.75384812
1.75388212
1.75391512
1.75394712
1.75397812
1.75400912
