5.962194e+07
5.962116e+07
5.962100e+07
5.962090e+07
5.962083e+07
5.962078e+07
5.962074e+07
5.962071e+07
5.962068e+07
5.962065e+07
5.962063e+07
5.962061e+07
5.962059e+07
5.962057e+07
5.962055e+07
5.962053e+07
5.962052e+07
5.962051e+07
5.962049e+07
5.962048e+07
5.962047e+07
5.962045e+07
5.962044e+07
5.962043e+07
5.962042e+07
5.962041e+07
5.962040e+07
5.962039e+07
5.962038e+07
5.962037e+07
5.962036e+07
5.962035e+07
5.962035e+07
5.962034e+07
5.962033e+07
5.962032e+07
5.962031e+07
5.962030e+07
5.962030e+07
5.962029e+07
5.962028e+07
5.962027e+07
5.962027e+07
5.962026e+07
5.962025e+07
5.962024e+07
5.962024e+07
5.962023e+07
5.962022e+07
5.962021e+07
5.962021e+07
5.962020e+07
5.962019e+07
5.962019e+07
5.962018e+07
5.962017e+07
5.962016e+07
5.962016e+07
5.962015e+07
5.962014e+07
5.962014e+07
5.962013e+07
5.962012e+07
5.962011e+07
5.962011e+07
5.962010e+07
5.962009e+07
5.962009e+07
5.962008e+07
5.962007e+07
5.962006e+07
5.962006e+07
5.962005e+07
5.962004e+07
5.962004e+07
5.962003e+07
5.962002e+07
5.962001e+07
5.962001e+07
5.962000e+07
5.961999e+07
5.961998e+07
5.961998e+07
5.961997e+07
5.961996e+07
5.961995e+07
5.961995e+07
5.961994e+07
5.961993e+07
5.961992e+07
5.961992e+07
5.961991e+07
5.961990e+07
5.961989e+07
5.961988e+07
5.961988e+07
5.961987e+07
5.961986e+07
5.961985e+07
5.961984e+07
5.961984e+07
5.961983e+07
5.961982e+07
5.961981e+07
5.961980e+07
5.961979e+07
5.961979e+07
5.961978e+07
5.961977e+07
5.961976e+07
5.961975e+07
5.961974e+07
5.961973e+07
5.961973e+07
5.961972e+07
5.961971e+07
5.961970e+07
5.961969e+07
5.961968e+07
5.961967e+07
5.961966e+07
5.961965e+07
5.961964e+07
5.961963e+07
5.961963e+07
5.961962e+07
5.961961e+07
5.961960e+07
5.961959e+07
5.961958e+07
5.961957e+07
5.961956e+07
5.961955e+07
5.961954e+07
5.961953e+07
5.961952e+07
5.961951e+07
5.961950e+07
5.961949e+07
5.961948e+07
5.961947e+07
5.961946e+07
5.961945e+07
5.961944e+07
5.961942e+07
5.961941e+07
5.961940e+07
5.961939e+07
5.961938e+07
5.961937e+07
5.961936e+07
5.961935e+07
5.961934e+07
5.961933e+07
5.961931e+07
5.961930e+07
5.961929e+07
5.961928e+07
5.961927e+07
5.961926e+07
5.961925e+07
5.961923e+07
5.961922e+07
5.961921e+07
5.961920e+07
5.961919e+07
5.961917e+07
5.961916e+07
5.961915e+07
5.961914e+07
5.961912e+07
5.961911e+07
5.961910e+07
5.961909e+07
5.961907e+07
5.961906e+07
5.961905e+07
5.961903e+07
5.961902e+07
5.961901e+07
5.961899e+07
5.961898e+07
5.961897e+07
5.961895e+07
5.961894e+07
5.961893e+07
5.961891e+07
5.961890e+07
5.961888e+07
5.961887e+07
5.961885e+07
5.961884e+07
5.961883e+07
5.961881e+07
5.961880e+07
5.961878e+07
5.961877e+07
5.961875e+07
5.961874e+07
5.961872e+07
5.961871e+07
5.961869e+07
5.961868e+07
5.961866e+07
5.961865e+07
5.961863e+07
5.961861e+07
5.961860e+07
5.961858e+07
5.961857e+07
5.961855e+07
5.961853e+07
5.961852e+07
5.961850e+07
5.961848e+07
5.961847e+07
5.961845e+07
5.961843e+07
5.961842e+07
5.961840e+07
5.961838e+07
5.961837e+07
5.961835e+07
5.961833e+07
5.961831e+07
5.961829e+07
5.961828e+07
5.961826e+07
5.961824e+07
5.961822e+07
5.961820e+07
5.961819e+07
5.961817e+07
5.961815e+07
5.961813e+07
5.961811e+07
5.961809e+07
5.961807e+07
5.961805e+07
5.961803e+07
5.961801e+07
5.961799e+07
5.961797e+07
5.961795e+07
5.961793e+07
5.961791e+07
5.961789e+07
5.961787e+07
5.961785e+07
5.961783e+07
5.961781e+07
5.961779e+07
5.961777e+07
5.961775e+07
5.961772e+07
5.961770e+07
5.961768e+07
5.961766e+07
5.961764e+07
5.961761e+07
5.961759e+07
5.961757e+07
5.961755e+07
5.961752e+07
5.961750e+07
5.961748e+07
5.961745e+07
5.961743e+07
5.961741e+07
5.961738e+07
5.961736e+07
5.961733e+07
5.961731e+07
5.961728e+07
5.961726e+07
5.961723e+07
5.961721e+07
5.961718e+07
5.961716e+07
5.961713e+07
5.961711e+07
5.961708e+07
5.961705e+07
5.961703e+07
5.961700e+07
5.961697e+07
5.961694e+07
5.961692e+07
5.961689e+07
5.961686e+07
5.961683e+07
5.961680e+07
5.961678e+07
5.961675e+07
5.961672e+07
5.961669e+07
5.961666e+07
5.961663e+07
5.961660e+07
5.961657e+07
5.961654e+07
5.961651e+07
5.961647e+07
5.961644e+07
5.961641e+07
5.961638e+07
5.961635e+07
5.961631e+07
5.961628e+07
5.961625e+07
5.961621e+07
5.961618e+07
5.961614e+07
5.961611e+07
5.961607e+07
5.961604e+07
5.961600e+07
5.961596e+07
5.961593e+07
5.961589e+07
5.961585e+07
5.961581e+07
5.961578e+07
5.961574e+07
5.961570e+07
5.961566e+07
5.961562e+07
5.961558e+07
5.961554e+07
5.961549e+07
5.961545e+07
5.961541e+07
5.961537e+07
5.961532e+07
5.961528e+07
5.961523e+07
5.961519e+07
5.961514e+07
5.961509e+07
5.961505e+07
5.961500e+07
5.961495e+07
5.961490e+07
5.961485e+07
5.961480e+07
5.961475e+07
5.961470e+07
5.961464e+07
5.961459e+07
5.961454e+07
5.961448e+07
5.961442e+07
5.961437e+07
5.961431e+07
5.961425e+07
5.961419e+07
5.961413e+07
5.961407e+07
5.961401e+07
5.961394e+07
5.961388e+07
5.961381e+07
5.961374e+07
5.961368e+07
5.961361e+07
5.961354e+07
5.961346e+07
5.961339e+07
5.961332e+07
5.961324e+07
5.961316e+07
5.961308e+07
5.961300e+07
5.961292e+07
5.961284e+07
5.961275e+07
5.961267e+07
5.961258e+07
5.961249e+07
5.961240e+07
5.961230e+07
5.961221e+07
5.961211e+07
5.961201e+07
5.961191e+07
5.961181e+07
5.961170e+07
5.961159e+07
5.961148e+07
5.961137e+07
5.961126e+07
5.961114e+07
5.961102e+07
5.961089e+07
5.961077e+07
5.961064e+07
5.961051e+07
5.961038e+07
5.961024e+07
5.961010e+07
5.960995e+07
5.960981e+07
5.960966e+07
5.960950e+07
5.960934e+07
5.960918e+07
5.960902e+07
5.960885e+07
5.960867e+07
5.960850e+07
5.960831e+07
5.960813e+07
5.960794e+07
5.960774e+07
5.960754e+07
5.960733e+07
5.960712e+07
5.960691e+07
5.960668e+07
5.960646e+07
5.960622e+07
5.960598e+07
5.960574e+07
5.960548e+07
5.960523e+07
5.960496e+07
5.960469e+07
5.960441e+07
5.960412e+07
5.960382e+07
5.960352e+07
5.960321e+07
5.960289e+07
5.960256e+07
5.960223e+07
5.960188e+07
5.960152e+07
5.960116e+07
5.960078e+07
5.960040e+07
5.960000e+07
5.959960e+07
5.959918e+07
5.959875e+07
5.959830e+07
5.959785e+07
5.959738e+07
5.959690e+07
5.959641e+07
5.959590e+07
5.959538e+07
5.959484e+07
5.959429e+07
5.959372e+07
5.959314e+07
5.959253e+07
5.959192e+07
5.959128e+07
5.959062e+07
5.958995e+07
5.958926e+07
5.958855e+07
5.958781e+07
5.958706e+07
5.958628e+07
5.958548e+07
5.958466e+07
5.958381e+07
5.958294e+07
5.958204e+07
5.958112e+07
5.958017e+07
5.957919e+07
5.957818e+07
5.957714e+07
5.957608e+07
5.957498e+07
5.957384e+07
5.957268e+07
5.957148e+07
5.957024e+07
5.956897e+07
5.956766e+07
5.956631e+07
5.956492e+07
5.956349e+07
5.956201e+07
5.956049e+07
5.955893e+07
5.955732e+07
5.955566e+07
5.955395e+07
5.955219e+07
5.955037e+07
5.954850e+07
5.954658e+07
5.954459e+07
5.954255e+07
5.954045e+07
5.953828e+07
5.953604e+07
5.953374e+07
5.953137e+07
5.952893e+07
5.952641e+07
5.952381e+07
5.952114e+07
5.951839e+07
5.951555e+07
5.951262e+07
5.950961e+07
5.950650e+07
5.950330e+07
5.950000e+07
5.949661e+07
5.949310e+07
5.948949e+07
5.948577e+07
5.948194e+07
5.947799e+07
5.947391e+07
5.946972e+07
5.946539e+07
5.946093e+07
5.945634e+07
5.945160e+07
5.944672e+07
5.944169e+07
5.943650e+07
5.943116e+07
5.942564e+07
5.941996e+07
5.941411e+07
5.940807e+07
5.940185e+07
5.939544e+07
5.938883e+07
5.938202e+07
5.937499e+07
5.936775e+07
5.936029e+07
5.935259e+07
5.934466e+07
5.933648e+07
5.932805e+07
5.931935e+07
5.931039e+07
5.930115e+07
5.929163e+07
5.928181e+07
5.927168e+07
5.926125e+07
5.925048e+07
5.923939e+07
5.922795e+07
5.921615e+07
5.920399e+07
5.919145e+07
5.917853e+07
5.916520e+07
5.915145e+07
5.913728e+07
5.912266e+07
5.910759e+07
5.909206e+07
5.907603e+07
5.905951e+07
5.904248e+07
5.902491e+07
5.900679e+07
5.898811e+07
5.896884e+07
5.894898e+07
5.892849e+07
5.890736e+07
5.888557e+07
5.886310e+07
5.883992e+07
5.881602e+07
5.879137e+07
5.876594e+07
5.873972e+07
5.871268e+07
5.868478e+07
5.865601e+07
5.862634e+07
5.859573e+07
5.856416e+07
5.853159e+07
5.849800e+07
5.846335e+07
5.842760e+07
5.839073e+07
5.835269e+07
5.831345e+07
5.827297e+07
5.823120e+07
5.818811e+07
5.814366e+07
5.809780e+07
5.805047e+07
5.800165e+07
5.795127e+07
5.789929e+07
5.784565e+07
5.779030e+07
5.773319e+07
5.767425e+07
5.761342e+07
5.755064e+07
5.748586e+07
5.741899e+07
5.734997e+07
5.727874e+07
5.720521e+07
5.712930e+07
5.705095e+07
5.697006e+07
5.688656e+07
5.680034e+07
5.671132e+07
5.661941e+07
5.652451e+07
5.642650e+07
5.632529e+07
5.622077e+07
5.611282e+07
5.600132e+07
5.588614e+07
5.576716e+07
5.564425e+07
5.551726e+07
5.538605e+07
5.525047e+07
5.511036e+07
5.496556e+07
5.481589e+07
5.466119e+07
5.450127e+07
5.433593e+07
5.416497e+07
5.398818e+07
5.380535e+07
5.361625e+07
5.342062e+07
5.321824e+07
5.300882e+07
5.279210e+07
5.256780e+07
5.233560e+07
5.209519e+07
5.184625e+07
5.158841e+07
5.132131e+07
5.104457e+07
5.075777e+07
5.046049e+07
5.015227e+07
4.983263e+07
4.950105e+07
4.915701e+07
4.879992e+07
4.842917e+07
4.804412e+07
4.764408e+07
4.722830e+07
4.679599e+07
4.634631e+07
4.587834e+07
4.539110e+07
4.488353e+07
4.435448e+07
4.380270e+07
4.322683e+07
4.262539e+07
4.199674e+07
4.133909e+07
4.065045e+07
3.992861e+07
3.917110e+07
3.837515e+07
3.753761e+07
3.665491e+07
3.572292e+07
3.473686e+07
3.369114e+07
3.257911e+07
3.139277e+07
3.012234e+07
2.875561e+07
2.727702e+07
2.566609e+07
2.389499e+07
2.192409e+07
1.969353e+07
1.710567e+07
1.398393e+07
9.964570e+06
0.000000e+00
0.000000e+00
0.000000e+00
0.000000e+00
0.000000e+00
0.000000e+00
0.000000e+00
0.000000e+00
0.000000e+00
0.000000e+00
0.000000e+00
0.000000e+00
0.000000e+00
0.000000e+00
0.000000e+00
0.000000e+00
0.000000e+00
0.000000e+00
0.000000e+00
0.000000e+00
0.000000e+00
0.000000e+00
0.000000e+00
0.000000e+00
0.000000e+00
0.000000e+00
0.000000e+00
0.000000e+00
0.000000e+00
0.000000e+00
0.000000e+00
0.000000e+00
0.000000e+00
0.000000e+00
0.000000e+00
0.000000e+00
0.000000e+00
0.000000e+00
0.000000e+00
0.000000e+00
0.000000e+00
0.000000e+00
0.000000e+00
0.000000e+00
0.000000e+00
0.000000e+00
0.000000e+00
0.000000e+00
0.000000e+00
0.000000e+00
0.000000e+00
0.000000e+00
0.000000e+00
0.000000e+00
0.000000e+00
0.000000e+00
0.000000e+00
0.000000e+00
0.000000e+00
0.000000e+00
0.000000e+00
0.000000e+00
0.000000e+00
0.000000e+00
0.000000e+00
0.000000e+00
0.000000e+00
0.000000e+00
0.000000e+00
0.000000e+00
0.000000e+00
0.000000e+00
0.000000e+00
0.000000e+00
0.000000e+00
0.000000e+00
0.000000e+00
0.000000e+00
0.000000e+00
0.000000e+00
0.000000e+00
0.000000e+00
0.000000e+00
0.000000e+00
0.000000e+00
0.000000e+00
0.000000e+00
0.000000e+00
0.000000e+00
0.000000e+00
0.000000e+00
0.000000e+00
0.000000e+00
0.000000e+00
0.000000e+00
0.000000e+00
0.000000e+00
0.000000e+00
0.000000e+00
0.000000e+00
0.000000e+00
0.000000e+00
0.000000e+00
0.000000e+00
0.000000e+00
0.000000e+00
0.000000e+00
0.000000e+00
0.000000e+00
0.000000e+00
0.000000e+00
0.000000e+00
0.000000e+00
0.000000e+00
0.000000e+00
0.000000e+00
0.000000e+00
0.000000e+00
0.000000e+00
0.000000e+00
0.000000e+00
0.000000e+00
0.000000e+00
0.000000e+00
0.000000e+00
0.000000e+00
0.000000e+00
0.000000e+00
0.000000e+00
0.000000e+00
0.000000e+00
0.000000e+00
0.000000e+00
0.000000e+00
0.000000e+00
0.000000e+00
0.000000e+00
0.000000e+00
0.000000e+00
0.000000e+00
0.000000e+00
0.000000e+00
0.000000e+00
0.000000e+00
0.000000e+00
0.000000e+00
0.000000e+00
0.000000e+00
0.000000e+00
0.000000e+00
0.000000e+00
0.000000e+00
0.000000e+00
0.000000e+00
0.000000e+00
0.000000e+00
0.000000e+00
0.000000e+00
0.000000e+00
0.000000e+00
0.000000e+00
0.000000e+00
0.000000e+00
0.000000e+00
0.000000e+00
0.000000e+00
0.000000e+00
0.000000e+00
0.000000e+00
0.000000e+00
0.000000e+00
0.000000e+00
0.000000e+00
0.000000e+00
0.000000e+00
0.000000e+00
0.000000e+00
0.000000e+00
0.000000e+00
0.000000e+00
0.000000e+00
0.000000e+00
0.000000e+00
0.000000e+00
0.000000e+00
0.000000e+00
0.000000e+00
0.000000e+00
0.000000e+00
0.000000e+00
0.000000e+00
0.000000e+00
0.000000e+00
0.000000e+00
0.000000e+00
0.000000e+00
0.000000e+00
0.000000e+00
0.000000e+00
0.000000e+00
0.000000e+00
0.000000e+00
0.000000e+00
0.000000e+00
0.000000e+00
0.000000e+00
0.000000e+00
0.000000e+00
0.000000e+00
0.000000e+00
0.000000e+00
0.000000e+00
0.000000e+00
0.000000e+00
0.000000e+00
0.000000e+00
0.000000e+00
0.000000e+00
0.000000e+00
0.000000e+00
0.000000e+00
0.000000e+00
0.000000e+00
0.000000e+00
0.000000e+00
0.000000e+00
0.000000e+00
0.000000e+00
0.000000e+00
0.000000e+00
0.000000e+00
0.000000e+00
0.000000e+00
0.000000e+00
0.000000e+00
0.000000e+00
0.000000e+00
0.000000e+00
0.000000e+00
0.000000e+00
0.000000e+00
0.000000e+00
0.000000e+00
0.000000e+00
0.000000e+00
0.000000e+00
0.000000e+00
0.000000e+00
0.000000e+00
0.000000e+00
0.000000e+00
0.000000e+00
0.000000e+00
0.000000e+00
0.000000e+00
0.000000e+00
0.000000e+00
0.000000e+00
0.000000e+00
0.000000e+00
0.000000e+00
0.000000e+00
0.000000e+00
0.000000e+00
0.000000e+00
0.000000e+00
0.000000e+00
0.000000e+00
0.000000e+00
0.000000e+00
0.000000e+00
0.000000e+00
0.000000e+00
0.000000e+00
0.000000e+00
0.000000e+00
0.000000e+00
0.000000e+00
0.000000e+00
0.000000e+00
0.000000e+00
0.000000e+00
0.000000e+00
0.000000e+00
0.000000e+00
0.000000e+00
0.000000e+00
0.000000e+00
0.000000e+00
0.000000e+00
0.000000e+00
0.000000e+00
0.000000e+00
0.000000e+00
0.000000e+00
0.000000e+00
0.000000e+00
0.000000e+00
0.000000e+00
0.000000e+00
0.000000e+00
0.000000e+00
0.000000e+00
0.000000e+00
0.000000e+00
0.000000e+00
0.000000e+00
0.000000e+00
0.000000e+00
0.000000e+00
0.000000e+00
0.000000e+00
0.000000e+00
0.000000e+00
0.000000e+00
0.000000e+00
0.000000e+00
0.000000e+00
0.000000e+00
0.000000e+00
0.000000e+00
0.000000e+00
0.000000e+00
0.000000e+00
0.000000e+00
0.000000e+00
0.000000e+00
0.000000e+00
0.000000e+00
0.000000e+00
0.000000e+00
0.000000e+00
0.000000e+00
0.000000e+00
0.000000e+00
0.000000e+00
0.000000e+00
0.000000e+00
0.000000e+00
0.000000e+00
0.000000e+00
0.000000e+00
0.000000e+00
0.000000e+00
0.000000e+00
0.000000e+00
0.000000e+00
0.000000e+00
0.000000e+00
0.000000e+00
0.000000e+00
0.000000e+00
0.000000e+00
0.000000e+00
0.000000e+00
0.000000e+00
0.000000e+00
0.000000e+00
0.000000e+00
0.000000e+00
0.000000e+00
0.000000e+00
0.000000e+00
0.000000e+00
0.000000e+00
0.000000e+00
0.000000e+00
0.000000e+00
0.000000e+00
0.000000e+00
0.000000e+00
0.000000e+00
0.000000e+00
0.000000e+00
0.000000e+00
0.000000e+00
0.000000e+00
0.000000e+00
0.000000e+00
0.000000e+00
0.000000e+00
0.000000e+00
0.000000e+00
0.000000e+00
0.000000e+00
0.000000e+00
0.000000e+00
0.000000e+00
0.000000e+00
0.000000e+00
0.000000e+00
0.000000e+00
0.000000e+00
0.000000e+00
0.000000e+00
0.000000e+00
0.000000e+00
0.000000e+00
0.000000e+00
0.000000e+00
0.000000e+00
0.000000e+00
0.000000e+00
0.000000e+00
0.000000e+00
0.000000e+00
0.000000e+00
0.000000e+00
0.000000e+00
0.000000e+00
0.000000e+00
0.000000e+00
0.000000e+00
0.000000e+00
0.000000e+00
0.000000e+00
0.000000e+00
0.000000e+00
0.000000e+00
0.000000e+00
0.000000e+00
0.000000e+00
0.000000e+00
0.000000e+00
0.000000e+00
0.000000e+00
0.000000e+00
0.000000e+00
0.000000e+00
0.000000e+00
0.000000e+00
0.000000e+00
0.000000e+00
0.000000e+00
0.000000e+00
0.000000e+00
0.000000e+00
0.000000e+00
0.000000e+00
0.000000e+00
0.000000e+00
0.000000e+00
0.000000e+00
0.000000e+00
0.000000e+00
0.000000e+00
0.000000e+00
0.000000e+00
0.000000e+00
0.000000e+00
0.000000e+00
0.000000e+00
0.000000e+00
0.000000e+00
0.000000e+00
0.000000e+00
0.000000e+00
0.000000e+00
0.000000e+00
0.000000e+00
0.000000e+00
0.000000e+00
0.000000e+00
0.000000e+00
0.000000e+00
0.000000e+00
0.000000e+00
0.000000e+00
0.000000e+00
0.000000e+00
0.000000e+00
0.000000e+00
0.000000e+00
0.000000e+00
0.000000e+00
0.000000e+00
0.000000e+00
0.000000e+00
0.000000e+00
0.000000e+00
0.000000e+00
0.000000e+00
0.000000e+00
0.000000e+00
0.000000e+00
0.000000e+00
0.000000e+00
0.000000e+00
0.000000e+00
0.000000e+00
0.000000e+00
0.000000e+00
0.000000e+00
0.000000e+00
0.000000e+00
0.000000e+00
0.000000e+00
0.000000e+00
0.000000e+00
0.000000e+00
0.000000e+00
0.000000e+00
0.000000e+00
0.000000e+00
0.000000e+00
0.000000e+00
0.000000e+00
0.000000e+00
0.000000e+00
0.000000e+00
0.000000e+00
0.000000e+00
0.000000e+00
0.000000e+00
0.000000e+00
0.000000e+00
0.000000e+00
0.000000e+00
0.000000e+00
0.000000e+00
0.000000e+00
0.000000e+00
0.000000e+00
0.000000e+00
0.000000e+00
0.000000e+00
0.000000e+00
0.000000e+00
0.000000e+00
0.000000e+00
0.000000e+00
0.000000e+00
0.000000e+00
0.000000e+00
0.000000e+00
0.000000e+00
0.000000e+00
0.000000e+00
0.000000e+00
0.000000e+00
0.000000e+00
0.000000e+00
0.000000e+00
0.000000e+00
0.000000e+00
0.000000e+00
0.000000e+00
0.000000e+00
0.000000e+00
0.000000e+00
0.000000e+00
0.000000e+00
0.000000e+00
0.000000e+00
0.000000e+00
0.000000e+00
0.000000e+00
0.000000e+00
0.000000e+00
0.000000e+00
0.000000e+00
0.000000e+00
0.000000e+00
0.000000e+00
0.000000e+00
0.000000e+00
0.000000e+00
0.000000e+00
0.000000e+00
0.000000e+00
0.000000e+00
0.000000e+00
0.000000e+00
0.000000e+00
0.000000e+00
0.000000e+00
0.000000e+00
0.000000e+00
0.000000e+00
0.000000e+00
0.000000e+00
0.000000e+00
0.000000e+00
0.000000e+00
0.000000e+00
0.000000e+00
0.000000e+00
0.000000e+00
0.000000e+00
0.000000e+00
0.000000e+00
0.000000e+00
0.000000e+00
0.000000e+00
0.000000e+00
0.000000e+00
0.000000e+00
0.000000e+00
0.000000e+00
0.000000e+00
0.000000e+00
0.000000e+00
0.000000e+00
0.000000e+00
0.000000e+00
0.000000e+00
0.000000e+00
0.000000e+00
0.000000e+00
0.000000e+00
0.000000e+00
0.000000e+00
0.000000e+00
0.000000e+00
0.000000e+00
0.000000e+00
0.000000e+00
0.000000e+00
0.000000e+00
0.000000e+00
0.000000e+00
0.000000e+00
0.000000e+00
0.000000e+00
0.000000e+00
0.000000e+00
0.000000e+00
0.000000e+00
0.000000e+00
0.000000e+00
0.000000e+00
0.000000e+00
0.000000e+00
0.000000e+00
0.000000e+00
0.000000e+00
0.000000e+00
0.000000e+00
0.000000e+00
0.000000e+00
0.000000e+00
0.000000e+00
0.000000e+00
0.000000e+00
0.000000e+00
0.000000e+00
0.000000e+00
0.000000e+00
0.000000e+00
0.000000e+00
0.000000e+00
0.000000e+00
0.000000e+00
0.000000e+00
0.000000e+00
0.000000e+00
0.000000e+00
0.000000e+00
0.000000e+00
0.000000e+00
0.000000e+00
0.000000e+00
0.000000e+00
0.000000e+00
0.000000e+00
0.000000e+00
0.000000e+00
0.000000e+00
0.000000e+00
0.000000e+00
0.000000e+00
0.000000e+00
0.000000e+00
0.000000e+00
0.000000e+00
0.000000e+00
0.000000e+00
0.000000e+00
0.000000e+00
0.000000e+00
0.000000e+00
0.000000e+00
0.000000e+00
0.000000e+00
0.000000e+00
0.000000e+00
0.000000e+00
0.000000e+00
0.000000e+00
0.000000e+00
0.000000e+00
0.000000e+00
0.000000e+00
0.000000e+00
0.000000e+00
0.000000e+00
0.000000e+00
0.000000e+00
0.000000e+00
0.000000e+00
0.000000e+00
0.000000e+00
0.000000e+00
0.000000e+00
0.000000e+00
0.000000e+00
0.000000e+00
0.000000e+00
0.000000e+00
0.000000e+00
0.000000e+00
0.000000e+00
0.000000e+00
0.000000e+00
0.000000e+00
0.000000e+00
0.000000e+00
0.000000e+00
0.000000e+00
0.000000e+00
0.000000e+00
0.000000e+00
0.000000e+00
0.000000e+00
0.000000e+00
0.000000e+00
0.000000e+00
0.000000e+00
0.000000e+00
0.000000e+00
0.000000e+00
0.000000e+00
0.000000e+00
0.000000e+00
0.000000e+00
0.000000e+00
0.000000e+00
0.000000e+00
0.000000e+00
0.000000e+00
0.000000e+00
0.000000e+00
0.000000e+00
0.000000e+00
0.000000e+00
0.000000e+00
0.000000e+00
0.000000e+00
0.000000e+00
0.000000e+00
0.000000e+00
0.000000e+00
0.000000e+00
0.000000e+00
0.000000e+00
0.000000e+00
0.000000e+00
0.000000e+00
0.000000e+00
0.000000e+00
0.000000e+00
0.000000e+00
0.000000e+00
0.000000e+00
0.000000e+00
0.000000e+00
0.000000e+00
0.000000e+00
0.000000e+00
0.000000e+00
0.000000e+00
0.000000e+00
0.000000e+00
0.000000e+00
0.000000e+00
0.000000e+00
0.000000e+00
0.000000e+00
0.000000e+00
0.000000e+00
0.000000e+00
0.000000e+00
0.000000e+00
0.000000e+00
0.000000e+00
0.000000e+00
0.000000e+00
0.000000e+00
0.000000e+00
0.000000e+00
0.000000e+00
0.000000e+00
0.000000e+00
0.000000e+00
0.000000e+00
0.000000e+00
0.000000e+00
0.000000e+00
0.000000e+00
0.000000e+00
0.000000e+00
0.000000e+00
0.000000e+00
0.000000e+00
0.000000e+00
0.000000e+00
0.000000e+00
0.000000e+00
0.000000e+00
0.000000e+00
0.000000e+00
0.000000e+00
0.000000e+00
0.000000e+00
0.000000e+00
0.000000e+00
0.000000e+00
0.000000e+00
0.000000e+00
0.000000e+00
0.000000e+00
0.000000e+00
0.000000e+00
0.000000e+00
0.000000e+00
0.000000e+00
0.000000e+00
0.000000e+00
0.000000e+00
0.000000e+00
0.000000e+00
0.000000e+00
0.000000e+00
0.000000e+00
0.000000e+00
0.000000e+00
0.000000e+00
0.000000e+00
0.000000e+00
0.000000e+00
0.000000e+00
0.000000e+00
0.000000e+00
0.000000e+00
0.000000e+00
0.000000e+00
0.000000e+00
0.000000e+00
0.000000e+00
0.000000e+00
0.000000e+00
0.000000e+00
0.000000e+00
0.000000e+00
0.000000e+00
0.000000e+00
0.000000e+00
0.000000e+00
0.000000e+00
0.000000e+00
0.000000e+00
0.000000e+00
0.000000e+00
0.000000e+00
0.000000e+00
0.000000e+00
0.000000e+00
0.000000e+00
0.000000e+00
0.000000e+00
0.000000e+00
0.000000e+00
0.000000e+00
0.000000e+00
0.000000e+00
0.000000e+00
0.000000e+00
0.000000e+00
0.000000e+00
0.000000e+00
0.000000e+00
0.000000e+00
0.000000e+00
0.000000e+00
0.000000e+00
0.000000e+00
0.000000e+00
0.000000e+00
0.000000e+00
0.000000e+00
0.000000e+00
0.000000e+00
0.000000e+00
0.000000e+00
0.000000e+00
0.000000e+00
0.000000e+00
0.000000e+00
0.000000e+00
0.000000e+00
0.000000e+00
0.000000e+00
0.000000e+00
0.000000e+00
0.000000e+00
0.000000e+00
0.000000e+00
0.000000e+00
0.000000e+00
0.000000e+00
0.000000e+00
0.000000e+00
0.000000e+00
0.000000e+00
0.000000e+00
0.000000e+00
0.000000e+00
0.000000e+00
0.000000e+00
0.000000e+00
0.000000e+00
0.000000e+00
0.000000e+00
0.000000e+00
0.000000e+00
0.000000e+00
0.000000e+00
0.000000e+00
0.000000e+00
0.000000e+00
0.000000e+00
0.000000e+00
0.000000e+00
0.000000e+00
0.000000e+00
0.000000e+00
0.000000e+00
0.000000e+00
0.000000e+00
0.000000e+00
0.000000e+00
0.000000e+00
0.000000e+00
0.000000e+00
0.000000e+00
0.000000e+00
0.000000e+00
0.000000e+00
0.000000e+00
0.000000e+00
0.000000e+00
0.000000e+00
0.000000e+00
0.000000e+00
0.000000e+00
0.000000e+00
0.000000e+00
0.000000e+00
0.000000e+00
0.000000e+00
0.000000e+00
0.000000e+00
0.000000e+00
0.000000e+00
0.000000e+00
0.000000e+00
0.000000e+00
0.000000e+00
0.000000e+00
0.000000e+00
0.000000e+00
0.000000e+00
0.000000e+00
0.000000e+00
0.000000e+00
0.000000e+00
0.000000e+00
0.000000e+00
0.000000e+00
0.000000e+00
0.000000e+00
0.000000e+00
0.000000e+00
0.000000e+00
0.000000e+00
0.000000e+00
0.000000e+00
0.000000e+00
0.000000e+00
0.000000e+00
0.000000e+00
0.000000e+00
0.000000e+00
0.000000e+00
0.000000e+00
0.000000e+00
0.000000e+00
0.000000e+00
0.000000e+00
0.000000e+00
0.000000e+00
0.000000e+00
0.000000e+00
0.000000e+00
0.000000e+00
0.000000e+00
0.000000e+00
0.000000e+00
0.000000e+00
0.000000e+00
0.000000e+00
0.000000e+00
0.000000e+00
0.000000e+00
0.000000e+00
0.000000e+00
0.000000e+00
0.000000e+00
0.000000e+00
0.000000e+00
0.000000e+00
0.000000e+00
0.000000e+00
0.000000e+00
0.000000e+00
0.000000e+00
0.000000e+00
0.000000e+00
0.000000e+00
0.000000e+00
0.000000e+00
0.000000e+00
0.000000e+00
0.000000e+00
0.000000e+00
0.000000e+00
0.000000e+00
0.000000e+00
0.000000e+00
0.000000e+00
0.000000e+00
0.000000e+00
0.000000e+00
0.000000e+00
0.000000e+00
0.000000e+00
0.000000e+00
0.000000e+00
0.000000e+00
0.000000e+00
0.000000e+00
0.000000e+00
0.000000e+00
0.000000e+00
0.000000e+00
0.000000e+00
0.000000e+00
0.000000e+00
0.000000e+00
0.000000e+00
0.000000e+00
0.000000e+00
0.000000e+00
0.000000e+00
0.000000e+00
0.000000e+00
0.000000e+00
0.000000e+00
0.000000e+00
0.000000e+00
0.000000e+00
0.000000e+00
0.000000e+00
0.000000e+00
0.000000e+00
0.000000e+00
0.000000e+00
0.000000e+00
0.000000e+00
0.000000e+00
0.000000e+00
0.000000e+00
0.000000e+00
0.000000e+00
0.000000e+00
0.000000e+00
0.000000e+00
0.000000e+00
0.000000e+00
0.000000e+00
0.000000e+00
0.000000e+00
0.000000e+00
0.000000e+00
0.000000e+00
0.000000e+00
0.000000e+00
0.000000e+00
0.000000e+00
0.000000e+00
0.000000e+00
0.000000e+00
0.000000e+00
