5.948629e+07
5.948552e+07
5.948535e+07
5.948526e+07
5.948519e+07
5.948514e+07
5.948510e+07
5.948506e+07
5.948503e+07
5.948501e+07
5.948498e+07
5.948496e+07
5.948494e+07
5.948492e+07
5.948491e+07
5.948489e+07
5.948487e+07
5.948486e+07
5.948485e+07
5.948483e+07
5.948482e+07
5.948481e+07
5.948480e+07
5.948479e+07
5.948478e+07
5.948477e+07
5.948476e+07
5.948475e+07
5.948474e+07
5.948473e+07
5.948472e+07
5.948471e+07
5.948470e+07
5.948469e+07
5.948469e+07
5.948468e+07
5.948467e+07
5.948466e+07
5.948465e+07
5.948465e+07
5.948464e+07
5.948463e+07
5.948462e+07
5.948461e+07
5.948461e+07
5.948460e+07
5.948459e+07
5.948459e+07
5.948458e+07
5.948457e+07
5.948456e+07
5.948456e+07
5.948455e+07
5.948454e+07
5.948453e+07
5.948453e+07
5.948452e+07
5.948451e+07
5.948451e+07
5.948450e+07
5.948449e+07
5.948449e+07
5.948448e+07
5.948447e+07
5.948446e+07
5.948446e+07
5.948445e+07
5.948444e+07
5.948444e+07
5.948443e+07
5.948442e+07
5.948442e+07
5.948441e+07
5.948440e+07
5.948439e+07
5.948439e+07
5.948438e+07
5.948437e+07
5.948436e+07
5.948436e+07
5.948435e+07
5.948434e+07
5.948434e+07
5.948433e+07
5.948432e+07
5.948431e+07
5.948431e+07
5.948430e+07
5.948429e+07
5.948428e+07
5.948428e+07
5.948427e+07
5.948426e+07
5.948425e+07
5.948424e+07
5.948424e+07
5.948423e+07
5.948422e+07
5.948421e+07
5.948420e+07
5.948420e+07
5.948419e+07
5.948418e+07
5.948417e+07
5.948416e+07
5.948416e+07
5.948415e+07
5.948414e+07
5.948413e+07
5.948412e+07
5.948411e+07
5.948411e+07
5.948410e+07
5.948409e+07
5.948408e+07
5.948407e+07
5.948406e+07
5.948405e+07
5.948404e+07
5.948403e+07
5.948403e+07
5.948402e+07
5.948401e+07
5.948400e+07
5.948399e+07
5.948398e+07
5.948397e+07
5.948396e+07
5.948395e+07
5.948394e+07
5.948393e+07
5.948392e+07
5.948391e+07
5.948390e+07
5.948389e+07
5.948388e+07
5.948387e+07
5.948386e+07
5.948385e+07
5.948384e+07
5.948383e+07
5.948382e+07
5.948381e+07
5.948380e+07
5.948379e+07
5.948378e+07
5.948377e+07
5.948376e+07
5.948375e+07
5.948374e+07
5.948373e+07
5.948372e+07
5.948371e+07
5.948369e+07
5.948368e+07
5.948367e+07
5.948366e+07
5.948365e+07
5.948364e+07
5.948363e+07
5.948361e+07
5.948360e+07
5.948359e+07
5.948358e+07
5.948357e+07
5.948356e+07
5.948354e+07
5.948353e+07
5.948352e+07
5.948351e+07
5.948349e+07
5.948348e+07
5.948347e+07
5.948346e+07
5.948344e+07
5.948343e+07
5.948342e+07
5.948341e+07
5.948339e+07
5.948338e+07
5.948337e+07
5.948335e+07
5.948334e+07
5.948333e+07
5.948331e+07
5.948330e+07
5.948329e+07
5.948327e+07
5.948326e+07
5.948324e+07
5.948323e+07
5.948322e+07
5.948320e+07
5.948319e+07
5.948317e+07
5.948316e+07
5.948314e+07
5.948313e+07
5.948311e+07
5.948310e+07
5.948308e+07
5.948307e+07
5.948305e+07
5.948304e+07
5.948302e+07
5.948301e+07
5.948299e+07
5.948298e+07
5.948296e+07
5.948295e+07
5.948293e+07
5.948291e+07
5.948290e+07
5.948288e+07
5.948287e+07
5.948285e+07
5.948283e+07
5.948282e+07
5.948280e+07
5.948278e+07
5.948276e+07
5.948275e+07
5.948273e+07
5.948271e+07
5.948270e+07
5.948268e+07
5.948266e+07
5.948264e+07
5.948263e+07
5.948261e+07
5.948259e+07
5.948257e+07
5.948255e+07
5.948253e+07
5.948252e+07
5.948250e+07
5.948248e+07
5.948246e+07
5.948244e+07
5.948242e+07
5.948240e+07
5.948238e+07
5.948236e+07
5.948234e+07
5.948232e+07
5.948230e+07
5.948228e+07
5.948226e+07
5.948224e+07
5.948222e+07
5.948220e+07
5.948218e+07
5.948216e+07
5.948214e+07
5.948212e+07
5.948210e+07
5.948207e+07
5.948205e+07
5.948203e+07
5.948201e+07
5.948199e+07
5.948196e+07
5.948194e+07
5.948192e+07
5.948190e+07
5.948187e+07
5.948185e+07
5.948183e+07
5.948180e+07
5.948178e+07
5.948176e+07
5.948173e+07
5.948171e+07
5.948168e+07
5.948166e+07
5.948163e+07
5.948161e+07
5.948158e+07
5.948156e+07
5.948153e+07
5.948151e+07
5.948148e+07
5.948146e+07
5.948143e+07
5.948140e+07
5.948138e+07
5.948135e+07
5.948132e+07
5.948130e+07
5.948127e+07
5.948124e+07
5.948121e+07
5.948118e+07
5.948116e+07
5.948113e+07
5.948110e+07
5.948107e+07
5.948104e+07
5.948101e+07
5.948098e+07
5.948095e+07
5.948092e+07
5.948089e+07
5.948086e+07
5.948083e+07
5.948080e+07
5.948076e+07
5.948073e+07
5.948070e+07
5.948067e+07
5.948063e+07
5.948060e+07
5.948057e+07
5.948053e+07
5.948050e+07
5.948046e+07
5.948043e+07
5.948039e+07
5.948036e+07
5.948032e+07
5.948028e+07
5.948024e+07
5.948021e+07
5.948017e+07
5.948013e+07
5.948009e+07
5.948005e+07
5.948001e+07
5.947997e+07
5.947993e+07
5.947989e+07
5.947985e+07
5.947981e+07
5.947977e+07
5.947972e+07
5.947968e+07
5.947963e+07
5.947959e+07
5.947954e+07
5.947950e+07
5.947945e+07
5.947940e+07
5.947936e+07
5.947931e+07
5.947926e+07
5.947921e+07
5.947916e+07
5.947911e+07
5.947905e+07
5.947900e+07
5.947895e+07
5.947889e+07
5.947884e+07
5.947878e+07
5.947873e+07
5.947867e+07
5.947861e+07
5.947855e+07
5.947849e+07
5.947843e+07
5.947836e+07
5.947830e+07
5.947824e+07
5.947817e+07
5.947810e+07
5.947803e+07
5.947797e+07
5.947790e+07
5.947782e+07
5.947775e+07
5.947768e+07
5.947760e+07
5.947752e+07
5.947744e+07
5.947736e+07
5.947728e+07
5.947720e+07
5.947712e+07
5.947703e+07
5.947694e+07
5.947685e+07
5.947676e+07
5.947667e+07
5.947657e+07
5.947647e+07
5.947638e+07
5.947627e+07
5.947617e+07
5.947607e+07
5.947596e+07
5.947585e+07
5.947574e+07
5.947562e+07
5.947550e+07
5.947538e+07
5.947526e+07
5.947514e+07
5.947501e+07
5.947488e+07
5.947474e+07
5.947460e+07
5.947446e+07
5.947432e+07
5.947417e+07
5.947402e+07
5.947387e+07
5.947371e+07
5.947355e+07
5.947339e+07
5.947322e+07
5.947304e+07
5.947287e+07
5.947268e+07
5.947250e+07
5.947231e+07
5.947211e+07
5.947191e+07
5.947171e+07
5.947149e+07
5.947128e+07
5.947106e+07
5.947083e+07
5.947060e+07
5.947036e+07
5.947011e+07
5.946986e+07
5.946960e+07
5.946934e+07
5.946906e+07
5.946878e+07
5.946850e+07
5.946820e+07
5.946790e+07
5.946759e+07
5.946727e+07
5.946694e+07
5.946661e+07
5.946626e+07
5.946591e+07
5.946554e+07
5.946517e+07
5.946478e+07
5.946439e+07
5.946398e+07
5.946356e+07
5.946313e+07
5.946269e+07
5.946224e+07
5.946177e+07
5.946129e+07
5.946080e+07
5.946029e+07
5.945977e+07
5.945923e+07
5.945868e+07
5.945811e+07
5.945753e+07
5.945693e+07
5.945631e+07
5.945568e+07
5.945502e+07
5.945435e+07
5.945366e+07
5.945295e+07
5.945221e+07
5.945146e+07
5.945069e+07
5.944989e+07
5.944907e+07
5.944822e+07
5.944735e+07
5.944645e+07
5.944553e+07
5.944458e+07
5.944360e+07
5.944260e+07
5.944156e+07
5.944050e+07
5.943940e+07
5.943827e+07
5.943710e+07
5.943590e+07
5.943467e+07
5.943340e+07
5.943209e+07
5.943074e+07
5.942935e+07
5.942792e+07
5.942645e+07
5.942493e+07
5.942337e+07
5.942176e+07
5.942010e+07
5.941840e+07
5.941664e+07
5.941483e+07
5.941296e+07
5.941104e+07
5.940906e+07
5.940702e+07
5.940491e+07
5.940275e+07
5.940052e+07
5.939822e+07
5.939585e+07
5.939341e+07
5.939089e+07
5.938830e+07
5.938563e+07
5.938288e+07
5.938005e+07
5.937713e+07
5.937411e+07
5.937101e+07
5.936782e+07
5.936452e+07
5.936113e+07
5.935763e+07
5.935402e+07
5.935031e+07
5.934648e+07
5.934253e+07
5.933846e+07
5.933427e+07
5.932995e+07
5.932550e+07
5.932091e+07
5.931618e+07
5.931130e+07
5.930628e+07
5.930110e+07
5.929576e+07
5.929025e+07
5.928458e+07
5.927873e+07
5.927270e+07
5.926649e+07
5.926008e+07
5.925348e+07
5.924668e+07
5.923966e+07
5.923243e+07
5.922497e+07
5.921728e+07
5.920936e+07
5.920119e+07
5.919277e+07
5.918408e+07
5.917513e+07
5.916591e+07
5.915639e+07
5.914658e+07
5.913647e+07
5.912604e+07
5.911529e+07
5.910421e+07
5.909278e+07
5.908100e+07
5.906885e+07
5.905633e+07
5.904342e+07
5.903010e+07
5.901637e+07
5.900221e+07
5.898761e+07
5.897256e+07
5.895704e+07
5.894104e+07
5.892453e+07
5.890751e+07
5.888997e+07
5.887187e+07
5.885321e+07
5.883396e+07
5.881412e+07
5.879365e+07
5.877254e+07
5.875078e+07
5.872833e+07
5.870518e+07
5.868130e+07
5.865668e+07
5.863128e+07
5.860509e+07
5.857807e+07
5.855021e+07
5.852147e+07
5.849183e+07
5.846125e+07
5.842971e+07
5.839718e+07
5.836362e+07
5.832901e+07
5.829330e+07
5.825647e+07
5.821847e+07
5.817927e+07
5.813883e+07
5.809711e+07
5.805407e+07
5.800966e+07
5.796385e+07
5.791658e+07
5.786780e+07
5.781748e+07
5.776555e+07
5.771197e+07
5.765668e+07
5.759963e+07
5.754075e+07
5.747999e+07
5.741728e+07
5.735256e+07
5.728577e+07
5.721683e+07
5.714567e+07
5.707222e+07
5.699640e+07
5.691813e+07
5.683733e+07
5.675392e+07
5.666780e+07
5.657888e+07
5.648707e+07
5.639227e+07
5.629438e+07
5.619328e+07
5.608888e+07
5.598105e+07
5.586967e+07
5.575463e+07
5.563579e+07
5.551301e+07
5.538617e+07
5.525512e+07
5.511969e+07
5.497975e+07
5.483512e+07
5.468564e+07
5.453112e+07
5.437139e+07
5.420625e+07
5.403551e+07
5.385894e+07
5.367634e+07
5.348747e+07
5.329210e+07
5.308997e+07
5.288082e+07
5.266439e+07
5.244038e+07
5.220849e+07
5.196841e+07
5.171980e+07
5.146231e+07
5.119558e+07
5.091923e+07
5.063284e+07
5.033598e+07
5.002821e+07
4.970903e+07
4.937795e+07
4.903442e+07
4.867788e+07
4.830770e+07
4.792326e+07
4.752385e+07
4.710874e+07
4.667714e+07
4.622820e+07
4.576102e+07
4.527461e+07
4.476792e+07
4.423980e+07
4.368900e+07
4.311418e+07
4.251385e+07
4.188638e+07
4.122998e+07
4.054268e+07
3.982227e+07
3.906630e+07
3.827198e+07
3.743619e+07
3.655537e+07
3.562540e+07
3.464153e+07
3.359817e+07
3.248870e+07
3.130515e+07
3.003776e+07
2.867438e+07
2.719948e+07
2.559267e+07
2.382619e+07
2.186053e+07
1.963605e+07
1.705538e+07
1.394251e+07
9.934827e+06
0.000000e+00
0.000000e+00
0.000000e+00
0.000000e+00
0.000000e+00
0.000000e+00
0.000000e+00
0.000000e+00
0.000000e+00
0.000000e+00
0.000000e+00
0.000000e+00
0.000000e+00
0.000000e+00
0.000000e+00
0.000000e+00
0.000000e+00
0.000000e+00
0.000000e+00
0.000000e+00
0.000000e+00
0.000000e+00
0.000000e+00
0.000000e+00
0.000000e+00
0.000000e+00
0.000000e+00
0.000000e+00
0.000000e+00
0.000000e+00
0.000000e+00
0.000000e+00
0.000000e+00
0.000000e+00
0.000000e+00
0.000000e+00
0.000000e+00
0.000000e+00
0.000000e+00
0.000000e+00
0.000000e+00
0.000000e+00
0.000000e+00
0.000000e+00
0.000000e+00
0.000000e+00
0.000000e+00
0.000000e+00
0.000000e+00
0.000000e+00
0.000000e+00
0.000000e+00
0.000000e+00
0.000000e+00
0.000000e+00
0.000000e+00
0.000000e+00
0.000000e+00
0.000000e+00
0.000000e+00
0.000000e+00
0.000000e+00
0.000000e+00
0.000000e+00
0.000000e+00
0.000000e+00
0.000000e+00
0.000000e+00
0.000000e+00
0.000000e+00
0.000000e+00
0.000000e+00
0.000000e+00
0.000000e+00
0.000000e+00
0.000000e+00
0.000000e+00
0.000000e+00
0.000000e+00
0.000000e+00
0.000000e+00
0.000000e+00
0.000000e+00
0.000000e+00
0.000000e+00
0.000000e+00
0.000000e+00
0.000000e+00
0.000000e+00
0.000000e+00
0.000000e+00
0.000000e+00
0.000000e+00
0.000000e+00
0.000000e+00
0.000000e+00
0.000000e+00
0.000000e+00
0.000000e+00
0.000000e+00
0.000000e+00
0.000000e+00
0.000000e+00
0.000000e+00
0.000000e+00
0.000000e+00
0.000000e+00
0.000000e+00
0.000000e+00
0.000000e+00
0.000000e+00
0.000000e+00
0.000000e+00
0.000000e+00
0.000000e+00
0.000000e+00
0.000000e+00
0.000000e+00
0.000000e+00
0.000000e+00
0.000000e+00
0.000000e+00
0.000000e+00
0.000000e+00
0.000000e+00
0.000000e+00
0.000000e+00
0.000000e+00
0.000000e+00
0.000000e+00
0.000000e+00
0.000000e+00
0.000000e+00
0.000000e+00
0.000000e+00
0.000000e+00
0.000000e+00
0.000000e+00
0.000000e+00
0.000000e+00
0.000000e+00
0.000000e+00
0.000000e+00
0.000000e+00
0.000000e+00
0.000000e+00
0.000000e+00
0.000000e+00
0.000000e+00
0.000000e+00
0.000000e+00
0.000000e+00
0.000000e+00
0.000000e+00
0.000000e+00
0.000000e+00
0.000000e+00
0.000000e+00
0.000000e+00
0.000000e+00
0.000000e+00
0.000000e+00
0.000000e+00
0.000000e+00
0.000000e+00
0.000000e+00
0.000000e+00
0.000000e+00
0.000000e+00
0.000000e+00
0.000000e+00
0.000000e+00
0.000000e+00
0.000000e+00
0.000000e+00
0.000000e+00
0.000000e+00
0.000000e+00
0.000000e+00
0.000000e+00
0.000000e+00
0.000000e+00
0.000000e+00
0.000000e+00
0.000000e+00
0.000000e+00
0.000000e+00
0.000000e+00
0.000000e+00
0.000000e+00
0.000000e+00
0.000000e+00
0.000000e+00
0.000000e+00
0.000000e+00
0.000000e+00
0.000000e+00
0.000000e+00
0.000000e+00
0.000000e+00
0.000000e+00
0.000000e+00
0.000000e+00
0.000000e+00
0.000000e+00
0.000000e+00
0.000000e+00
0.000000e+00
0.000000e+00
0.000000e+00
0.000000e+00
0.000000e+00
0.000000e+00
0.000000e+00
0.000000e+00
0.000000e+00
0.000000e+00
0.000000e+00
0.000000e+00
0.000000e+00
0.000000e+00
0.000000e+00
0.000000e+00
0.000000e+00
0.000000e+00
0.000000e+00
0.000000e+00
0.000000e+00
0.000000e+00
0.000000e+00
0.000000e+00
0.000000e+00
0.000000e+00
0.000000e+00
0.000000e+00
0.000000e+00
0.000000e+00
0.000000e+00
0.000000e+00
0.000000e+00
0.000000e+00
0.000000e+00
0.000000e+00
0.000000e+00
0.000000e+00
0.000000e+00
0.000000e+00
0.000000e+00
0.000000e+00
0.000000e+00
0.000000e+00
0.000000e+00
0.000000e+00
0.000000e+00
0.000000e+00
0.000000e+00
0.000000e+00
0.000000e+00
0.000000e+00
0.000000e+00
0.000000e+00
0.000000e+00
0.000000e+00
0.000000e+00
0.000000e+00
0.000000e+00
0.000000e+00
0.000000e+00
0.000000e+00
0.000000e+00
0.000000e+00
0.000000e+00
0.000000e+00
0.000000e+00
0.000000e+00
0.000000e+00
0.000000e+00
0.000000e+00
0.000000e+00
0.000000e+00
0.000000e+00
0.000000e+00
0.000000e+00
0.000000e+00
0.000000e+00
0.000000e+00
0.000000e+00
0.000000e+00
0.000000e+00
0.000000e+00
0.000000e+00
0.000000e+00
0.000000e+00
0.000000e+00
0.000000e+00
0.000000e+00
0.000000e+00
0.000000e+00
0.000000e+00
0.000000e+00
0.000000e+00
0.000000e+00
0.000000e+00
0.000000e+00
0.000000e+00
0.000000e+00
0.000000e+00
0.000000e+00
0.000000e+00
0.000000e+00
0.000000e+00
0.000000e+00
0.000000e+00
0.000000e+00
0.000000e+00
0.000000e+00
0.000000e+00
0.000000e+00
0.000000e+00
0.000000e+00
0.000000e+00
0.000000e+00
0.000000e+00
0.000000e+00
0.000000e+00
0.000000e+00
0.000000e+00
0.000000e+00
0.000000e+00
0.000000e+00
0.000000e+00
0.000000e+00
0.000000e+00
0.000000e+00
0.000000e+00
0.000000e+00
0.000000e+00
0.000000e+00
0.000000e+00
0.000000e+00
0.000000e+00
0.000000e+00
0.000000e+00
0.000000e+00
0.000000e+00
0.000000e+00
0.000000e+00
0.000000e+00
0.000000e+00
0.000000e+00
0.000000e+00
0.000000e+00
0.000000e+00
0.000000e+00
0.000000e+00
0.000000e+00
0.000000e+00
0.000000e+00
0.000000e+00
0.000000e+00
0.000000e+00
0.000000e+00
0.000000e+00
0.000000e+00
0.000000e+00
0.000000e+00
0.000000e+00
0.000000e+00
0.000000e+00
0.000000e+00
0.000000e+00
0.000000e+00
0.000000e+00
0.000000e+00
0.000000e+00
0.000000e+00
0.000000e+00
0.000000e+00
0.000000e+00
0.000000e+00
0.000000e+00
0.000000e+00
0.000000e+00
0.000000e+00
0.000000e+00
0.000000e+00
0.000000e+00
0.000000e+00
0.000000e+00
0.000000e+00
0.000000e+00
0.000000e+00
0.000000e+00
0.000000e+00
0.000000e+00
0.000000e+00
0.000000e+00
0.000000e+00
0.000000e+00
0.000000e+00
0.000000e+00
0.000000e+00
0.000000e+00
0.000000e+00
0.000000e+00
0.000000e+00
0.000000e+00
0.000000e+00
0.000000e+00
0.000000e+00
0.000000e+00
0.000000e+00
0.000000e+00
0.000000e+00
0.000000e+00
0.000000e+00
0.000000e+00
0.000000e+00
0.000000e+00
0.000000e+00
0.000000e+00
0.000000e+00
0.000000e+00
0.000000e+00
0.000000e+00
0.000000e+00
0.000000e+00
0.000000e+00
0.000000e+00
0.000000e+00
0.000000e+00
0.000000e+00
0.000000e+00
0.000000e+00
0.000000e+00
0.000000e+00
0.000000e+00
0.000000e+00
0.000000e+00
0.000000e+00
0.000000e+00
0.000000e+00
0.000000e+00
0.000000e+00
0.000000e+00
0.000000e+00
0.000000e+00
0.000000e+00
0.000000e+00
0.000000e+00
0.000000e+00
0.000000e+00
0.000000e+00
0.000000e+00
0.000000e+00
0.000000e+00
0.000000e+00
0.000000e+00
0.000000e+00
0.000000e+00
0.000000e+00
0.000000e+00
0.000000e+00
0.000000e+00
0.000000e+00
0.000000e+00
0.000000e+00
0.000000e+00
0.000000e+00
0.000000e+00
0.000000e+00
0.000000e+00
0.000000e+00
0.000000e+00
0.000000e+00
0.000000e+00
0.000000e+00
0.000000e+00
0.000000e+00
0.000000e+00
0.000000e+00
0.000000e+00
0.000000e+00
0.000000e+00
0.000000e+00
0.000000e+00
0.000000e+00
0.000000e+00
0.000000e+00
0.000000e+00
0.000000e+00
0.000000e+00
0.000000e+00
0.000000e+00
0.000000e+00
0.000000e+00
0.000000e+00
0.000000e+00
0.000000e+00
0.000000e+00
0.000000e+00
0.000000e+00
0.000000e+00
0.000000e+00
0.000000e+00
0.000000e+00
0.000000e+00
0.000000e+00
0.000000e+00
0.000000e+00
0.000000e+00
0.000000e+00
0.000000e+00
0.000000e+00
0.000000e+00
0.000000e+00
0.000000e+00
0.000000e+00
0.000000e+00
0.000000e+00
0.000000e+00
0.000000e+00
0.000000e+00
0.000000e+00
0.000000e+00
0.000000e+00
0.000000e+00
0.000000e+00
0.000000e+00
0.000000e+00
0.000000e+00
0.000000e+00
0.000000e+00
0.000000e+00
0.000000e+00
0.000000e+00
0.000000e+00
0.000000e+00
0.000000e+00
0.000000e+00
0.000000e+00
0.000000e+00
0.000000e+00
0.000000e+00
0.000000e+00
0.000000e+00
0.000000e+00
0.000000e+00
0.000000e+00
0.000000e+00
0.000000e+00
0.000000e+00
0.000000e+00
0.000000e+00
0.000000e+00
0.000000e+00
0.000000e+00
0.000000e+00
0.000000e+00
0.000000e+00
0.000000e+00
0.000000e+00
0.000000e+00
0.000000e+00
0.000000e+00
0.000000e+00
0.000000e+00
0.000000e+00
0.000000e+00
0.000000e+00
0.000000e+00
0.000000e+00
0.000000e+00
0.000000e+00
0.000000e+00
0.000000e+00
0.000000e+00
0.000000e+00
0.000000e+00
0.000000e+00
0.000000e+00
0.000000e+00
0.000000e+00
0.000000e+00
0.000000e+00
0.000000e+00
0.000000e+00
0.000000e+00
0.000000e+00
0.000000e+00
0.000000e+00
0.000000e+00
0.000000e+00
0.000000e+00
0.000000e+00
0.000000e+00
0.000000e+00
0.000000e+00
0.000000e+00
0.000000e+00
0.000000e+00
0.000000e+00
0.000000e+00
0.000000e+00
0.000000e+00
0.000000e+00
0.000000e+00
0.000000e+00
0.000000e+00
0.000000e+00
0.000000e+00
0.000000e+00
0.000000e+00
0.000000e+00
0.000000e+00
0.000000e+00
0.000000e+00
0.000000e+00
0.000000e+00
0.000000e+00
0.000000e+00
0.000000e+00
0.000000e+00
0.000000e+00
0.000000e+00
0.000000e+00
0.000000e+00
0.000000e+00
0.000000e+00
0.000000e+00
0.000000e+00
0.000000e+00
0.000000e+00
0.000000e+00
0.000000e+00
0.000000e+00
0.000000e+00
0.000000e+00
0.000000e+00
0.000000e+00
0.000000e+00
0.000000e+00
0.000000e+00
0.000000e+00
0.000000e+00
0.000000e+00
0.000000e+00
0.000000e+00
0.000000e+00
0.000000e+00
0.000000e+00
0.000000e+00
0.000000e+00
0.000000e+00
0.000000e+00
0.000000e+00
0.000000e+00
0.000000e+00
0.000000e+00
0.000000e+00
0.000000e+00
0.000000e+00
0.000000e+00
0.000000e+00
0.000000e+00
0.000000e+00
0.000000e+00
0.000000e+00
0.000000e+00
0.000000e+00
0.000000e+00
0.000000e+00
0.000000e+00
0.000000e+00
0.000000e+00
0.000000e+00
0.000000e+00
0.000000e+00
0.000000e+00
0.000000e+00
0.000000e+00
0.000000e+00
0.000000e+00
0.000000e+00
0.000000e+00
0.000000e+00
0.000000e+00
0.000000e+00
0.000000e+00
0.000000e+00
0.000000e+00
0.000000e+00
0.000000e+00
0.000000e+00
0.000000e+00
0.000000e+00
0.000000e+00
0.000000e+00
0.000000e+00
0.000000e+00
0.000000e+00
0.000000e+00
0.000000e+00
0.000000e+00
0.000000e+00
0.000000e+00
0.000000e+00
0.000000e+00
0.000000e+00
0.000000e+00
0.000000e+00
0.000000e+00
0.000000e+00
0.000000e+00
0.000000e+00
0.000000e+00
0.000000e+00
0.000000e+00
0.000000e+00
0.000000e+00
0.000000e+00
0.000000e+00
0.000000e+00
0.000000e+00
0.000000e+00
0.000000e+00
0.000000e+00
0.000000e+00
0.000000e+00
0.000000e+00
0.000000e+00
0.000000e+00
0.000000e+00
0.000000e+00
0.000000e+00
0.000000e+00
0.000000e+00
0.000000e+00
0.000000e+00
0.000000e+00
0.000000e+00
0.000000e+00
0.000000e+00
0.000000e+00
0.000000e+00
0.000000e+00
0.000000e+00
0.000000e+00
0.000000e+00
0.000000e+00
0.000000e+00
0.000000e+00
0.000000e+00
0.000000e+00
0.000000e+00
0.000000e+00
0.000000e+00
0.000000e+00
0.000000e+00
0.000000e+00
0.000000e+00
0.000000e+00
0.000000e+00
0.000000e+00
0.000000e+00
0.000000e+00
0.000000e+00
0.000000e+00
0.000000e+00
0.000000e+00
0.000000e+00
0.000000e+00
0.000000e+00
0.000000e+00
0.000000e+00
0.000000e+00
0.000000e+00
0.000000e+00
0.000000e+00
0.000000e+00
0.000000e+00
0.000000e+00
0.000000e+00
0.000000e+00
0.000000e+00
0.000000e+00
0.000000e+00
0.000000e+00
0.000000e+00
0.000000e+00
0.000000e+00
0.000000e+00
0.000000e+00
0.000000e+00
0.000000e+00
0.000000e+00
0.000000e+00
0.000000e+00
0.000000e+00
0.000000e+00
0.000000e+00
0.000000e+00
0.000000e+00
0.000000e+00
0.000000e+00
0.000000e+00
0.000000e+00
0.000000e+00
0.000000e+00
0.000000e+00
0.000000e+00
0.000000e+00
0.000000e+00
0.000000e+00
0.000000e+00
0.000000e+00
0.000000e+00
0.000000e+00
0.000000e+00
0.000000e+00
0.000000e+00
0.000000e+00
0.000000e+00
0.000000e+00
0.000000e+00
0.000000e+00
0.000000e+00
0.000000e+00
0.000000e+00
0.000000e+00
0.000000e+00
0.000000e+00
0.000000e+00
0.000000e+00
0.000000e+00
0.000000e+00
0.000000e+00
0.000000e+00
0.000000e+00
0.000000e+00
0.000000e+00
0.000000e+00
0.000000e+00
0.000000e+00
0.000000e+00
0.000000e+00
0.000000e+00
0.000000e+00
0.000000e+00
0.000000e+00
0.000000e+00
0.000000e+00
0.000000e+00
0.000000e+00
0.000000e+00
0.000000e+00
0.000000e+00
0.000000e+00
0.000000e+00
0.000000e+00
0.000000e+00
0.000000e+00
0.000000e+00
0.000000e+00
0.000000e+00
0.000000e+00
0.000000e+00
0.000000e+00
0.000000e+00
0.000000e+00
0.000000e+00
0.000000e+00
0.000000e+00
0.000000e+00
0.000000e+00
0.000000e+00
0.000000e+00
0.000000e+00
0.000000e+00
0.000000e+00
0.000000e+00
0.000000e+00
0.000000e+00
0.000000e+00
0.000000e+00
0.000000e+00
0.000000e+00
0.000000e+00
0.000000e+00
0.000000e+00
0.000000e+00
0.000000e+00
0.000000e+00
0.000000e+00
0.000000e+00
0.000000e+00
0.000000e+00
0.000000e+00
0.000000e+00
0.000000e+00
0.000000e+00
0.000000e+00
0.000000e+00
0.000000e+00
0.000000e+00
0.000000e+00
0.000000e+00
0.000000e+00
0.000000e+00
0.000000e+00
0.000000e+00
0.000000e+00
0.000000e+00
0.000000e+00
0.000000e+00
0.000000e+00
0.000000e+00
0.000000e+00
0.000000e+00
0.000000e+00
0.000000e+00
0.000000e+00
0.000000e+00
0.000000e+00
0.000000e+00
0.000000e+00
0.000000e+00
0.000000e+00
0.000000e+00
0.000000e+00
0.000000e+00
0.000000e+00
0.000000e+00
0.000000e+00
0.000000e+00
0.000000e+00
0.000000e+00
0.000000e+00
0.000000e+00
0.000000e+00
0.000000e+00
0.000000e+00
0.000000e+00
0.000000e+00
0.000000e+00
0.000000e+00
0.000000e+00
0.000000e+00
0.000000e+00
0.000000e+00
0.000000e+00
0.000000e+00
0.000000e+00
0.000000e+00
0.000000e+00
0.000000e+00
0.000000e+00
0.000000e+00
0.000000e+00
0.000000e+00
0.000000e+00
0.000000e+00
0.000000e+00
0.000000e+00
0.000000e+00
0.000000e+00
0.000000e+00
0.000000e+00
0.000000e+00
0.000000e+00
0.000000e+00
0.000000e+00
0.000000e+00
0.000000e+00
0.000000e+00
0.000000e+00
0.000000e+00
0.000000e+00
0.000000e+00
0.000000e+00
0.000000e+00
0.000000e+00
0.000000e+00
0.000000e+00
0.000000e+00
0.000000e+00
0.000000e+00
0.000000e+00
0.000000e+00
0.000000e+00
0.000000e+00
0.000000e+00
0.000000e+00
0.000000e+00
0.000000e+00
0.000000e+00
0.000000e+00
0.000000e+00
0.000000e+00
0.000000e+00
0.000000e+00
0.000000e+00
0.000000e+00
0.000000e+00
0.000000e+00
0.000000e+00
0.000000e+00
0.000000e+00
0.000000e+00
0.000000e+00
0.000000e+00
0.000000e+00
0.000000e+00
0.000000e+00
0.000000e+00
0.000000e+00
0.000000e+00
0.000000e+00
0.000000e+00
0.000000e+00
0.000000e+00
0.000000e+00
0.000000e+00
0.000000e+00
0.000000e+00
0.000000e+00
0.000000e+00
0.000000e+00
0.000000e+00
0.000000e+00
0.000000e+00
0.000000e+00
0.000000e+00
0.000000e+00
0.000000e+00
0.000000e+00
0.000000e+00
0.000000e+00
0.000000e+00
0.000000e+00
0.000000e+00
0.000000e+00
0.000000e+00
0.000000e+00
0.000000e+00
0.000000e+00
0.000000e+00
0.000000e+00
0.000000e+00
0.000000e+00
0.000000e+00
0.000000e+00
0.000000e+00
0.000000e+00
0.000000e+00
0.000000e+00
0.000000e+00
0.000000e+00
0.000000e+00
0.000000e+00
0.000000e+00
0.000000e+00
0.000000e+00
0.000000e+00
0.000000e+00
0.000000e+00
0.000000e+00
0.000000e+00
0.000000e+00
0.000000e+00
0.000000e+00
0.000000e+00
0.000000e+00
0.000000e+00
0.000000e+00
0.000000e+00
0.000000e+00
0.000000e+00
0.000000e+00
0.000000e+00
0.000000e+00
0.000000e+00
0.000000e+00
0.000000e+00
0.000000e+00
0.000000e+00
0.000000e+00
0.000000e+00
0.000000e+00
0.000000e+00
0.000000e+00
0.000000e+00
0.000000e+00
0.000000e+00
0.000000e+00
0.000000e+00
0.000000e+00
0.000000e+00
0.000000e+00
0.000000e+00
0.000000e+00
