1.347303e+06
1.288748e+06
1.231692e+06
1.176132e+06
1.122070e+06
1.069503e+06
1.018431e+06
9.688538e+05
9.207698e+05
8.741783e+05
8.290786e+05
7.854696e+05
7.433505e+05
7.027202e+05
6.635777e+05
6.259221e+05
5.897521e+05
5.550667e+05
5.218648e+05
4.901451e+05
4.599065e+05
4.311478e+05
4.038676e+05
3.780647e+05
3.537377e+05
3.308852e+05
3.095058e+05
2.895981e+05
2.711606e+05
2.541917e+05
2.386899e+05
2.246536e+05
2.120812e+05
2.009710e+05
1.913212e+05
1.831301e+05
1.763959e+05
1.711169e+05
1.672910e+05
1.649165e+05
1.639912e+05
1.645134e+05
1.664808e+05
1.698915e+05
1.747433e+05
1.810341e+05
1.887615e+05
1.979234e+05
2.085175e+05
2.205415e+05
2.339929e+05
2.488692e+05
2.651681e+05
2.828870e+05
3.020234e+05
3.225745e+05
3.445378e+05
3.679104e+05
3.926898e+05
4.188729e+05
4.464571e+05
4.754393e+05
5.058165e+05
5.375859e+05
5.707443e+05
6.052886e+05
6.412156e+05
6.785222e+05
7.172050e+05
7.572607e+05
7.986859e+05
8.414773e+05
8.856313e+05
9.311444e+05
9.780130e+05
1.026233e+06
1.075802e+06
1.126715e+06
1.178969e+06
1.232559e+06
1.287482e+06
1.343734e+06
1.401310e+06
1.460207e+06
1.520421e+06
1.581947e+06
1.644781e+06
1.708918e+06
1.774355e+06
1.841087e+06
1.909109e+06
1.978416e+06
2.049005e+06
2.120870e+06
2.194007e+06
2.268410e+06
2.344076e+06
2.420998e+06
2.499173e+06
2.578594e+06
2.659257e+06
