1.066232e+06
1.016342e+06
9.678675e+05
9.208090e+05
8.751654e+05
8.309358e+05
7.881195e+05
7.467155e+05
7.067229e+05
6.681410e+05
6.309686e+05
5.952048e+05
5.608486e+05
5.278990e+05
4.963549e+05
4.662151e+05
4.374786e+05
4.101442e+05
3.842107e+05
3.596769e+05
3.365414e+05
3.148030e+05
2.944603e+05
2.755120e+05
2.579567e+05
2.417930e+05
2.270193e+05
2.136341e+05
2.016360e+05
1.910232e+05
1.817943e+05
1.739475e+05
1.674811e+05
1.623934e+05
1.586827e+05
1.563471e+05
1.553847e+05
1.557938e+05
1.575722e+05
1.607181e+05
1.652295e+05
1.711043e+05
1.783404e+05
1.869356e+05
1.968878e+05
2.081947e+05
2.208542e+05
2.348638e+05
2.502212e+05
2.669240e+05
2.849698e+05
3.043560e+05
3.250802e+05
3.471397e+05
3.705320e+05
3.952543e+05
4.213039e+05
4.486781e+05
4.773740e+05
5.073887e+05
5.387194e+05
5.713631e+05
6.053167e+05
6.405773e+05
6.771416e+05
7.150066e+05
7.541689e+05
7.946254e+05
8.363727e+05
8.794074e+05
9.237262e+05
9.693255e+05
1.016202e+06
1.064352e+06
1.113771e+06
1.164457e+06
1.216405e+06
1.269611e+06
1.324073e+06
1.379785e+06
1.436743e+06
1.494945e+06
1.554385e+06
1.615060e+06
1.676966e+06
1.740097e+06
1.804451e+06
1.870021e+06
1.936805e+06
2.004798e+06
2.073994e+06
2.144390e+06
2.215981e+06
2.288761e+06
2.362727e+06
2.437873e+06
2.514195e+06
2.591688e+06
2.670346e+06
2.750164e+06
2.831138e+06
