1.76130512
1.76078212
1.76017512
1.75948912
1.75873212
1.75791712
1.75706412
1.75619212
1.75532612
1.75448712
1.75369612
1.75296912
1.75231612
1.75174612
1.75126112
1.75085712
1.75053212
1.75027912
1.75009012
1.74995712
1.74987212
1.74982812
1.74981912
1.74983712
1.74987912
1.74993912
1.75001312
1.75009812
1.75019212
1.75029212
1.75039612
1.75050412
1.75061312
1.75072312
1.75083212
1.75094112
1.75104912
1.75115512
1.75125912
1.75136112
1.75146112
1.75155912
1.75165412
1.75174712
1.75183712
1.75192412
1.75201012
1.75209212
1.75217312
1.75225112
1.75232712
1.75240012
1.75247212
1.75254112
1.75260812
1.75267412
1.75273712
1.75279912
1.75285912
1.75291712
1.75297412
1.75302912
1.75308212
1.75313412
1.75318512
1.75323412
1.75328212
1.75332812
1.75337412
1.75341812
1.75346112
1.75350312
1.75354412
1.75358412
1.75362312
1.75366012
1.75369712
1.75373412
1.75376912
1.75380312
1.75383712
1.75387012
1.75390212
1.75393312
1.75396412
1.75399412
1.75402312
1.75405212
1.75408012
1.75410712
1.75413412
1.75416112
1.75418612
1.75421212
1.75423712
1.75426112
1.75428512
1.75430812
1.75433112
1.75435312
1.75437512
