1.75509512
1.75422612
1.75341112
1.75266712
1.75200412
1.75142912
1.75094212
1.75054012
1.75022012
1.74997212
1.74979012
1.74966412
1.74958712
1.74955212
1.74955012
1.74957612
1.74962512
1.74969212
1.74977412
1.74986612
1.74996612
1.75007312
1.75018412
1.75029712
1.75041212
1.75052712
1.75064212
1.75075612
1.75086912
1.75098012
1.75108912
1.75119612
1.75130012
1.75140212
1.75150112
1.75159712
1.75169112
1.75178312
1.75187212
1.75195812
1.75204212
1.75212312
1.75220212
1.75227912
1.75235312
1.75242612
1.75249612
1.75256412
1.75263012
1.75269412
1.75275712
1.75281812
1.75287712
1.75293412
1.75299012
1.75304412
1.75309712
1.75314812
1.75319812
1.75324612
1.75329412
1.75334012
1.75338512
1.75342912
1.75347112
1.75351312
1.75355412
1.75359312
1.75363212
1.75366912
1.75370612
1.75374212
1.75377712
1.75381212
1.75384512
1.75387812
1.75391012
1.75394112
1.75397212
1.75400212
1.75403112
1.75406012
1.75408812
1.75411612
1.75414312
1.75416912
1.75419512
1.75422012
1.75424512
1.75426912
1.75429312
1.75431712
1.75434012
1.75436212
1.75438512
1.75440612
1.75442812
1.75444912
1.75446912
1.75448912
1.75450912
