5.797545e+07
5.797470e+07
5.797453e+07
5.797444e+07
5.797438e+07
5.797433e+07
5.797429e+07
5.797425e+07
5.797422e+07
5.797420e+07
5.797418e+07
5.797415e+07
5.797414e+07
5.797412e+07
5.797410e+07
5.797409e+07
5.797407e+07
5.797406e+07
5.797404e+07
5.797403e+07
5.797402e+07
5.797401e+07
5.797400e+07
5.797399e+07
5.797398e+07
5.797397e+07
5.797396e+07
5.797395e+07
5.797394e+07
5.797393e+07
5.797392e+07
5.797391e+07
5.797390e+07
5.797390e+07
5.797389e+07
5.797388e+07
5.797387e+07
5.797387e+07
5.797386e+07
5.797385e+07
5.797384e+07
5.797384e+07
5.797383e+07
5.797382e+07
5.797381e+07
5.797381e+07
5.797380e+07
5.797379e+07
5.797379e+07
5.797378e+07
5.797377e+07
5.797377e+07
5.797376e+07
5.797375e+07
5.797375e+07
5.797374e+07
5.797373e+07
5.797373e+07
5.797372e+07
5.797371e+07
5.797371e+07
5.797370e+07
5.797369e+07
5.797369e+07
5.797368e+07
5.797367e+07
5.797367e+07
5.797366e+07
5.797365e+07
5.797365e+07
5.797364e+07
5.797363e+07
5.797363e+07
5.797362e+07
5.797361e+07
5.797361e+07
5.797360e+07
5.797359e+07
5.797359e+07
5.797358e+07
5.797357e+07
5.797357e+07
5.797356e+07
5.797355e+07
5.797355e+07
5.797354e+07
5.797353e+07
5.797353e+07
5.797352e+07
5.797351e+07
5.797351e+07
5.797350e+07
5.797349e+07
5.797348e+07
5.797348e+07
5.797347e+07
5.797346e+07
5.797346e+07
5.797345e+07
5.797344e+07
5.797343e+07
5.797343e+07
5.797342e+07
5.797341e+07
5.797340e+07
5.797340e+07
5.797339e+07
5.797338e+07
5.797337e+07
5.797337e+07
5.797336e+07
5.797335e+07
5.797334e+07
5.797334e+07
5.797333e+07
5.797332e+07
5.797331e+07
5.797330e+07
5.797330e+07
5.797329e+07
5.797328e+07
5.797327e+07
5.797326e+07
5.797325e+07
5.797325e+07
5.797324e+07
5.797323e+07
5.797322e+07
5.797321e+07
5.797320e+07
5.797319e+07
5.797319e+07
5.797318e+07
5.797317e+07
5.797316e+07
5.797315e+07
5.797314e+07
5.797313e+07
5.797312e+07
5.797311e+07
5.797310e+07
5.797310e+07
5.797309e+07
5.797308e+07
5.797307e+07
5.797306e+07
5.797305e+07
5.797304e+07
5.797303e+07
5.797302e+07
5.797301e+07
5.797300e+07
5.797299e+07
5.797298e+07
5.797297e+07
5.797296e+07
5.797295e+07
5.797294e+07
5.797293e+07
5.797292e+07
5.797291e+07
5.797290e+07
5.797289e+07
5.797288e+07
5.797286e+07
5.797285e+07
5.797284e+07
5.797283e+07
5.797282e+07
5.797281e+07
5.797280e+07
5.797279e+07
5.797278e+07
5.797276e+07
5.797275e+07
5.797274e+07
5.797273e+07
5.797272e+07
5.797271e+07
5.797270e+07
5.797268e+07
5.797267e+07
5.797266e+07
5.797265e+07
5.797263e+07
5.797262e+07
5.797261e+07
5.797260e+07
5.797259e+07
5.797257e+07
5.797256e+07
5.797255e+07
5.797253e+07
5.797252e+07
5.797251e+07
5.797250e+07
5.797248e+07
5.797247e+07
5.797246e+07
5.797244e+07
5.797243e+07
5.797242e+07
5.797240e+07
5.797239e+07
5.797237e+07
5.797236e+07
5.797235e+07
5.797233e+07
5.797232e+07
5.797230e+07
5.797229e+07
5.797228e+07
5.797226e+07
5.797225e+07
5.797223e+07
5.797222e+07
5.797220e+07
5.797219e+07
5.797217e+07
5.797216e+07
5.797214e+07
5.797213e+07
5.797211e+07
5.797209e+07
5.797208e+07
5.797206e+07
5.797205e+07
5.797203e+07
5.797202e+07
5.797200e+07
5.797198e+07
5.797197e+07
5.797195e+07
5.797193e+07
5.797192e+07
5.797190e+07
5.797188e+07
5.797187e+07
5.797185e+07
5.797183e+07
5.797181e+07
5.797180e+07
5.797178e+07
5.797176e+07
5.797174e+07
5.797173e+07
5.797171e+07
5.797169e+07
5.797167e+07
5.797165e+07
5.797163e+07
5.797162e+07
5.797160e+07
5.797158e+07
5.797156e+07
5.797154e+07
5.797152e+07
5.797150e+07
5.797148e+07
5.797146e+07
5.797144e+07
5.797142e+07
5.797140e+07
5.797138e+07
5.797136e+07
5.797134e+07
5.797132e+07
5.797130e+07
5.797128e+07
5.797126e+07
5.797124e+07
5.797121e+07
5.797119e+07
5.797117e+07
5.797115e+07
5.797113e+07
5.797111e+07
5.797108e+07
5.797106e+07
5.797104e+07
5.797102e+07
5.797099e+07
5.797097e+07
5.797095e+07
5.797092e+07
5.797090e+07
5.797087e+07
5.797085e+07
5.797083e+07
5.797080e+07
5.797078e+07
5.797075e+07
5.797073e+07
5.797070e+07
5.797068e+07
5.797065e+07
5.797063e+07
5.797060e+07
5.797057e+07
5.797055e+07
5.797052e+07
5.797050e+07
5.797047e+07
5.797044e+07
5.797041e+07
5.797039e+07
5.797036e+07
5.797033e+07
5.797030e+07
5.797027e+07
5.797024e+07
5.797021e+07
5.797019e+07
5.797016e+07
5.797013e+07
5.797010e+07
5.797007e+07
5.797003e+07
5.797000e+07
5.796997e+07
5.796994e+07
5.796991e+07
5.796988e+07
5.796984e+07
5.796981e+07
5.796978e+07
5.796974e+07
5.796971e+07
5.796968e+07
5.796964e+07
5.796961e+07
5.796957e+07
5.796953e+07
5.796950e+07
5.796946e+07
5.796943e+07
5.796939e+07
5.796935e+07
5.796931e+07
5.796927e+07
5.796923e+07
5.796919e+07
5.796915e+07
5.796911e+07
5.796907e+07
5.796903e+07
5.796899e+07
5.796895e+07
5.796890e+07
5.796886e+07
5.796882e+07
5.796877e+07
5.796873e+07
5.796868e+07
5.796863e+07
5.796859e+07
5.796854e+07
5.796849e+07
5.796844e+07
5.796839e+07
5.796834e+07
5.796829e+07
5.796823e+07
5.796818e+07
5.796813e+07
5.796807e+07
5.796802e+07
5.796796e+07
5.796790e+07
5.796785e+07
5.796779e+07
5.796773e+07
5.796767e+07
5.796760e+07
5.796754e+07
5.796748e+07
5.796741e+07
5.796734e+07
5.796728e+07
5.796721e+07
5.796714e+07
5.796707e+07
5.796699e+07
5.796692e+07
5.796684e+07
5.796677e+07
5.796669e+07
5.796661e+07
5.796653e+07
5.796645e+07
5.796636e+07
5.796628e+07
5.796619e+07
5.796610e+07
5.796601e+07
5.796591e+07
5.796582e+07
5.796572e+07
5.796562e+07
5.796552e+07
5.796542e+07
5.796531e+07
5.796521e+07
5.796510e+07
5.796498e+07
5.796487e+07
5.796475e+07
5.796463e+07
5.796451e+07
5.796438e+07
5.796426e+07
5.796413e+07
5.796399e+07
5.796385e+07
5.796371e+07
5.796357e+07
5.796342e+07
5.796327e+07
5.796312e+07
5.796296e+07
5.796280e+07
5.796263e+07
5.796246e+07
5.796229e+07
5.796211e+07
5.796193e+07
5.796174e+07
5.796155e+07
5.796135e+07
5.796115e+07
5.796095e+07
5.796074e+07
5.796052e+07
5.796030e+07
5.796007e+07
5.795983e+07
5.795959e+07
5.795935e+07
5.795909e+07
5.795883e+07
5.795857e+07
5.795829e+07
5.795801e+07
5.795772e+07
5.795743e+07
5.795712e+07
5.795681e+07
5.795649e+07
5.795616e+07
5.795582e+07
5.795547e+07
5.795511e+07
5.795475e+07
5.795437e+07
5.795398e+07
5.795358e+07
5.795317e+07
5.795275e+07
5.795232e+07
5.795187e+07
5.795142e+07
5.795094e+07
5.795046e+07
5.794996e+07
5.794945e+07
5.794893e+07
5.794838e+07
5.794783e+07
5.794726e+07
5.794667e+07
5.794606e+07
5.794544e+07
5.794480e+07
5.794414e+07
5.794346e+07
5.794276e+07
5.794204e+07
5.794130e+07
5.794054e+07
5.793976e+07
5.793895e+07
5.793812e+07
5.793726e+07
5.793638e+07
5.793548e+07
5.793455e+07
5.793359e+07
5.793260e+07
5.793158e+07
5.793054e+07
5.792946e+07
5.792835e+07
5.792720e+07
5.792603e+07
5.792482e+07
5.792357e+07
5.792228e+07
5.792096e+07
5.791959e+07
5.791819e+07
5.791674e+07
5.791525e+07
5.791372e+07
5.791214e+07
5.791051e+07
5.790883e+07
5.790711e+07
5.790533e+07
5.790349e+07
5.790160e+07
5.789966e+07
5.789765e+07
5.789559e+07
5.789346e+07
5.789127e+07
5.788901e+07
5.788668e+07
5.788428e+07
5.788181e+07
5.787927e+07
5.787664e+07
5.787394e+07
5.787115e+07
5.786828e+07
5.786533e+07
5.786228e+07
5.785914e+07
5.785590e+07
5.785256e+07
5.784912e+07
5.784558e+07
5.784193e+07
5.783817e+07
5.783429e+07
5.783029e+07
5.782617e+07
5.782192e+07
5.781754e+07
5.781303e+07
5.780838e+07
5.780359e+07
5.779865e+07
5.779355e+07
5.778831e+07
5.778289e+07
5.777732e+07
5.777157e+07
5.776564e+07
5.775953e+07
5.775323e+07
5.774674e+07
5.774005e+07
5.773315e+07
5.772604e+07
5.771871e+07
5.771115e+07
5.770336e+07
5.769532e+07
5.768704e+07
5.767851e+07
5.766970e+07
5.766063e+07
5.765127e+07
5.764163e+07
5.763168e+07
5.762143e+07
5.761086e+07
5.759996e+07
5.758872e+07
5.757713e+07
5.756518e+07
5.755286e+07
5.754016e+07
5.752707e+07
5.751356e+07
5.749964e+07
5.748528e+07
5.747048e+07
5.745521e+07
5.743947e+07
5.742323e+07
5.740650e+07
5.738923e+07
5.737143e+07
5.735308e+07
5.733415e+07
5.731463e+07
5.729449e+07
5.727373e+07
5.725232e+07
5.723024e+07
5.720747e+07
5.718398e+07
5.715976e+07
5.713478e+07
5.710901e+07
5.708243e+07
5.705502e+07
5.702675e+07
5.699759e+07
5.696751e+07
5.693649e+07
5.690449e+07
5.687148e+07
5.683743e+07
5.680230e+07
5.676607e+07
5.672869e+07
5.669013e+07
5.665035e+07
5.660931e+07
5.656697e+07
5.652329e+07
5.647823e+07
5.643173e+07
5.638375e+07
5.633425e+07
5.628318e+07
5.623048e+07
5.617609e+07
5.611998e+07
5.606207e+07
5.600230e+07
5.594063e+07
5.587698e+07
5.581128e+07
5.574348e+07
5.567350e+07
5.560127e+07
5.552671e+07
5.544974e+07
5.537028e+07
5.528826e+07
5.520358e+07
5.511615e+07
5.502588e+07
5.493267e+07
5.483642e+07
5.473703e+07
5.463439e+07
5.452838e+07
5.441890e+07
5.430581e+07
5.418900e+07
5.406833e+07
5.394366e+07
5.381486e+07
5.368178e+07
5.354426e+07
5.340214e+07
5.325526e+07
5.310345e+07
5.294652e+07
5.278429e+07
5.261657e+07
5.244314e+07
5.226379e+07
5.207831e+07
5.188645e+07
5.168797e+07
5.148263e+07
5.127014e+07
5.105024e+07
5.082263e+07
5.058699e+07
5.034302e+07
5.009036e+07
4.982866e+07
4.955755e+07
4.927663e+07
4.898547e+07
4.868365e+07
4.837069e+07
4.804610e+07
4.770935e+07
4.735990e+07
4.699714e+07
4.662046e+07
4.622918e+07
4.582259e+07
4.539993e+07
4.496036e+07
4.450302e+07
4.402694e+07
4.353112e+07
4.301443e+07
4.247567e+07
4.191354e+07
4.132659e+07
4.071326e+07
4.007182e+07
3.940033e+07
3.869669e+07
3.795851e+07
3.718310e+07
3.636745e+07
3.550810e+07
3.460109e+07
3.364180e+07
3.262485e+07
3.154383e+07
3.039103e+07
2.915703e+07
2.783005e+07
2.639508e+07
2.483239e+07
2.311513e+07
2.120505e+07
1.904440e+07
1.653892e+07
1.351812e+07
9.630735e+06
0.000000e+00
0.000000e+00
0.000000e+00
0.000000e+00
0.000000e+00
0.000000e+00
0.000000e+00
0.000000e+00
0.000000e+00
0.000000e+00
0.000000e+00
0.000000e+00
0.000000e+00
0.000000e+00
0.000000e+00
0.000000e+00
0.000000e+00
0.000000e+00
0.000000e+00
0.000000e+00
0.000000e+00
0.000000e+00
0.000000e+00
0.000000e+00
0.000000e+00
0.000000e+00
0.000000e+00
0.000000e+00
0.000000e+00
0.000000e+00
0.000000e+00
0.000000e+00
0.000000e+00
0.000000e+00
0.000000e+00
0.000000e+00
0.000000e+00
0.000000e+00
0.000000e+00
0.000000e+00
0.000000e+00
0.000000e+00
0.000000e+00
0.000000e+00
0.000000e+00
0.000000e+00
0.000000e+00
0.000000e+00
0.000000e+00
0.000000e+00
0.000000e+00
0.000000e+00
0.000000e+00
0.000000e+00
0.000000e+00
0.000000e+00
0.000000e+00
0.000000e+00
0.000000e+00
0.000000e+00
0.000000e+00
0.000000e+00
0.000000e+00
0.000000e+00
0.000000e+00
0.000000e+00
0.000000e+00
0.000000e+00
0.000000e+00
0.000000e+00
0.000000e+00
0.000000e+00
0.000000e+00
0.000000e+00
0.000000e+00
0.000000e+00
0.000000e+00
0.000000e+00
0.000000e+00
0.000000e+00
0.000000e+00
0.000000e+00
0.000000e+00
0.000000e+00
0.000000e+00
0.000000e+00
0.000000e+00
0.000000e+00
0.000000e+00
0.000000e+00
0.000000e+00
0.000000e+00
0.000000e+00
0.000000e+00
0.000000e+00
0.000000e+00
0.000000e+00
0.000000e+00
0.000000e+00
0.000000e+00
0.000000e+00
0.000000e+00
0.000000e+00
0.000000e+00
0.000000e+00
0.000000e+00
0.000000e+00
0.000000e+00
0.000000e+00
0.000000e+00
0.000000e+00
0.000000e+00
0.000000e+00
0.000000e+00
0.000000e+00
0.000000e+00
0.000000e+00
0.000000e+00
0.000000e+00
0.000000e+00
0.000000e+00
0.000000e+00
0.000000e+00
0.000000e+00
0.000000e+00
0.000000e+00
0.000000e+00
0.000000e+00
0.000000e+00
0.000000e+00
0.000000e+00
0.000000e+00
0.000000e+00
0.000000e+00
0.000000e+00
0.000000e+00
0.000000e+00
0.000000e+00
0.000000e+00
0.000000e+00
0.000000e+00
0.000000e+00
0.000000e+00
0.000000e+00
0.000000e+00
0.000000e+00
0.000000e+00
0.000000e+00
0.000000e+00
0.000000e+00
0.000000e+00
0.000000e+00
0.000000e+00
0.000000e+00
0.000000e+00
0.000000e+00
0.000000e+00
0.000000e+00
0.000000e+00
0.000000e+00
0.000000e+00
0.000000e+00
0.000000e+00
0.000000e+00
0.000000e+00
0.000000e+00
0.000000e+00
0.000000e+00
0.000000e+00
0.000000e+00
0.000000e+00
0.000000e+00
0.000000e+00
0.000000e+00
0.000000e+00
0.000000e+00
0.000000e+00
0.000000e+00
0.000000e+00
0.000000e+00
0.000000e+00
0.000000e+00
0.000000e+00
0.000000e+00
0.000000e+00
0.000000e+00
0.000000e+00
0.000000e+00
0.000000e+00
0.000000e+00
0.000000e+00
0.000000e+00
0.000000e+00
0.000000e+00
0.000000e+00
0.000000e+00
0.000000e+00
0.000000e+00
0.000000e+00
0.000000e+00
0.000000e+00
0.000000e+00
0.000000e+00
0.000000e+00
0.000000e+00
0.000000e+00
0.000000e+00
0.000000e+00
0.000000e+00
0.000000e+00
0.000000e+00
0.000000e+00
0.000000e+00
0.000000e+00
0.000000e+00
0.000000e+00
0.000000e+00
0.000000e+00
0.000000e+00
0.000000e+00
0.000000e+00
0.000000e+00
0.000000e+00
0.000000e+00
0.000000e+00
0.000000e+00
0.000000e+00
0.000000e+00
0.000000e+00
0.000000e+00
0.000000e+00
0.000000e+00
0.000000e+00
0.000000e+00
0.000000e+00
0.000000e+00
0.000000e+00
0.000000e+00
0.000000e+00
0.000000e+00
0.000000e+00
0.000000e+00
0.000000e+00
0.000000e+00
0.000000e+00
0.000000e+00
0.000000e+00
0.000000e+00
0.000000e+00
0.000000e+00
0.000000e+00
0.000000e+00
0.000000e+00
0.000000e+00
0.000000e+00
0.000000e+00
0.000000e+00
0.000000e+00
0.000000e+00
0.000000e+00
0.000000e+00
0.000000e+00
0.000000e+00
0.000000e+00
0.000000e+00
0.000000e+00
0.000000e+00
0.000000e+00
0.000000e+00
0.000000e+00
0.000000e+00
0.000000e+00
0.000000e+00
0.000000e+00
0.000000e+00
0.000000e+00
0.000000e+00
0.000000e+00
0.000000e+00
0.000000e+00
0.000000e+00
0.000000e+00
0.000000e+00
0.000000e+00
0.000000e+00
0.000000e+00
0.000000e+00
0.000000e+00
0.000000e+00
0.000000e+00
0.000000e+00
0.000000e+00
0.000000e+00
0.000000e+00
0.000000e+00
0.000000e+00
0.000000e+00
0.000000e+00
0.000000e+00
0.000000e+00
0.000000e+00
0.000000e+00
0.000000e+00
0.000000e+00
0.000000e+00
0.000000e+00
0.000000e+00
0.000000e+00
0.000000e+00
0.000000e+00
0.000000e+00
0.000000e+00
0.000000e+00
0.000000e+00
0.000000e+00
0.000000e+00
0.000000e+00
0.000000e+00
0.000000e+00
0.000000e+00
0.000000e+00
0.000000e+00
0.000000e+00
0.000000e+00
0.000000e+00
0.000000e+00
0.000000e+00
0.000000e+00
0.000000e+00
0.000000e+00
0.000000e+00
0.000000e+00
0.000000e+00
0.000000e+00
0.000000e+00
0.000000e+00
0.000000e+00
0.000000e+00
0.000000e+00
0.000000e+00
0.000000e+00
0.000000e+00
0.000000e+00
0.000000e+00
0.000000e+00
0.000000e+00
0.000000e+00
0.000000e+00
0.000000e+00
0.000000e+00
0.000000e+00
0.000000e+00
0.000000e+00
0.000000e+00
0.000000e+00
0.000000e+00
0.000000e+00
0.000000e+00
0.000000e+00
0.000000e+00
0.000000e+00
0.000000e+00
0.000000e+00
0.000000e+00
0.000000e+00
0.000000e+00
0.000000e+00
0.000000e+00
0.000000e+00
0.000000e+00
0.000000e+00
0.000000e+00
0.000000e+00
0.000000e+00
0.000000e+00
0.000000e+00
0.000000e+00
0.000000e+00
0.000000e+00
0.000000e+00
0.000000e+00
0.000000e+00
0.000000e+00
0.000000e+00
0.000000e+00
0.000000e+00
0.000000e+00
0.000000e+00
0.000000e+00
0.000000e+00
0.000000e+00
0.000000e+00
0.000000e+00
0.000000e+00
0.000000e+00
0.000000e+00
0.000000e+00
0.000000e+00
0.000000e+00
0.000000e+00
0.000000e+00
0.000000e+00
0.000000e+00
0.000000e+00
0.000000e+00
0.000000e+00
0.000000e+00
0.000000e+00
0.000000e+00
0.000000e+00
0.000000e+00
0.000000e+00
0.000000e+00
0.000000e+00
0.000000e+00
0.000000e+00
0.000000e+00
0.000000e+00
0.000000e+00
0.000000e+00
0.000000e+00
0.000000e+00
0.000000e+00
0.000000e+00
0.000000e+00
0.000000e+00
0.000000e+00
0.000000e+00
0.000000e+00
0.000000e+00
0.000000e+00
0.000000e+00
0.000000e+00
0.000000e+00
0.000000e+00
0.000000e+00
0.000000e+00
0.000000e+00
0.000000e+00
0.000000e+00
0.000000e+00
0.000000e+00
0.000000e+00
0.000000e+00
0.000000e+00
0.000000e+00
0.000000e+00
0.000000e+00
0.000000e+00
0.000000e+00
0.000000e+00
0.000000e+00
0.000000e+00
0.000000e+00
0.000000e+00
0.000000e+00
0.000000e+00
0.000000e+00
0.000000e+00
0.000000e+00
0.000000e+00
0.000000e+00
0.000000e+00
0.000000e+00
0.000000e+00
0.000000e+00
0.000000e+00
0.000000e+00
0.000000e+00
0.000000e+00
0.000000e+00
0.000000e+00
0.000000e+00
0.000000e+00
0.000000e+00
0.000000e+00
0.000000e+00
0.000000e+00
0.000000e+00
0.000000e+00
0.000000e+00
0.000000e+00
0.000000e+00
0.000000e+00
0.000000e+00
0.000000e+00
0.000000e+00
0.000000e+00
0.000000e+00
0.000000e+00
0.000000e+00
0.000000e+00
0.000000e+00
0.000000e+00
0.000000e+00
0.000000e+00
0.000000e+00
0.000000e+00
0.000000e+00
0.000000e+00
0.000000e+00
0.000000e+00
0.000000e+00
0.000000e+00
0.000000e+00
0.000000e+00
0.000000e+00
0.000000e+00
0.000000e+00
0.000000e+00
0.000000e+00
0.000000e+00
0.000000e+00
0.000000e+00
0.000000e+00
0.000000e+00
0.000000e+00
0.000000e+00
0.000000e+00
0.000000e+00
0.000000e+00
0.000000e+00
0.000000e+00
0.000000e+00
0.000000e+00
0.000000e+00
0.000000e+00
0.000000e+00
0.000000e+00
0.000000e+00
0.000000e+00
0.000000e+00
0.000000e+00
0.000000e+00
0.000000e+00
0.000000e+00
0.000000e+00
0.000000e+00
0.000000e+00
0.000000e+00
0.000000e+00
0.000000e+00
0.000000e+00
0.000000e+00
0.000000e+00
0.000000e+00
0.000000e+00
0.000000e+00
0.000000e+00
0.000000e+00
0.000000e+00
0.000000e+00
0.000000e+00
0.000000e+00
0.000000e+00
0.000000e+00
0.000000e+00
0.000000e+00
0.000000e+00
0.000000e+00
0.000000e+00
0.000000e+00
0.000000e+00
0.000000e+00
0.000000e+00
0.000000e+00
0.000000e+00
0.000000e+00
0.000000e+00
0.000000e+00
0.000000e+00
0.000000e+00
0.000000e+00
0.000000e+00
0.000000e+00
0.000000e+00
0.000000e+00
0.000000e+00
0.000000e+00
0.000000e+00
0.000000e+00
0.000000e+00
0.000000e+00
0.000000e+00
0.000000e+00
0.000000e+00
0.000000e+00
0.000000e+00
0.000000e+00
0.000000e+00
0.000000e+00
0.000000e+00
0.000000e+00
0.000000e+00
0.000000e+00
0.000000e+00
0.000000e+00
0.000000e+00
0.000000e+00
0.000000e+00
0.000000e+00
0.000000e+00
0.000000e+00
0.000000e+00
0.000000e+00
0.000000e+00
0.000000e+00
0.000000e+00
0.000000e+00
0.000000e+00
0.000000e+00
0.000000e+00
0.000000e+00
0.000000e+00
0.000000e+00
0.000000e+00
0.000000e+00
0.000000e+00
0.000000e+00
0.000000e+00
0.000000e+00
0.000000e+00
0.000000e+00
0.000000e+00
0.000000e+00
0.000000e+00
0.000000e+00
0.000000e+00
0.000000e+00
0.000000e+00
0.000000e+00
0.000000e+00
0.000000e+00
0.000000e+00
0.000000e+00
0.000000e+00
0.000000e+00
0.000000e+00
0.000000e+00
0.000000e+00
0.000000e+00
0.000000e+00
0.000000e+00
0.000000e+00
0.000000e+00
0.000000e+00
0.000000e+00
0.000000e+00
0.000000e+00
0.000000e+00
0.000000e+00
0.000000e+00
0.000000e+00
0.000000e+00
0.000000e+00
0.000000e+00
0.000000e+00
0.000000e+00
0.000000e+00
0.000000e+00
0.000000e+00
0.000000e+00
0.000000e+00
0.000000e+00
0.000000e+00
0.000000e+00
0.000000e+00
0.000000e+00
0.000000e+00
0.000000e+00
0.000000e+00
0.000000e+00
0.000000e+00
0.000000e+00
0.000000e+00
0.000000e+00
0.000000e+00
0.000000e+00
0.000000e+00
0.000000e+00
0.000000e+00
0.000000e+00
0.000000e+00
0.000000e+00
0.000000e+00
0.000000e+00
0.000000e+00
0.000000e+00
0.000000e+00
0.000000e+00
0.000000e+00
0.000000e+00
0.000000e+00
0.000000e+00
0.000000e+00
0.000000e+00
0.000000e+00
0.000000e+00
0.000000e+00
0.000000e+00
0.000000e+00
0.000000e+00
0.000000e+00
0.000000e+00
0.000000e+00
0.000000e+00
0.000000e+00
0.000000e+00
0.000000e+00
0.000000e+00
0.000000e+00
0.000000e+00
0.000000e+00
0.000000e+00
0.000000e+00
0.000000e+00
0.000000e+00
0.000000e+00
0.000000e+00
0.000000e+00
0.000000e+00
0.000000e+00
0.000000e+00
0.000000e+00
0.000000e+00
0.000000e+00
0.000000e+00
0.000000e+00
0.000000e+00
0.000000e+00
0.000000e+00
0.000000e+00
0.000000e+00
0.000000e+00
0.000000e+00
0.000000e+00
0.000000e+00
0.000000e+00
0.000000e+00
0.000000e+00
0.000000e+00
0.000000e+00
0.000000e+00
0.000000e+00
0.000000e+00
0.000000e+00
0.000000e+00
0.000000e+00
0.000000e+00
0.000000e+00
0.000000e+00
0.000000e+00
0.000000e+00
0.000000e+00
0.000000e+00
0.000000e+00
0.000000e+00
0.000000e+00
0.000000e+00
0.000000e+00
0.000000e+00
0.000000e+00
0.000000e+00
0.000000e+00
0.000000e+00
0.000000e+00
0.000000e+00
0.000000e+00
0.000000e+00
0.000000e+00
0.000000e+00
0.000000e+00
0.000000e+00
0.000000e+00
0.000000e+00
0.000000e+00
0.000000e+00
0.000000e+00
0.000000e+00
0.000000e+00
0.000000e+00
0.000000e+00
0.000000e+00
0.000000e+00
0.000000e+00
0.000000e+00
0.000000e+00
0.000000e+00
0.000000e+00
0.000000e+00
0.000000e+00
0.000000e+00
0.000000e+00
0.000000e+00
0.000000e+00
0.000000e+00
0.000000e+00
0.000000e+00
0.000000e+00
0.000000e+00
0.000000e+00
0.000000e+00
0.000000e+00
0.000000e+00
0.000000e+00
0.000000e+00
0.000000e+00
0.000000e+00
0.000000e+00
0.000000e+00
0.000000e+00
0.000000e+00
0.000000e+00
0.000000e+00
0.000000e+00
0.000000e+00
0.000000e+00
0.000000e+00
0.000000e+00
0.000000e+00
0.000000e+00
0.000000e+00
0.000000e+00
0.000000e+00
0.000000e+00
0.000000e+00
0.000000e+00
0.000000e+00
0.000000e+00
0.000000e+00
0.000000e+00
0.000000e+00
0.000000e+00
0.000000e+00
0.000000e+00
0.000000e+00
0.000000e+00
0.000000e+00
0.000000e+00
0.000000e+00
0.000000e+00
0.000000e+00
0.000000e+00
0.000000e+00
0.000000e+00
0.000000e+00
0.000000e+00
0.000000e+00
0.000000e+00
0.000000e+00
0.000000e+00
0.000000e+00
0.000000e+00
0.000000e+00
0.000000e+00
0.000000e+00
0.000000e+00
0.000000e+00
0.000000e+00
0.000000e+00
0.000000e+00
0.000000e+00
0.000000e+00
0.000000e+00
0.000000e+00
0.000000e+00
0.000000e+00
0.000000e+00
0.000000e+00
0.000000e+00
0.000000e+00
0.000000e+00
0.000000e+00
0.000000e+00
0.000000e+00
0.000000e+00
0.000000e+00
0.000000e+00
0.000000e+00
0.000000e+00
0.000000e+00
0.000000e+00
0.000000e+00
0.000000e+00
0.000000e+00
0.000000e+00
0.000000e+00
0.000000e+00
0.000000e+00
0.000000e+00
0.000000e+00
0.000000e+00
0.000000e+00
0.000000e+00
0.000000e+00
0.000000e+00
0.000000e+00
0.000000e+00
0.000000e+00
0.000000e+00
0.000000e+00
0.000000e+00
0.000000e+00
0.000000e+00
0.000000e+00
0.000000e+00
0.000000e+00
0.000000e+00
0.000000e+00
0.000000e+00
0.000000e+00
0.000000e+00
0.000000e+00
0.000000e+00
0.000000e+00
0.000000e+00
0.000000e+00
0.000000e+00
0.000000e+00
0.000000e+00
0.000000e+00
0.000000e+00
0.000000e+00
0.000000e+00
0.000000e+00
0.000000e+00
0.000000e+00
0.000000e+00
0.000000e+00
0.000000e+00
0.000000e+00
0.000000e+00
0.000000e+00
0.000000e+00
0.000000e+00
0.000000e+00
0.000000e+00
0.000000e+00
0.000000e+00
0.000000e+00
0.000000e+00
0.000000e+00
0.000000e+00
0.000000e+00
0.000000e+00
0.000000e+00
0.000000e+00
0.000000e+00
0.000000e+00
0.000000e+00
0.000000e+00
0.000000e+00
0.000000e+00
0.000000e+00
0.000000e+00
0.000000e+00
0.000000e+00
0.000000e+00
0.000000e+00
0.000000e+00
0.000000e+00
0.000000e+00
0.000000e+00
0.000000e+00
0.000000e+00
0.000000e+00
0.000000e+00
0.000000e+00
0.000000e+00
0.000000e+00
0.000000e+00
0.000000e+00
0.000000e+00
0.000000e+00
0.000000e+00
0.000000e+00
0.000000e+00
0.000000e+00
0.000000e+00
0.000000e+00
0.000000e+00
0.000000e+00
0.000000e+00
0.000000e+00
0.000000e+00
0.000000e+00
0.000000e+00
0.000000e+00
0.000000e+00
0.000000e+00
0.000000e+00
0.000000e+00
0.000000e+00
0.000000e+00
0.000000e+00
0.000000e+00
0.000000e+00
0.000000e+00
0.000000e+00
0.000000e+00
0.000000e+00
0.000000e+00
0.000000e+00
0.000000e+00
0.000000e+00
0.000000e+00
0.000000e+00
0.000000e+00
0.000000e+00
0.000000e+00
0.000000e+00
0.000000e+00
0.000000e+00
0.000000e+00
0.000000e+00
0.000000e+00
0.000000e+00
0.000000e+00
0.000000e+00
0.000000e+00
0.000000e+00
0.000000e+00
0.000000e+00
0.000000e+00
0.000000e+00
0.000000e+00
0.000000e+00
0.000000e+00
0.000000e+00
0.000000e+00
0.000000e+00
0.000000e+00
0.000000e+00
0.000000e+00
0.000000e+00
0.000000e+00
0.000000e+00
0.000000e+00
0.000000e+00
0.000000e+00
0.000000e+00
0.000000e+00
0.000000e+00
0.000000e+00
0.000000e+00
0.000000e+00
0.000000e+00
0.000000e+00
0.000000e+00
0.000000e+00
0.000000e+00
0.000000e+00
0.000000e+00
0.000000e+00
0.000000e+00
0.000000e+00
0.000000e+00
0.000000e+00
0.000000e+00
0.000000e+00
0.000000e+00
0.000000e+00
0.000000e+00
0.000000e+00
0.000000e+00
0.000000e+00
0.000000e+00
0.000000e+00
0.000000e+00
0.000000e+00
0.000000e+00
0.000000e+00
0.000000e+00
0.000000e+00
0.000000e+00
0.000000e+00
0.000000e+00
0.000000e+00
0.000000e+00
0.000000e+00
0.000000e+00
0.000000e+00
0.000000e+00
0.000000e+00
0.000000e+00
0.000000e+00
0.000000e+00
0.000000e+00
0.000000e+00
