5.733609e+07
5.733534e+07
5.733518e+07
5.733509e+07
5.733503e+07
5.733498e+07
5.733494e+07
5.733491e+07
5.733488e+07
5.733485e+07
5.733483e+07
5.733481e+07
5.733479e+07
5.733477e+07
5.733475e+07
5.733474e+07
5.733472e+07
5.733471e+07
5.733470e+07
5.733469e+07
5.733467e+07
5.733466e+07
5.733465e+07
5.733464e+07
5.733463e+07
5.733462e+07
5.733461e+07
5.733460e+07
5.733459e+07
5.733459e+07
5.733458e+07
5.733457e+07
5.733456e+07
5.733455e+07
5.733454e+07
5.733454e+07
5.733453e+07
5.733452e+07
5.733451e+07
5.733451e+07
5.733450e+07
5.733449e+07
5.733449e+07
5.733448e+07
5.733447e+07
5.733446e+07
5.733446e+07
5.733445e+07
5.733444e+07
5.733444e+07
5.733443e+07
5.733442e+07
5.733442e+07
5.733441e+07
5.733440e+07
5.733440e+07
5.733439e+07
5.733439e+07
5.733438e+07
5.733437e+07
5.733437e+07
5.733436e+07
5.733435e+07
5.733435e+07
5.733434e+07
5.733433e+07
5.733433e+07
5.733432e+07
5.733431e+07
5.733431e+07
5.733430e+07
5.733430e+07
5.733429e+07
5.733428e+07
5.733428e+07
5.733427e+07
5.733426e+07
5.733426e+07
5.733425e+07
5.733424e+07
5.733424e+07
5.733423e+07
5.733422e+07
5.733422e+07
5.733421e+07
5.733420e+07
5.733420e+07
5.733419e+07
5.733418e+07
5.733418e+07
5.733417e+07
5.733416e+07
5.733416e+07
5.733415e+07
5.733414e+07
5.733413e+07
5.733413e+07
5.733412e+07
5.733411e+07
5.733411e+07
5.733410e+07
5.733409e+07
5.733408e+07
5.733408e+07
5.733407e+07
5.733406e+07
5.733406e+07
5.733405e+07
5.733404e+07
5.733403e+07
5.733403e+07
5.733402e+07
5.733401e+07
5.733400e+07
5.733399e+07
5.733399e+07
5.733398e+07
5.733397e+07
5.733396e+07
5.733396e+07
5.733395e+07
5.733394e+07
5.733393e+07
5.733392e+07
5.733391e+07
5.733391e+07
5.733390e+07
5.733389e+07
5.733388e+07
5.733387e+07
5.733386e+07
5.733386e+07
5.733385e+07
5.733384e+07
5.733383e+07
5.733382e+07
5.733381e+07
5.733380e+07
5.733379e+07
5.733379e+07
5.733378e+07
5.733377e+07
5.733376e+07
5.733375e+07
5.733374e+07
5.733373e+07
5.733372e+07
5.733371e+07
5.733370e+07
5.733369e+07
5.733368e+07
5.733367e+07
5.733366e+07
5.733365e+07
5.733364e+07
5.733363e+07
5.733362e+07
5.733361e+07
5.733360e+07
5.733359e+07
5.733358e+07
5.733357e+07
5.733356e+07
5.733355e+07
5.733354e+07
5.733353e+07
5.733352e+07
5.733351e+07
5.733350e+07
5.733349e+07
5.733348e+07
5.733347e+07
5.733346e+07
5.733345e+07
5.733343e+07
5.733342e+07
5.733341e+07
5.733340e+07
5.733339e+07
5.733338e+07
5.733337e+07
5.733335e+07
5.733334e+07
5.733333e+07
5.733332e+07
5.733331e+07
5.733329e+07
5.733328e+07
5.733327e+07
5.733326e+07
5.733325e+07
5.733323e+07
5.733322e+07
5.733321e+07
5.733320e+07
5.733318e+07
5.733317e+07
5.733316e+07
5.733314e+07
5.733313e+07
5.733312e+07
5.733310e+07
5.733309e+07
5.733308e+07
5.733306e+07
5.733305e+07
5.733304e+07
5.733302e+07
5.733301e+07
5.733300e+07
5.733298e+07
5.733297e+07
5.733295e+07
5.733294e+07
5.733292e+07
5.733291e+07
5.733290e+07
5.733288e+07
5.733287e+07
5.733285e+07
5.733284e+07
5.733282e+07
5.733281e+07
5.733279e+07
5.733278e+07
5.733276e+07
5.733274e+07
5.733273e+07
5.733271e+07
5.733270e+07
5.733268e+07
5.733267e+07
5.733265e+07
5.733263e+07
5.733262e+07
5.733260e+07
5.733258e+07
5.733257e+07
5.733255e+07
5.733253e+07
5.733252e+07
5.733250e+07
5.733248e+07
5.733247e+07
5.733245e+07
5.733243e+07
5.733241e+07
5.733240e+07
5.733238e+07
5.733236e+07
5.733234e+07
5.733232e+07
5.733230e+07
5.733229e+07
5.733227e+07
5.733225e+07
5.733223e+07
5.733221e+07
5.733219e+07
5.733217e+07
5.733215e+07
5.733213e+07
5.733211e+07
5.733209e+07
5.733208e+07
5.733206e+07
5.733203e+07
5.733201e+07
5.733199e+07
5.733197e+07
5.733195e+07
5.733193e+07
5.733191e+07
5.733189e+07
5.733187e+07
5.733185e+07
5.733183e+07
5.733180e+07
5.733178e+07
5.733176e+07
5.733174e+07
5.733172e+07
5.733169e+07
5.733167e+07
5.733165e+07
5.733162e+07
5.733160e+07
5.733158e+07
5.733155e+07
5.733153e+07
5.733151e+07
5.733148e+07
5.733146e+07
5.733143e+07
5.733141e+07
5.733138e+07
5.733136e+07
5.733133e+07
5.733131e+07
5.733128e+07
5.733126e+07
5.733123e+07
5.733121e+07
5.733118e+07
5.733115e+07
5.733113e+07
5.733110e+07
5.733107e+07
5.733104e+07
5.733102e+07
5.733099e+07
5.733096e+07
5.733093e+07
5.733090e+07
5.733087e+07
5.733084e+07
5.733081e+07
5.733078e+07
5.733075e+07
5.733072e+07
5.733069e+07
5.733066e+07
5.733063e+07
5.733060e+07
5.733057e+07
5.733054e+07
5.733050e+07
5.733047e+07
5.733044e+07
5.733040e+07
5.733037e+07
5.733033e+07
5.733030e+07
5.733027e+07
5.733023e+07
5.733019e+07
5.733016e+07
5.733012e+07
5.733008e+07
5.733005e+07
5.733001e+07
5.732997e+07
5.732993e+07
5.732989e+07
5.732985e+07
5.732981e+07
5.732977e+07
5.732973e+07
5.732969e+07
5.732965e+07
5.732961e+07
5.732956e+07
5.732952e+07
5.732947e+07
5.732943e+07
5.732938e+07
5.732934e+07
5.732929e+07
5.732924e+07
5.732920e+07
5.732915e+07
5.732910e+07
5.732905e+07
5.732900e+07
5.732894e+07
5.732889e+07
5.732884e+07
5.732878e+07
5.732873e+07
5.732867e+07
5.732862e+07
5.732856e+07
5.732850e+07
5.732844e+07
5.732838e+07
5.732832e+07
5.732826e+07
5.732819e+07
5.732813e+07
5.732806e+07
5.732800e+07
5.732793e+07
5.732786e+07
5.732779e+07
5.732772e+07
5.732764e+07
5.732757e+07
5.732749e+07
5.732742e+07
5.732734e+07
5.732726e+07
5.732717e+07
5.732709e+07
5.732701e+07
5.732692e+07
5.732683e+07
5.732674e+07
5.732665e+07
5.732655e+07
5.732646e+07
5.732636e+07
5.732626e+07
5.732616e+07
5.732605e+07
5.732595e+07
5.732584e+07
5.732573e+07
5.732561e+07
5.732550e+07
5.732538e+07
5.732526e+07
5.732513e+07
5.732501e+07
5.732488e+07
5.732474e+07
5.732461e+07
5.732447e+07
5.732433e+07
5.732418e+07
5.732403e+07
5.732388e+07
5.732372e+07
5.732356e+07
5.732340e+07
5.732323e+07
5.732306e+07
5.732288e+07
5.732270e+07
5.732252e+07
5.732233e+07
5.732213e+07
5.732193e+07
5.732173e+07
5.732152e+07
5.732131e+07
5.732109e+07
5.732086e+07
5.732063e+07
5.732039e+07
5.732014e+07
5.731989e+07
5.731964e+07
5.731937e+07
5.731910e+07
5.731882e+07
5.731854e+07
5.731824e+07
5.731794e+07
5.731763e+07
5.731731e+07
5.731699e+07
5.731665e+07
5.731631e+07
5.731595e+07
5.731559e+07
5.731522e+07
5.731483e+07
5.731444e+07
5.731403e+07
5.731361e+07
5.731319e+07
5.731274e+07
5.731229e+07
5.731183e+07
5.731135e+07
5.731085e+07
5.731035e+07
5.730983e+07
5.730929e+07
5.730874e+07
5.730817e+07
5.730759e+07
5.730699e+07
5.730637e+07
5.730574e+07
5.730508e+07
5.730441e+07
5.730372e+07
5.730301e+07
5.730227e+07
5.730152e+07
5.730074e+07
5.729994e+07
5.729912e+07
5.729828e+07
5.729740e+07
5.729651e+07
5.729558e+07
5.729463e+07
5.729366e+07
5.729265e+07
5.729161e+07
5.729054e+07
5.728944e+07
5.728831e+07
5.728714e+07
5.728594e+07
5.728471e+07
5.728343e+07
5.728212e+07
5.728077e+07
5.727938e+07
5.727795e+07
5.727647e+07
5.727495e+07
5.727339e+07
5.727177e+07
5.727011e+07
5.726840e+07
5.726664e+07
5.726482e+07
5.726295e+07
5.726102e+07
5.725904e+07
5.725699e+07
5.725488e+07
5.725271e+07
5.725047e+07
5.724817e+07
5.724579e+07
5.724334e+07
5.724082e+07
5.723822e+07
5.723554e+07
5.723278e+07
5.722994e+07
5.722701e+07
5.722399e+07
5.722088e+07
5.721767e+07
5.721436e+07
5.721096e+07
5.720745e+07
5.720383e+07
5.720010e+07
5.719626e+07
5.719229e+07
5.718821e+07
5.718400e+07
5.717967e+07
5.717520e+07
5.717059e+07
5.716584e+07
5.716095e+07
5.715590e+07
5.715070e+07
5.714534e+07
5.713981e+07
5.713411e+07
5.712824e+07
5.712219e+07
5.711595e+07
5.710952e+07
5.710289e+07
5.709605e+07
5.708900e+07
5.708174e+07
5.707425e+07
5.706653e+07
5.705857e+07
5.705037e+07
5.704191e+07
5.703318e+07
5.702419e+07
5.701492e+07
5.700536e+07
5.699551e+07
5.698535e+07
5.697487e+07
5.696407e+07
5.695294e+07
5.694146e+07
5.692962e+07
5.691741e+07
5.690483e+07
5.689185e+07
5.687847e+07
5.686467e+07
5.685045e+07
5.683578e+07
5.682065e+07
5.680505e+07
5.678897e+07
5.677238e+07
5.675528e+07
5.673764e+07
5.671945e+07
5.670069e+07
5.668135e+07
5.666140e+07
5.664083e+07
5.661961e+07
5.659773e+07
5.657517e+07
5.655189e+07
5.652789e+07
5.650314e+07
5.647760e+07
5.645127e+07
5.642411e+07
5.639610e+07
5.636720e+07
5.633740e+07
5.630666e+07
5.627495e+07
5.624224e+07
5.620850e+07
5.617369e+07
5.613779e+07
5.610075e+07
5.606254e+07
5.602313e+07
5.598246e+07
5.594051e+07
5.589723e+07
5.585257e+07
5.580650e+07
5.575896e+07
5.570992e+07
5.565931e+07
5.560709e+07
5.555320e+07
5.549760e+07
5.544022e+07
5.538100e+07
5.531989e+07
5.525682e+07
5.519173e+07
5.512455e+07
5.505521e+07
5.498364e+07
5.490977e+07
5.483351e+07
5.475478e+07
5.467351e+07
5.458961e+07
5.450299e+07
5.441355e+07
5.432120e+07
5.422584e+07
5.412737e+07
5.402568e+07
5.392066e+07
5.381219e+07
5.370015e+07
5.358442e+07
5.346488e+07
5.334137e+07
5.321377e+07
5.308193e+07
5.294569e+07
5.280491e+07
5.265941e+07
5.250902e+07
5.235357e+07
5.219287e+07
5.202672e+07
5.185493e+07
5.167728e+07
5.149355e+07
5.130351e+07
5.110692e+07
5.090353e+07
5.069308e+07
5.047528e+07
5.024985e+07
5.001648e+07
4.977485e+07
4.952463e+07
4.926547e+07
4.899698e+07
4.871879e+07
4.843048e+07
4.813160e+07
4.782171e+07
4.750031e+07
4.716689e+07
4.682089e+07
4.646173e+07
4.608880e+07
4.570143e+07
4.529891e+07
4.488050e+07
4.444537e+07
4.399266e+07
4.352143e+07
4.303067e+07
4.251928e+07
4.198607e+07
4.142975e+07
4.084891e+07
4.024198e+07
3.960726e+07
3.894286e+07
3.824667e+07
3.751634e+07
3.674924e+07
3.594237e+07
3.509232e+07
3.419518e+07
3.324640e+07
3.224065e+07
3.117162e+07
3.003168e+07
2.881153e+07
2.749956e+07
2.608092e+07
2.453615e+07
2.283872e+07
2.095086e+07
1.881553e+07
1.633964e+07
1.335480e+07
9.514038e+06
0.000000e+00
0.000000e+00
0.000000e+00
0.000000e+00
0.000000e+00
0.000000e+00
0.000000e+00
0.000000e+00
0.000000e+00
0.000000e+00
0.000000e+00
0.000000e+00
0.000000e+00
0.000000e+00
0.000000e+00
0.000000e+00
0.000000e+00
0.000000e+00
0.000000e+00
0.000000e+00
0.000000e+00
0.000000e+00
0.000000e+00
0.000000e+00
0.000000e+00
0.000000e+00
0.000000e+00
0.000000e+00
0.000000e+00
0.000000e+00
0.000000e+00
0.000000e+00
0.000000e+00
0.000000e+00
0.000000e+00
0.000000e+00
0.000000e+00
0.000000e+00
0.000000e+00
0.000000e+00
0.000000e+00
0.000000e+00
0.000000e+00
0.000000e+00
0.000000e+00
0.000000e+00
0.000000e+00
0.000000e+00
0.000000e+00
0.000000e+00
0.000000e+00
0.000000e+00
0.000000e+00
0.000000e+00
0.000000e+00
0.000000e+00
0.000000e+00
0.000000e+00
0.000000e+00
0.000000e+00
0.000000e+00
0.000000e+00
0.000000e+00
0.000000e+00
0.000000e+00
0.000000e+00
0.000000e+00
0.000000e+00
0.000000e+00
0.000000e+00
0.000000e+00
0.000000e+00
0.000000e+00
0.000000e+00
0.000000e+00
0.000000e+00
0.000000e+00
0.000000e+00
0.000000e+00
0.000000e+00
0.000000e+00
0.000000e+00
0.000000e+00
0.000000e+00
0.000000e+00
0.000000e+00
0.000000e+00
0.000000e+00
0.000000e+00
0.000000e+00
0.000000e+00
0.000000e+00
0.000000e+00
0.000000e+00
0.000000e+00
0.000000e+00
0.000000e+00
0.000000e+00
0.000000e+00
0.000000e+00
0.000000e+00
0.000000e+00
0.000000e+00
0.000000e+00
0.000000e+00
0.000000e+00
0.000000e+00
0.000000e+00
0.000000e+00
0.000000e+00
0.000000e+00
0.000000e+00
0.000000e+00
0.000000e+00
0.000000e+00
0.000000e+00
0.000000e+00
0.000000e+00
0.000000e+00
0.000000e+00
0.000000e+00
0.000000e+00
0.000000e+00
0.000000e+00
0.000000e+00
0.000000e+00
0.000000e+00
0.000000e+00
0.000000e+00
0.000000e+00
0.000000e+00
0.000000e+00
0.000000e+00
0.000000e+00
0.000000e+00
0.000000e+00
0.000000e+00
0.000000e+00
0.000000e+00
0.000000e+00
0.000000e+00
0.000000e+00
0.000000e+00
0.000000e+00
0.000000e+00
0.000000e+00
0.000000e+00
0.000000e+00
0.000000e+00
0.000000e+00
0.000000e+00
0.000000e+00
0.000000e+00
0.000000e+00
0.000000e+00
0.000000e+00
0.000000e+00
0.000000e+00
0.000000e+00
0.000000e+00
0.000000e+00
0.000000e+00
0.000000e+00
0.000000e+00
0.000000e+00
0.000000e+00
0.000000e+00
0.000000e+00
0.000000e+00
0.000000e+00
0.000000e+00
0.000000e+00
0.000000e+00
0.000000e+00
0.000000e+00
0.000000e+00
0.000000e+00
0.000000e+00
0.000000e+00
0.000000e+00
0.000000e+00
0.000000e+00
0.000000e+00
0.000000e+00
0.000000e+00
0.000000e+00
0.000000e+00
0.000000e+00
0.000000e+00
0.000000e+00
0.000000e+00
0.000000e+00
0.000000e+00
0.000000e+00
0.000000e+00
0.000000e+00
0.000000e+00
0.000000e+00
0.000000e+00
0.000000e+00
0.000000e+00
0.000000e+00
0.000000e+00
0.000000e+00
0.000000e+00
0.000000e+00
0.000000e+00
0.000000e+00
0.000000e+00
0.000000e+00
0.000000e+00
0.000000e+00
0.000000e+00
0.000000e+00
0.000000e+00
0.000000e+00
0.000000e+00
0.000000e+00
0.000000e+00
0.000000e+00
0.000000e+00
0.000000e+00
0.000000e+00
0.000000e+00
0.000000e+00
0.000000e+00
0.000000e+00
0.000000e+00
0.000000e+00
0.000000e+00
0.000000e+00
0.000000e+00
0.000000e+00
0.000000e+00
0.000000e+00
0.000000e+00
0.000000e+00
0.000000e+00
0.000000e+00
0.000000e+00
0.000000e+00
0.000000e+00
0.000000e+00
0.000000e+00
0.000000e+00
0.000000e+00
0.000000e+00
0.000000e+00
0.000000e+00
0.000000e+00
0.000000e+00
0.000000e+00
0.000000e+00
0.000000e+00
0.000000e+00
0.000000e+00
0.000000e+00
0.000000e+00
0.000000e+00
0.000000e+00
0.000000e+00
0.000000e+00
0.000000e+00
0.000000e+00
0.000000e+00
0.000000e+00
0.000000e+00
0.000000e+00
0.000000e+00
0.000000e+00
0.000000e+00
0.000000e+00
0.000000e+00
0.000000e+00
0.000000e+00
0.000000e+00
0.000000e+00
0.000000e+00
0.000000e+00
0.000000e+00
0.000000e+00
0.000000e+00
0.000000e+00
0.000000e+00
0.000000e+00
0.000000e+00
0.000000e+00
0.000000e+00
0.000000e+00
0.000000e+00
0.000000e+00
0.000000e+00
0.000000e+00
0.000000e+00
0.000000e+00
0.000000e+00
0.000000e+00
0.000000e+00
0.000000e+00
0.000000e+00
0.000000e+00
0.000000e+00
0.000000e+00
0.000000e+00
0.000000e+00
0.000000e+00
0.000000e+00
0.000000e+00
0.000000e+00
0.000000e+00
0.000000e+00
0.000000e+00
0.000000e+00
0.000000e+00
0.000000e+00
0.000000e+00
0.000000e+00
0.000000e+00
0.000000e+00
0.000000e+00
0.000000e+00
0.000000e+00
0.000000e+00
0.000000e+00
0.000000e+00
0.000000e+00
0.000000e+00
0.000000e+00
0.000000e+00
0.000000e+00
0.000000e+00
0.000000e+00
0.000000e+00
0.000000e+00
0.000000e+00
0.000000e+00
0.000000e+00
0.000000e+00
0.000000e+00
0.000000e+00
0.000000e+00
0.000000e+00
0.000000e+00
0.000000e+00
0.000000e+00
0.000000e+00
0.000000e+00
0.000000e+00
0.000000e+00
0.000000e+00
0.000000e+00
0.000000e+00
0.000000e+00
0.000000e+00
0.000000e+00
0.000000e+00
0.000000e+00
0.000000e+00
0.000000e+00
0.000000e+00
0.000000e+00
0.000000e+00
0.000000e+00
0.000000e+00
0.000000e+00
0.000000e+00
0.000000e+00
0.000000e+00
0.000000e+00
0.000000e+00
0.000000e+00
0.000000e+00
0.000000e+00
0.000000e+00
0.000000e+00
0.000000e+00
0.000000e+00
0.000000e+00
0.000000e+00
0.000000e+00
0.000000e+00
0.000000e+00
0.000000e+00
0.000000e+00
0.000000e+00
0.000000e+00
0.000000e+00
0.000000e+00
0.000000e+00
0.000000e+00
0.000000e+00
0.000000e+00
0.000000e+00
0.000000e+00
0.000000e+00
0.000000e+00
0.000000e+00
0.000000e+00
0.000000e+00
0.000000e+00
0.000000e+00
0.000000e+00
0.000000e+00
0.000000e+00
0.000000e+00
0.000000e+00
0.000000e+00
0.000000e+00
0.000000e+00
0.000000e+00
0.000000e+00
0.000000e+00
0.000000e+00
0.000000e+00
0.000000e+00
0.000000e+00
0.000000e+00
0.000000e+00
0.000000e+00
0.000000e+00
0.000000e+00
0.000000e+00
0.000000e+00
0.000000e+00
0.000000e+00
0.000000e+00
0.000000e+00
0.000000e+00
0.000000e+00
0.000000e+00
0.000000e+00
0.000000e+00
0.000000e+00
0.000000e+00
0.000000e+00
0.000000e+00
0.000000e+00
0.000000e+00
0.000000e+00
0.000000e+00
0.000000e+00
0.000000e+00
0.000000e+00
0.000000e+00
0.000000e+00
0.000000e+00
0.000000e+00
0.000000e+00
0.000000e+00
0.000000e+00
0.000000e+00
0.000000e+00
0.000000e+00
0.000000e+00
0.000000e+00
0.000000e+00
0.000000e+00
0.000000e+00
0.000000e+00
0.000000e+00
0.000000e+00
0.000000e+00
0.000000e+00
0.000000e+00
0.000000e+00
0.000000e+00
0.000000e+00
0.000000e+00
0.000000e+00
0.000000e+00
0.000000e+00
0.000000e+00
0.000000e+00
0.000000e+00
0.000000e+00
0.000000e+00
0.000000e+00
0.000000e+00
0.000000e+00
0.000000e+00
0.000000e+00
0.000000e+00
0.000000e+00
0.000000e+00
0.000000e+00
0.000000e+00
0.000000e+00
0.000000e+00
0.000000e+00
0.000000e+00
0.000000e+00
0.000000e+00
0.000000e+00
0.000000e+00
0.000000e+00
0.000000e+00
0.000000e+00
0.000000e+00
0.000000e+00
0.000000e+00
0.000000e+00
0.000000e+00
0.000000e+00
0.000000e+00
0.000000e+00
0.000000e+00
0.000000e+00
0.000000e+00
0.000000e+00
0.000000e+00
0.000000e+00
0.000000e+00
0.000000e+00
0.000000e+00
0.000000e+00
0.000000e+00
0.000000e+00
0.000000e+00
0.000000e+00
0.000000e+00
0.000000e+00
0.000000e+00
0.000000e+00
0.000000e+00
0.000000e+00
0.000000e+00
0.000000e+00
0.000000e+00
0.000000e+00
0.000000e+00
0.000000e+00
0.000000e+00
0.000000e+00
0.000000e+00
0.000000e+00
0.000000e+00
0.000000e+00
0.000000e+00
0.000000e+00
0.000000e+00
0.000000e+00
0.000000e+00
0.000000e+00
0.000000e+00
0.000000e+00
0.000000e+00
0.000000e+00
0.000000e+00
0.000000e+00
0.000000e+00
0.000000e+00
0.000000e+00
0.000000e+00
0.000000e+00
0.000000e+00
0.000000e+00
0.000000e+00
0.000000e+00
0.000000e+00
0.000000e+00
0.000000e+00
0.000000e+00
0.000000e+00
0.000000e+00
0.000000e+00
0.000000e+00
0.000000e+00
0.000000e+00
0.000000e+00
0.000000e+00
0.000000e+00
0.000000e+00
0.000000e+00
0.000000e+00
0.000000e+00
0.000000e+00
0.000000e+00
0.000000e+00
0.000000e+00
0.000000e+00
0.000000e+00
0.000000e+00
0.000000e+00
0.000000e+00
0.000000e+00
0.000000e+00
0.000000e+00
0.000000e+00
0.000000e+00
0.000000e+00
0.000000e+00
0.000000e+00
0.000000e+00
0.000000e+00
0.000000e+00
0.000000e+00
0.000000e+00
0.000000e+00
0.000000e+00
0.000000e+00
0.000000e+00
0.000000e+00
0.000000e+00
0.000000e+00
0.000000e+00
0.000000e+00
0.000000e+00
0.000000e+00
0.000000e+00
0.000000e+00
0.000000e+00
0.000000e+00
0.000000e+00
0.000000e+00
0.000000e+00
0.000000e+00
0.000000e+00
0.000000e+00
0.000000e+00
0.000000e+00
0.000000e+00
0.000000e+00
0.000000e+00
0.000000e+00
0.000000e+00
0.000000e+00
0.000000e+00
0.000000e+00
0.000000e+00
0.000000e+00
0.000000e+00
0.000000e+00
0.000000e+00
0.000000e+00
0.000000e+00
0.000000e+00
0.000000e+00
0.000000e+00
0.000000e+00
0.000000e+00
0.000000e+00
0.000000e+00
0.000000e+00
0.000000e+00
0.000000e+00
0.000000e+00
0.000000e+00
0.000000e+00
0.000000e+00
0.000000e+00
0.000000e+00
0.000000e+00
0.000000e+00
0.000000e+00
0.000000e+00
0.000000e+00
0.000000e+00
0.000000e+00
0.000000e+00
0.000000e+00
0.000000e+00
0.000000e+00
0.000000e+00
0.000000e+00
0.000000e+00
0.000000e+00
0.000000e+00
0.000000e+00
0.000000e+00
0.000000e+00
0.000000e+00
0.000000e+00
0.000000e+00
0.000000e+00
0.000000e+00
0.000000e+00
0.000000e+00
0.000000e+00
0.000000e+00
0.000000e+00
0.000000e+00
0.000000e+00
0.000000e+00
0.000000e+00
0.000000e+00
0.000000e+00
0.000000e+00
0.000000e+00
0.000000e+00
0.000000e+00
0.000000e+00
0.000000e+00
0.000000e+00
0.000000e+00
0.000000e+00
0.000000e+00
0.000000e+00
0.000000e+00
0.000000e+00
0.000000e+00
0.000000e+00
0.000000e+00
0.000000e+00
0.000000e+00
0.000000e+00
0.000000e+00
0.000000e+00
0.000000e+00
0.000000e+00
0.000000e+00
0.000000e+00
0.000000e+00
0.000000e+00
0.000000e+00
0.000000e+00
0.000000e+00
0.000000e+00
0.000000e+00
0.000000e+00
0.000000e+00
0.000000e+00
0.000000e+00
0.000000e+00
0.000000e+00
0.000000e+00
0.000000e+00
0.000000e+00
0.000000e+00
0.000000e+00
0.000000e+00
0.000000e+00
0.000000e+00
0.000000e+00
0.000000e+00
0.000000e+00
0.000000e+00
0.000000e+00
0.000000e+00
0.000000e+00
0.000000e+00
0.000000e+00
0.000000e+00
0.000000e+00
0.000000e+00
0.000000e+00
0.000000e+00
0.000000e+00
0.000000e+00
0.000000e+00
0.000000e+00
0.000000e+00
0.000000e+00
0.000000e+00
0.000000e+00
0.000000e+00
0.000000e+00
0.000000e+00
0.000000e+00
0.000000e+00
0.000000e+00
0.000000e+00
0.000000e+00
0.000000e+00
0.000000e+00
0.000000e+00
0.000000e+00
0.000000e+00
0.000000e+00
0.000000e+00
0.000000e+00
0.000000e+00
0.000000e+00
0.000000e+00
0.000000e+00
0.000000e+00
0.000000e+00
0.000000e+00
0.000000e+00
0.000000e+00
0.000000e+00
0.000000e+00
0.000000e+00
0.000000e+00
0.000000e+00
0.000000e+00
0.000000e+00
0.000000e+00
0.000000e+00
0.000000e+00
0.000000e+00
0.000000e+00
0.000000e+00
0.000000e+00
0.000000e+00
0.000000e+00
0.000000e+00
0.000000e+00
0.000000e+00
0.000000e+00
0.000000e+00
0.000000e+00
0.000000e+00
0.000000e+00
0.000000e+00
0.000000e+00
0.000000e+00
0.000000e+00
0.000000e+00
0.000000e+00
0.000000e+00
0.000000e+00
0.000000e+00
0.000000e+00
0.000000e+00
0.000000e+00
0.000000e+00
0.000000e+00
0.000000e+00
0.000000e+00
0.000000e+00
0.000000e+00
0.000000e+00
0.000000e+00
0.000000e+00
0.000000e+00
0.000000e+00
0.000000e+00
0.000000e+00
0.000000e+00
0.000000e+00
0.000000e+00
0.000000e+00
0.000000e+00
0.000000e+00
0.000000e+00
0.000000e+00
0.000000e+00
0.000000e+00
0.000000e+00
0.000000e+00
0.000000e+00
0.000000e+00
0.000000e+00
0.000000e+00
0.000000e+00
0.000000e+00
0.000000e+00
0.000000e+00
0.000000e+00
0.000000e+00
0.000000e+00
0.000000e+00
0.000000e+00
0.000000e+00
0.000000e+00
0.000000e+00
0.000000e+00
0.000000e+00
0.000000e+00
0.000000e+00
0.000000e+00
0.000000e+00
0.000000e+00
0.000000e+00
0.000000e+00
0.000000e+00
0.000000e+00
0.000000e+00
0.000000e+00
0.000000e+00
0.000000e+00
0.000000e+00
0.000000e+00
0.000000e+00
0.000000e+00
0.000000e+00
0.000000e+00
0.000000e+00
0.000000e+00
0.000000e+00
0.000000e+00
0.000000e+00
0.000000e+00
0.000000e+00
0.000000e+00
0.000000e+00
0.000000e+00
0.000000e+00
0.000000e+00
0.000000e+00
0.000000e+00
0.000000e+00
0.000000e+00
0.000000e+00
0.000000e+00
0.000000e+00
0.000000e+00
0.000000e+00
0.000000e+00
0.000000e+00
0.000000e+00
0.000000e+00
0.000000e+00
0.000000e+00
0.000000e+00
0.000000e+00
0.000000e+00
0.000000e+00
0.000000e+00
0.000000e+00
0.000000e+00
0.000000e+00
0.000000e+00
0.000000e+00
0.000000e+00
0.000000e+00
0.000000e+00
0.000000e+00
0.000000e+00
0.000000e+00
0.000000e+00
0.000000e+00
0.000000e+00
0.000000e+00
0.000000e+00
0.000000e+00
0.000000e+00
0.000000e+00
0.000000e+00
0.000000e+00
0.000000e+00
0.000000e+00
0.000000e+00
0.000000e+00
0.000000e+00
0.000000e+00
0.000000e+00
0.000000e+00
0.000000e+00
0.000000e+00
0.000000e+00
0.000000e+00
0.000000e+00
0.000000e+00
0.000000e+00
0.000000e+00
0.000000e+00
0.000000e+00
0.000000e+00
0.000000e+00
0.000000e+00
0.000000e+00
0.000000e+00
0.000000e+00
0.000000e+00
0.000000e+00
0.000000e+00
0.000000e+00
0.000000e+00
0.000000e+00
0.000000e+00
0.000000e+00
0.000000e+00
0.000000e+00
0.000000e+00
0.000000e+00
0.000000e+00
0.000000e+00
0.000000e+00
0.000000e+00
0.000000e+00
0.000000e+00
0.000000e+00
0.000000e+00
0.000000e+00
0.000000e+00
0.000000e+00
0.000000e+00
0.000000e+00
0.000000e+00
0.000000e+00
0.000000e+00
0.000000e+00
0.000000e+00
0.000000e+00
0.000000e+00
0.000000e+00
0.000000e+00
0.000000e+00
0.000000e+00
0.000000e+00
0.000000e+00
0.000000e+00
0.000000e+00
0.000000e+00
0.000000e+00
0.000000e+00
0.000000e+00
0.000000e+00
0.000000e+00
0.000000e+00
0.000000e+00
0.000000e+00
0.000000e+00
0.000000e+00
0.000000e+00
0.000000e+00
0.000000e+00
0.000000e+00
0.000000e+00
0.000000e+00
0.000000e+00
0.000000e+00
0.000000e+00
0.000000e+00
0.000000e+00
0.000000e+00
0.000000e+00
0.000000e+00
0.000000e+00
0.000000e+00
0.000000e+00
0.000000e+00
0.000000e+00
0.000000e+00
0.000000e+00
0.000000e+00
0.000000e+00
0.000000e+00
0.000000e+00
0.000000e+00
0.000000e+00
0.000000e+00
0.000000e+00
0.000000e+00
0.000000e+00
0.000000e+00
0.000000e+00
0.000000e+00
0.000000e+00
0.000000e+00
0.000000e+00
0.000000e+00
0.000000e+00
0.000000e+00
0.000000e+00
0.000000e+00
0.000000e+00
0.000000e+00
0.000000e+00
0.000000e+00
0.000000e+00
0.000000e+00
0.000000e+00
0.000000e+00
0.000000e+00
0.000000e+00
0.000000e+00
0.000000e+00
0.000000e+00
0.000000e+00
0.000000e+00
0.000000e+00
0.000000e+00
0.000000e+00
0.000000e+00
0.000000e+00
0.000000e+00
0.000000e+00
0.000000e+00
0.000000e+00
0.000000e+00
0.000000e+00
0.000000e+00
0.000000e+00
0.000000e+00
0.000000e+00
0.000000e+00
0.000000e+00
0.000000e+00
0.000000e+00
0.000000e+00
0.000000e+00
0.000000e+00
0.000000e+00
0.000000e+00
0.000000e+00
