1.372617e+05
1.308766e+05
1.255030e+05
1.211397e+05
1.177854e+05
1.154387e+05
1.140984e+05
1.137629e+05
1.144310e+05
1.161012e+05
1.187720e+05
1.224418e+05
1.271091e+05
1.327724e+05
1.394300e+05
1.470803e+05
1.557215e+05
1.653521e+05
1.759701e+05
1.875739e+05
2.001615e+05
2.137312e+05
2.282810e+05
2.438090e+05
2.603133e+05
2.777917e+05
2.962423e+05
3.156630e+05
3.360516e+05
3.574060e+05
3.797239e+05
4.030032e+05
4.272415e+05
4.524366e+05
4.785860e+05
5.056873e+05
5.337382e+05
5.627360e+05
5.926784e+05
6.235627e+05
6.553862e+05
6.881465e+05
7.218407e+05
7.564661e+05
7.920199e+05
8.284993e+05
8.659015e+05
9.042235e+05
9.434623e+05
9.836150e+05
1.024678e+06
1.066650e+06
1.109525e+06
1.153303e+06
1.197978e+06
1.243548e+06
1.290010e+06
1.337360e+06
1.385594e+06
1.434710e+06
1.484704e+06
1.535572e+06
1.587310e+06
1.639916e+06
1.693385e+06
1.747713e+06
1.802897e+06
1.858933e+06
1.915817e+06
1.973545e+06
2.032112e+06
2.091516e+06
2.151752e+06
2.212815e+06
2.274702e+06
2.337408e+06
2.400930e+06
2.465261e+06
2.530399e+06
2.596339e+06
2.663076e+06
2.730606e+06
2.798924e+06
2.868026e+06
2.937906e+06
3.008560e+06
3.079983e+06
3.152171e+06
3.225118e+06
3.298820e+06
3.373271e+06
3.448467e+06
3.524401e+06
3.601070e+06
3.678468e+06
3.756589e+06
3.835428e+06
3.914981e+06
3.995240e+06
4.076202e+06
4.157860e+06
