1.097110e+05
1.115593e+05
1.143636e+05
1.181225e+05
1.228345e+05
1.284981e+05
1.351116e+05
1.426735e+05
1.511822e+05
1.606359e+05
1.710330e+05
1.823718e+05
1.946505e+05
2.078672e+05
2.220201e+05
2.371074e+05
2.531271e+05
2.700773e+05
2.879560e+05
3.067611e+05
3.264906e+05
3.471424e+05
3.687143e+05
3.912042e+05
4.146098e+05
4.389289e+05
4.641591e+05
4.902982e+05
5.173437e+05
5.452933e+05
5.741444e+05
6.038945e+05
6.345412e+05
6.660818e+05
6.985137e+05
7.318342e+05
7.660406e+05
8.011301e+05
8.371000e+05
8.739475e+05
9.116695e+05
9.502632e+05
9.897256e+05
1.030054e+06
1.071245e+06
1.113295e+06
1.156201e+06
1.199961e+06
1.244571e+06
1.290027e+06
1.336327e+06
1.383466e+06
1.431442e+06
1.480251e+06
1.529890e+06
1.580354e+06
1.631641e+06
1.683746e+06
1.736666e+06
1.790397e+06
1.844936e+06
1.900278e+06
1.956419e+06
2.013356e+06
2.071085e+06
2.129601e+06
2.188901e+06
2.248980e+06
2.309833e+06
2.371458e+06
2.433849e+06
2.497003e+06
2.560914e+06
2.625579e+06
2.690992e+06
2.757149e+06
2.824046e+06
2.891678e+06
2.960041e+06
3.029129e+06
3.098937e+06
3.169462e+06
3.240697e+06
3.312638e+06
3.385280e+06
3.458618e+06
3.532647e+06
3.607362e+06
3.682757e+06
3.758827e+06
3.835567e+06
3.912971e+06
3.991034e+06
4.069751e+06
4.149116e+06
4.229123e+06
4.309767e+06
4.391043e+06
4.472943e+06
4.555463e+06
4.638598e+06
