1.75993012
1.76000812
1.76008612
1.76016612
1.76024712
1.76032812
1.76040912
1.76048912
1.76056812
1.76064512
1.76071812
1.76078612
1.76084712
1.76090012
1.76094112
1.76096812
1.76097812
1.76096612
1.76092712
1.76085712
1.76075012
1.76060012
1.76040112
1.76014912
1.75983712
1.75946412
1.75902912
1.75853412
1.75798512
1.75739112
1.75676512
1.75612212
1.75547912
1.75485312
1.75426012
1.75371012
1.75321512
1.75278012
1.75240712
1.75209612
1.75184412
1.75164512
1.75149512
1.75138812
1.75131812
1.75128012
1.75126812
1.75127712
1.75130412
1.75134612
1.75139812
1.75146012
1.75152812
1.75160112
1.75167812
1.75175712
1.75183712
1.75191812
1.75199912
1.75208012
1.75216012
1.75223812
1.75231612
1.75239212
1.75246612
1.75253812
1.75260912
1.75267812
1.75274512
1.75281012
1.75287312
1.75293512
1.75299512
1.75305312
1.75310912
1.75316412
1.75321712
1.75326912
1.75331912
1.75336712
1.75341412
1.75346012
1.75350512
1.75354812
1.75359012
1.75363112
1.75367112
1.75370912
1.75374712
1.75378412
1.75381912
1.75385412
1.75388712
1.75392012
1.75395212
1.75398312
1.75401412
1.75404312
1.75407212
1.75410012
1.75412812
