1.76059212
1.76067712
1.76076212
1.76084612
1.76092712
1.76100512
1.76107812
1.76114412
1.76120112
1.76124612
1.76127712
1.76129012
1.76128112
1.76124412
1.76117512
1.76106812
1.76091712
1.76071512
1.76045712
1.76013712
1.75975312
1.75930212
1.75878912
1.75821612
1.75759512
1.75693812
1.75626112
1.75558112
1.75491612
1.75428312
1.75369612
1.75316512
1.75269612
1.75229312
1.75195512
1.75168012
1.75146212
1.75129712
1.75117812
1.75109912
1.75105412
1.75103712
1.75104412
1.75107112
1.75111312
1.75116712
1.75123012
1.75130112
1.75137812
1.75145812
1.75154212
1.75162612
1.75171212
1.75179712
1.75188312
1.75196712
1.75205012
1.75213212
1.75221312
1.75229112
1.75236812
1.75244312
1.75251612
1.75258712
1.75265612
1.75272312
1.75278912
1.75285212
1.75291412
1.75297312
1.75303212
1.75308812
1.75314312
1.75319612
1.75324712
1.75329712
1.75334612
1.75339312
1.75343912
1.75348412
1.75352712
1.75356912
1.75361012
1.75365012
1.75368912
1.75372612
1.75376312
1.75379912
1.75383412
1.75386812
1.75390112
1.75393312
1.75396412
1.75399512
1.75402512
1.75405412
1.75408212
1.75411012
1.75413712
1.75416312
1.75418912
