5.906833e+07
5.906756e+07
5.906739e+07
5.906729e+07
5.906723e+07
5.906718e+07
5.906714e+07
5.906710e+07
5.906707e+07
5.906705e+07
5.906702e+07
5.906700e+07
5.906698e+07
5.906696e+07
5.906695e+07
5.906693e+07
5.906692e+07
5.906690e+07
5.906689e+07
5.906688e+07
5.906686e+07
5.906685e+07
5.906684e+07
5.906683e+07
5.906682e+07
5.906681e+07
5.906680e+07
5.906679e+07
5.906678e+07
5.906677e+07
5.906676e+07
5.906675e+07
5.906675e+07
5.906674e+07
5.906673e+07
5.906672e+07
5.906671e+07
5.906671e+07
5.906670e+07
5.906669e+07
5.906668e+07
5.906667e+07
5.906667e+07
5.906666e+07
5.906665e+07
5.906664e+07
5.906664e+07
5.906663e+07
5.906662e+07
5.906662e+07
5.906661e+07
5.906660e+07
5.906659e+07
5.906659e+07
5.906658e+07
5.906657e+07
5.906657e+07
5.906656e+07
5.906655e+07
5.906655e+07
5.906654e+07
5.906653e+07
5.906652e+07
5.906652e+07
5.906651e+07
5.906650e+07
5.906650e+07
5.906649e+07
5.906648e+07
5.906648e+07
5.906647e+07
5.906646e+07
5.906645e+07
5.906645e+07
5.906644e+07
5.906643e+07
5.906643e+07
5.906642e+07
5.906641e+07
5.906640e+07
5.906640e+07
5.906639e+07
5.906638e+07
5.906638e+07
5.906637e+07
5.906636e+07
5.906635e+07
5.906635e+07
5.906634e+07
5.906633e+07
5.906632e+07
5.906632e+07
5.906631e+07
5.906630e+07
5.906629e+07
5.906629e+07
5.906628e+07
5.906627e+07
5.906626e+07
5.906625e+07
5.906625e+07
5.906624e+07
5.906623e+07
5.906622e+07
5.906621e+07
5.906621e+07
5.906620e+07
5.906619e+07
5.906618e+07
5.906617e+07
5.906616e+07
5.906616e+07
5.906615e+07
5.906614e+07
5.906613e+07
5.906612e+07
5.906611e+07
5.906610e+07
5.906610e+07
5.906609e+07
5.906608e+07
5.906607e+07
5.906606e+07
5.906605e+07
5.906604e+07
5.906603e+07
5.906602e+07
5.906601e+07
5.906600e+07
5.906599e+07
5.906599e+07
5.906598e+07
5.906597e+07
5.906596e+07
5.906595e+07
5.906594e+07
5.906593e+07
5.906592e+07
5.906591e+07
5.906590e+07
5.906589e+07
5.906588e+07
5.906587e+07
5.906586e+07
5.906585e+07
5.906584e+07
5.906583e+07
5.906581e+07
5.906580e+07
5.906579e+07
5.906578e+07
5.906577e+07
5.906576e+07
5.906575e+07
5.906574e+07
5.906573e+07
5.906572e+07
5.906571e+07
5.906569e+07
5.906568e+07
5.906567e+07
5.906566e+07
5.906565e+07
5.906564e+07
5.906563e+07
5.906561e+07
5.906560e+07
5.906559e+07
5.906558e+07
5.906557e+07
5.906555e+07
5.906554e+07
5.906553e+07
5.906552e+07
5.906550e+07
5.906549e+07
5.906548e+07
5.906547e+07
5.906545e+07
5.906544e+07
5.906543e+07
5.906541e+07
5.906540e+07
5.906539e+07
5.906537e+07
5.906536e+07
5.906535e+07
5.906533e+07
5.906532e+07
5.906531e+07
5.906529e+07
5.906528e+07
5.906526e+07
5.906525e+07
5.906524e+07
5.906522e+07
5.906521e+07
5.906519e+07
5.906518e+07
5.906516e+07
5.906515e+07
5.906513e+07
5.906512e+07
5.906510e+07
5.906509e+07
5.906507e+07
5.906506e+07
5.906504e+07
5.906503e+07
5.906501e+07
5.906500e+07
5.906498e+07
5.906496e+07
5.906495e+07
5.906493e+07
5.906492e+07
5.906490e+07
5.906488e+07
5.906487e+07
5.906485e+07
5.906483e+07
5.906482e+07
5.906480e+07
5.906478e+07
5.906477e+07
5.906475e+07
5.906473e+07
5.906471e+07
5.906470e+07
5.906468e+07
5.906466e+07
5.906464e+07
5.906462e+07
5.906461e+07
5.906459e+07
5.906457e+07
5.906455e+07
5.906453e+07
5.906451e+07
5.906449e+07
5.906447e+07
5.906446e+07
5.906444e+07
5.906442e+07
5.906440e+07
5.906438e+07
5.906436e+07
5.906434e+07
5.906432e+07
5.906430e+07
5.906428e+07
5.906426e+07
5.906424e+07
5.906422e+07
5.906419e+07
5.906417e+07
5.906415e+07
5.906413e+07
5.906411e+07
5.906409e+07
5.906407e+07
5.906404e+07
5.906402e+07
5.906400e+07
5.906398e+07
5.906395e+07
5.906393e+07
5.906391e+07
5.906389e+07
5.906386e+07
5.906384e+07
5.906382e+07
5.906379e+07
5.906377e+07
5.906374e+07
5.906372e+07
5.906369e+07
5.906367e+07
5.906364e+07
5.906362e+07
5.906359e+07
5.906357e+07
5.906354e+07
5.906352e+07
5.906349e+07
5.906347e+07
5.906344e+07
5.906341e+07
5.906339e+07
5.906336e+07
5.906333e+07
5.906330e+07
5.906328e+07
5.906325e+07
5.906322e+07
5.906319e+07
5.906316e+07
5.906313e+07
5.906310e+07
5.906307e+07
5.906305e+07
5.906302e+07
5.906298e+07
5.906295e+07
5.906292e+07
5.906289e+07
5.906286e+07
5.906283e+07
5.906280e+07
5.906277e+07
5.906273e+07
5.906270e+07
5.906267e+07
5.906263e+07
5.906260e+07
5.906256e+07
5.906253e+07
5.906250e+07
5.906246e+07
5.906242e+07
5.906239e+07
5.906235e+07
5.906231e+07
5.906228e+07
5.906224e+07
5.906220e+07
5.906216e+07
5.906212e+07
5.906208e+07
5.906205e+07
5.906200e+07
5.906196e+07
5.906192e+07
5.906188e+07
5.906184e+07
5.906180e+07
5.906175e+07
5.906171e+07
5.906166e+07
5.906162e+07
5.906157e+07
5.906153e+07
5.906148e+07
5.906143e+07
5.906138e+07
5.906134e+07
5.906129e+07
5.906124e+07
5.906118e+07
5.906113e+07
5.906108e+07
5.906103e+07
5.906097e+07
5.906092e+07
5.906086e+07
5.906081e+07
5.906075e+07
5.906069e+07
5.906063e+07
5.906057e+07
5.906051e+07
5.906045e+07
5.906038e+07
5.906032e+07
5.906025e+07
5.906019e+07
5.906012e+07
5.906005e+07
5.905998e+07
5.905991e+07
5.905984e+07
5.905976e+07
5.905969e+07
5.905961e+07
5.905953e+07
5.905946e+07
5.905937e+07
5.905929e+07
5.905921e+07
5.905912e+07
5.905903e+07
5.905895e+07
5.905885e+07
5.905876e+07
5.905867e+07
5.905857e+07
5.905847e+07
5.905837e+07
5.905827e+07
5.905816e+07
5.905806e+07
5.905795e+07
5.905784e+07
5.905772e+07
5.905761e+07
5.905749e+07
5.905737e+07
5.905724e+07
5.905711e+07
5.905698e+07
5.905685e+07
5.905671e+07
5.905657e+07
5.905643e+07
5.905629e+07
5.905614e+07
5.905598e+07
5.905583e+07
5.905567e+07
5.905550e+07
5.905534e+07
5.905516e+07
5.905499e+07
5.905481e+07
5.905462e+07
5.905443e+07
5.905424e+07
5.905404e+07
5.905383e+07
5.905362e+07
5.905341e+07
5.905319e+07
5.905296e+07
5.905273e+07
5.905249e+07
5.905225e+07
5.905200e+07
5.905174e+07
5.905148e+07
5.905121e+07
5.905093e+07
5.905065e+07
5.905036e+07
5.905005e+07
5.904975e+07
5.904943e+07
5.904910e+07
5.904877e+07
5.904843e+07
5.904807e+07
5.904771e+07
5.904734e+07
5.904696e+07
5.904656e+07
5.904616e+07
5.904575e+07
5.904532e+07
5.904488e+07
5.904443e+07
5.904397e+07
5.904349e+07
5.904300e+07
5.904250e+07
5.904198e+07
5.904144e+07
5.904090e+07
5.904033e+07
5.903975e+07
5.903916e+07
5.903854e+07
5.903791e+07
5.903726e+07
5.903660e+07
5.903591e+07
5.903520e+07
5.903447e+07
5.903372e+07
5.903295e+07
5.903216e+07
5.903134e+07
5.903050e+07
5.902964e+07
5.902875e+07
5.902783e+07
5.902689e+07
5.902592e+07
5.902492e+07
5.902389e+07
5.902283e+07
5.902174e+07
5.902062e+07
5.901946e+07
5.901827e+07
5.901704e+07
5.901578e+07
5.901448e+07
5.901314e+07
5.901176e+07
5.901034e+07
5.900888e+07
5.900737e+07
5.900582e+07
5.900422e+07
5.900257e+07
5.900088e+07
5.899913e+07
5.899733e+07
5.899548e+07
5.899356e+07
5.899160e+07
5.898957e+07
5.898748e+07
5.898533e+07
5.898311e+07
5.898083e+07
5.897848e+07
5.897605e+07
5.897355e+07
5.897098e+07
5.896833e+07
5.896559e+07
5.896278e+07
5.895987e+07
5.895688e+07
5.895380e+07
5.895063e+07
5.894735e+07
5.894398e+07
5.894050e+07
5.893692e+07
5.893323e+07
5.892943e+07
5.892550e+07
5.892146e+07
5.891730e+07
5.891301e+07
5.890858e+07
5.890402e+07
5.889932e+07
5.889448e+07
5.888948e+07
5.888434e+07
5.887903e+07
5.887356e+07
5.886793e+07
5.886212e+07
5.885613e+07
5.884995e+07
5.884359e+07
5.883703e+07
5.883027e+07
5.882330e+07
5.881611e+07
5.880870e+07
5.880106e+07
5.879319e+07
5.878507e+07
5.877671e+07
5.876808e+07
5.875919e+07
5.875002e+07
5.874056e+07
5.873082e+07
5.872077e+07
5.871041e+07
5.869973e+07
5.868872e+07
5.867736e+07
5.866566e+07
5.865359e+07
5.864114e+07
5.862831e+07
5.861508e+07
5.860144e+07
5.858737e+07
5.857287e+07
5.855791e+07
5.854249e+07
5.852659e+07
5.851019e+07
5.849328e+07
5.847585e+07
5.845787e+07
5.843932e+07
5.842020e+07
5.840048e+07
5.838015e+07
5.835918e+07
5.833755e+07
5.831525e+07
5.829224e+07
5.826852e+07
5.824405e+07
5.821882e+07
5.819279e+07
5.816595e+07
5.813826e+07
5.810971e+07
5.808026e+07
5.804987e+07
5.801854e+07
5.798621e+07
5.795287e+07
5.791848e+07
5.788300e+07
5.784640e+07
5.780865e+07
5.776970e+07
5.772952e+07
5.768806e+07
5.764530e+07
5.760118e+07
5.755565e+07
5.750869e+07
5.746023e+07
5.741022e+07
5.735863e+07
5.730539e+07
5.725046e+07
5.719377e+07
5.713527e+07
5.707489e+07
5.701259e+07
5.694828e+07
5.688192e+07
5.681342e+07
5.674271e+07
5.666974e+07
5.659440e+07
5.651664e+07
5.643636e+07
5.635348e+07
5.626791e+07
5.617956e+07
5.608834e+07
5.599415e+07
5.589689e+07
5.579644e+07
5.569271e+07
5.558557e+07
5.547491e+07
5.536061e+07
5.524253e+07
5.512055e+07
5.499453e+07
5.486432e+07
5.472977e+07
5.459073e+07
5.444704e+07
5.429852e+07
5.414501e+07
5.398631e+07
5.382224e+07
5.365260e+07
5.347718e+07
5.329576e+07
5.310812e+07
5.291402e+07
5.271321e+07
5.250543e+07
5.229040e+07
5.206785e+07
5.183748e+07
5.159897e+07
5.135199e+07
5.109619e+07
5.083121e+07
5.055668e+07
5.027217e+07
4.997727e+07
4.967153e+07
4.935446e+07
4.902557e+07
4.868432e+07
4.833013e+07
4.796242e+07
4.758054e+07
4.718379e+07
4.677145e+07
4.634274e+07
4.589681e+07
4.543277e+07
4.494964e+07
4.444636e+07
4.392181e+07
4.337475e+07
4.280383e+07
4.220758e+07
4.158439e+07
4.093249e+07
4.024990e+07
3.953444e+07
3.878367e+07
3.799485e+07
3.716485e+07
3.629015e+07
3.536667e+07
3.438968e+07
3.335364e+07
3.225198e+07
3.107679e+07
2.981840e+07
2.846472e+07
2.700035e+07
2.540506e+07
2.365130e+07
2.169985e+07
1.949151e+07
1.692966e+07
1.383958e+07
9.861361e+06
0.000000e+00
0.000000e+00
0.000000e+00
0.000000e+00
0.000000e+00
0.000000e+00
0.000000e+00
0.000000e+00
0.000000e+00
0.000000e+00
0.000000e+00
0.000000e+00
0.000000e+00
0.000000e+00
0.000000e+00
0.000000e+00
0.000000e+00
0.000000e+00
0.000000e+00
0.000000e+00
0.000000e+00
0.000000e+00
0.000000e+00
0.000000e+00
0.000000e+00
0.000000e+00
0.000000e+00
0.000000e+00
0.000000e+00
0.000000e+00
0.000000e+00
0.000000e+00
0.000000e+00
0.000000e+00
0.000000e+00
0.000000e+00
0.000000e+00
0.000000e+00
0.000000e+00
0.000000e+00
0.000000e+00
0.000000e+00
0.000000e+00
0.000000e+00
0.000000e+00
0.000000e+00
0.000000e+00
0.000000e+00
0.000000e+00
0.000000e+00
0.000000e+00
0.000000e+00
0.000000e+00
0.000000e+00
0.000000e+00
0.000000e+00
0.000000e+00
0.000000e+00
0.000000e+00
0.000000e+00
0.000000e+00
0.000000e+00
0.000000e+00
0.000000e+00
0.000000e+00
0.000000e+00
0.000000e+00
0.000000e+00
0.000000e+00
0.000000e+00
0.000000e+00
0.000000e+00
0.000000e+00
0.000000e+00
0.000000e+00
0.000000e+00
0.000000e+00
0.000000e+00
0.000000e+00
0.000000e+00
0.000000e+00
0.000000e+00
0.000000e+00
0.000000e+00
0.000000e+00
0.000000e+00
0.000000e+00
0.000000e+00
0.000000e+00
0.000000e+00
0.000000e+00
0.000000e+00
0.000000e+00
0.000000e+00
0.000000e+00
0.000000e+00
0.000000e+00
0.000000e+00
0.000000e+00
0.000000e+00
0.000000e+00
0.000000e+00
0.000000e+00
0.000000e+00
0.000000e+00
0.000000e+00
0.000000e+00
0.000000e+00
0.000000e+00
0.000000e+00
0.000000e+00
0.000000e+00
0.000000e+00
0.000000e+00
0.000000e+00
0.000000e+00
0.000000e+00
0.000000e+00
0.000000e+00
0.000000e+00
0.000000e+00
0.000000e+00
0.000000e+00
0.000000e+00
0.000000e+00
0.000000e+00
0.000000e+00
0.000000e+00
0.000000e+00
0.000000e+00
0.000000e+00
0.000000e+00
0.000000e+00
0.000000e+00
0.000000e+00
0.000000e+00
0.000000e+00
0.000000e+00
0.000000e+00
0.000000e+00
0.000000e+00
0.000000e+00
0.000000e+00
0.000000e+00
0.000000e+00
0.000000e+00
0.000000e+00
0.000000e+00
0.000000e+00
0.000000e+00
0.000000e+00
0.000000e+00
0.000000e+00
0.000000e+00
0.000000e+00
0.000000e+00
0.000000e+00
0.000000e+00
0.000000e+00
0.000000e+00
0.000000e+00
0.000000e+00
0.000000e+00
0.000000e+00
0.000000e+00
0.000000e+00
0.000000e+00
0.000000e+00
0.000000e+00
0.000000e+00
0.000000e+00
0.000000e+00
0.000000e+00
0.000000e+00
0.000000e+00
0.000000e+00
0.000000e+00
0.000000e+00
0.000000e+00
0.000000e+00
0.000000e+00
0.000000e+00
0.000000e+00
0.000000e+00
0.000000e+00
0.000000e+00
0.000000e+00
0.000000e+00
0.000000e+00
0.000000e+00
0.000000e+00
0.000000e+00
0.000000e+00
0.000000e+00
0.000000e+00
0.000000e+00
0.000000e+00
0.000000e+00
0.000000e+00
0.000000e+00
0.000000e+00
0.000000e+00
0.000000e+00
0.000000e+00
0.000000e+00
0.000000e+00
0.000000e+00
0.000000e+00
0.000000e+00
0.000000e+00
0.000000e+00
0.000000e+00
0.000000e+00
0.000000e+00
0.000000e+00
0.000000e+00
0.000000e+00
0.000000e+00
0.000000e+00
0.000000e+00
0.000000e+00
0.000000e+00
0.000000e+00
0.000000e+00
0.000000e+00
0.000000e+00
0.000000e+00
0.000000e+00
0.000000e+00
0.000000e+00
0.000000e+00
0.000000e+00
0.000000e+00
0.000000e+00
0.000000e+00
0.000000e+00
0.000000e+00
0.000000e+00
0.000000e+00
0.000000e+00
0.000000e+00
0.000000e+00
0.000000e+00
0.000000e+00
0.000000e+00
0.000000e+00
0.000000e+00
0.000000e+00
0.000000e+00
0.000000e+00
0.000000e+00
0.000000e+00
0.000000e+00
0.000000e+00
0.000000e+00
0.000000e+00
0.000000e+00
0.000000e+00
0.000000e+00
0.000000e+00
0.000000e+00
0.000000e+00
0.000000e+00
0.000000e+00
0.000000e+00
0.000000e+00
0.000000e+00
0.000000e+00
0.000000e+00
0.000000e+00
0.000000e+00
0.000000e+00
0.000000e+00
0.000000e+00
0.000000e+00
0.000000e+00
0.000000e+00
0.000000e+00
0.000000e+00
0.000000e+00
0.000000e+00
0.000000e+00
0.000000e+00
0.000000e+00
0.000000e+00
0.000000e+00
0.000000e+00
0.000000e+00
0.000000e+00
0.000000e+00
0.000000e+00
0.000000e+00
0.000000e+00
0.000000e+00
0.000000e+00
0.000000e+00
0.000000e+00
0.000000e+00
0.000000e+00
0.000000e+00
0.000000e+00
0.000000e+00
0.000000e+00
0.000000e+00
0.000000e+00
0.000000e+00
0.000000e+00
0.000000e+00
0.000000e+00
0.000000e+00
0.000000e+00
0.000000e+00
0.000000e+00
0.000000e+00
0.000000e+00
0.000000e+00
0.000000e+00
0.000000e+00
0.000000e+00
0.000000e+00
0.000000e+00
0.000000e+00
0.000000e+00
0.000000e+00
0.000000e+00
0.000000e+00
0.000000e+00
0.000000e+00
0.000000e+00
0.000000e+00
0.000000e+00
0.000000e+00
0.000000e+00
0.000000e+00
0.000000e+00
0.000000e+00
0.000000e+00
0.000000e+00
0.000000e+00
0.000000e+00
0.000000e+00
0.000000e+00
0.000000e+00
0.000000e+00
0.000000e+00
0.000000e+00
0.000000e+00
0.000000e+00
0.000000e+00
0.000000e+00
0.000000e+00
0.000000e+00
0.000000e+00
0.000000e+00
0.000000e+00
0.000000e+00
0.000000e+00
0.000000e+00
0.000000e+00
0.000000e+00
0.000000e+00
0.000000e+00
0.000000e+00
0.000000e+00
0.000000e+00
0.000000e+00
0.000000e+00
0.000000e+00
0.000000e+00
0.000000e+00
0.000000e+00
0.000000e+00
0.000000e+00
0.000000e+00
0.000000e+00
0.000000e+00
0.000000e+00
0.000000e+00
0.000000e+00
0.000000e+00
0.000000e+00
0.000000e+00
0.000000e+00
0.000000e+00
0.000000e+00
0.000000e+00
0.000000e+00
0.000000e+00
0.000000e+00
0.000000e+00
0.000000e+00
0.000000e+00
0.000000e+00
0.000000e+00
0.000000e+00
0.000000e+00
0.000000e+00
0.000000e+00
0.000000e+00
0.000000e+00
0.000000e+00
0.000000e+00
0.000000e+00
0.000000e+00
0.000000e+00
0.000000e+00
0.000000e+00
0.000000e+00
0.000000e+00
0.000000e+00
0.000000e+00
0.000000e+00
0.000000e+00
0.000000e+00
0.000000e+00
0.000000e+00
0.000000e+00
0.000000e+00
0.000000e+00
0.000000e+00
0.000000e+00
0.000000e+00
0.000000e+00
0.000000e+00
0.000000e+00
0.000000e+00
0.000000e+00
0.000000e+00
0.000000e+00
0.000000e+00
0.000000e+00
0.000000e+00
0.000000e+00
0.000000e+00
0.000000e+00
0.000000e+00
0.000000e+00
0.000000e+00
0.000000e+00
0.000000e+00
0.000000e+00
0.000000e+00
0.000000e+00
0.000000e+00
0.000000e+00
0.000000e+00
0.000000e+00
0.000000e+00
0.000000e+00
0.000000e+00
0.000000e+00
0.000000e+00
0.000000e+00
0.000000e+00
0.000000e+00
0.000000e+00
0.000000e+00
0.000000e+00
0.000000e+00
0.000000e+00
0.000000e+00
0.000000e+00
0.000000e+00
0.000000e+00
0.000000e+00
0.000000e+00
0.000000e+00
0.000000e+00
0.000000e+00
0.000000e+00
0.000000e+00
0.000000e+00
0.000000e+00
0.000000e+00
0.000000e+00
0.000000e+00
0.000000e+00
0.000000e+00
0.000000e+00
0.000000e+00
0.000000e+00
0.000000e+00
0.000000e+00
0.000000e+00
0.000000e+00
0.000000e+00
0.000000e+00
0.000000e+00
0.000000e+00
0.000000e+00
0.000000e+00
0.000000e+00
0.000000e+00
0.000000e+00
0.000000e+00
0.000000e+00
0.000000e+00
0.000000e+00
0.000000e+00
0.000000e+00
0.000000e+00
0.000000e+00
0.000000e+00
0.000000e+00
0.000000e+00
0.000000e+00
0.000000e+00
0.000000e+00
0.000000e+00
0.000000e+00
0.000000e+00
0.000000e+00
0.000000e+00
0.000000e+00
0.000000e+00
0.000000e+00
0.000000e+00
0.000000e+00
0.000000e+00
0.000000e+00
0.000000e+00
0.000000e+00
0.000000e+00
0.000000e+00
0.000000e+00
0.000000e+00
0.000000e+00
0.000000e+00
0.000000e+00
0.000000e+00
0.000000e+00
0.000000e+00
0.000000e+00
0.000000e+00
0.000000e+00
0.000000e+00
0.000000e+00
0.000000e+00
0.000000e+00
0.000000e+00
0.000000e+00
0.000000e+00
0.000000e+00
0.000000e+00
0.000000e+00
0.000000e+00
0.000000e+00
0.000000e+00
0.000000e+00
0.000000e+00
0.000000e+00
0.000000e+00
0.000000e+00
0.000000e+00
0.000000e+00
0.000000e+00
0.000000e+00
0.000000e+00
0.000000e+00
0.000000e+00
0.000000e+00
0.000000e+00
0.000000e+00
0.000000e+00
0.000000e+00
0.000000e+00
0.000000e+00
0.000000e+00
0.000000e+00
0.000000e+00
0.000000e+00
0.000000e+00
0.000000e+00
0.000000e+00
0.000000e+00
0.000000e+00
0.000000e+00
0.000000e+00
0.000000e+00
0.000000e+00
0.000000e+00
0.000000e+00
0.000000e+00
0.000000e+00
0.000000e+00
0.000000e+00
0.000000e+00
0.000000e+00
0.000000e+00
0.000000e+00
0.000000e+00
0.000000e+00
0.000000e+00
0.000000e+00
0.000000e+00
0.000000e+00
0.000000e+00
0.000000e+00
0.000000e+00
0.000000e+00
0.000000e+00
0.000000e+00
0.000000e+00
0.000000e+00
0.000000e+00
0.000000e+00
0.000000e+00
0.000000e+00
0.000000e+00
0.000000e+00
0.000000e+00
0.000000e+00
0.000000e+00
0.000000e+00
0.000000e+00
0.000000e+00
0.000000e+00
0.000000e+00
0.000000e+00
0.000000e+00
0.000000e+00
0.000000e+00
0.000000e+00
0.000000e+00
0.000000e+00
0.000000e+00
0.000000e+00
0.000000e+00
0.000000e+00
0.000000e+00
0.000000e+00
0.000000e+00
0.000000e+00
0.000000e+00
0.000000e+00
0.000000e+00
0.000000e+00
0.000000e+00
0.000000e+00
0.000000e+00
0.000000e+00
0.000000e+00
0.000000e+00
0.000000e+00
0.000000e+00
0.000000e+00
0.000000e+00
0.000000e+00
0.000000e+00
0.000000e+00
0.000000e+00
0.000000e+00
0.000000e+00
0.000000e+00
0.000000e+00
0.000000e+00
0.000000e+00
0.000000e+00
0.000000e+00
0.000000e+00
0.000000e+00
0.000000e+00
0.000000e+00
0.000000e+00
0.000000e+00
0.000000e+00
0.000000e+00
0.000000e+00
0.000000e+00
0.000000e+00
0.000000e+00
0.000000e+00
0.000000e+00
0.000000e+00
0.000000e+00
0.000000e+00
0.000000e+00
0.000000e+00
0.000000e+00
0.000000e+00
0.000000e+00
0.000000e+00
0.000000e+00
0.000000e+00
0.000000e+00
0.000000e+00
0.000000e+00
0.000000e+00
0.000000e+00
0.000000e+00
0.000000e+00
0.000000e+00
0.000000e+00
0.000000e+00
0.000000e+00
0.000000e+00
0.000000e+00
0.000000e+00
0.000000e+00
0.000000e+00
0.000000e+00
0.000000e+00
0.000000e+00
0.000000e+00
0.000000e+00
0.000000e+00
0.000000e+00
0.000000e+00
0.000000e+00
0.000000e+00
0.000000e+00
0.000000e+00
0.000000e+00
0.000000e+00
0.000000e+00
0.000000e+00
0.000000e+00
0.000000e+00
0.000000e+00
0.000000e+00
0.000000e+00
0.000000e+00
0.000000e+00
0.000000e+00
0.000000e+00
0.000000e+00
0.000000e+00
0.000000e+00
0.000000e+00
0.000000e+00
0.000000e+00
0.000000e+00
0.000000e+00
0.000000e+00
0.000000e+00
0.000000e+00
0.000000e+00
0.000000e+00
0.000000e+00
0.000000e+00
0.000000e+00
0.000000e+00
0.000000e+00
0.000000e+00
0.000000e+00
0.000000e+00
0.000000e+00
0.000000e+00
0.000000e+00
0.000000e+00
0.000000e+00
0.000000e+00
0.000000e+00
0.000000e+00
0.000000e+00
0.000000e+00
0.000000e+00
0.000000e+00
0.000000e+00
0.000000e+00
0.000000e+00
0.000000e+00
0.000000e+00
0.000000e+00
0.000000e+00
0.000000e+00
0.000000e+00
0.000000e+00
0.000000e+00
0.000000e+00
0.000000e+00
0.000000e+00
0.000000e+00
0.000000e+00
0.000000e+00
0.000000e+00
0.000000e+00
0.000000e+00
0.000000e+00
0.000000e+00
0.000000e+00
0.000000e+00
0.000000e+00
0.000000e+00
0.000000e+00
0.000000e+00
0.000000e+00
0.000000e+00
0.000000e+00
0.000000e+00
0.000000e+00
0.000000e+00
0.000000e+00
0.000000e+00
0.000000e+00
0.000000e+00
0.000000e+00
0.000000e+00
0.000000e+00
0.000000e+00
0.000000e+00
0.000000e+00
0.000000e+00
0.000000e+00
0.000000e+00
0.000000e+00
0.000000e+00
0.000000e+00
0.000000e+00
0.000000e+00
0.000000e+00
0.000000e+00
0.000000e+00
0.000000e+00
0.000000e+00
0.000000e+00
0.000000e+00
0.000000e+00
0.000000e+00
0.000000e+00
0.000000e+00
0.000000e+00
0.000000e+00
0.000000e+00
0.000000e+00
0.000000e+00
0.000000e+00
0.000000e+00
0.000000e+00
0.000000e+00
0.000000e+00
0.000000e+00
0.000000e+00
0.000000e+00
0.000000e+00
0.000000e+00
0.000000e+00
0.000000e+00
0.000000e+00
0.000000e+00
0.000000e+00
0.000000e+00
0.000000e+00
0.000000e+00
0.000000e+00
0.000000e+00
0.000000e+00
0.000000e+00
0.000000e+00
0.000000e+00
0.000000e+00
0.000000e+00
0.000000e+00
0.000000e+00
0.000000e+00
0.000000e+00
0.000000e+00
0.000000e+00
0.000000e+00
0.000000e+00
0.000000e+00
0.000000e+00
0.000000e+00
0.000000e+00
0.000000e+00
0.000000e+00
0.000000e+00
0.000000e+00
0.000000e+00
0.000000e+00
0.000000e+00
0.000000e+00
0.000000e+00
0.000000e+00
0.000000e+00
0.000000e+00
0.000000e+00
0.000000e+00
0.000000e+00
0.000000e+00
0.000000e+00
0.000000e+00
0.000000e+00
0.000000e+00
0.000000e+00
0.000000e+00
0.000000e+00
0.000000e+00
0.000000e+00
0.000000e+00
0.000000e+00
0.000000e+00
0.000000e+00
0.000000e+00
0.000000e+00
0.000000e+00
0.000000e+00
0.000000e+00
0.000000e+00
0.000000e+00
0.000000e+00
0.000000e+00
0.000000e+00
0.000000e+00
0.000000e+00
0.000000e+00
0.000000e+00
0.000000e+00
0.000000e+00
0.000000e+00
0.000000e+00
0.000000e+00
0.000000e+00
0.000000e+00
0.000000e+00
0.000000e+00
0.000000e+00
0.000000e+00
0.000000e+00
0.000000e+00
0.000000e+00
0.000000e+00
0.000000e+00
0.000000e+00
0.000000e+00
0.000000e+00
0.000000e+00
0.000000e+00
0.000000e+00
0.000000e+00
0.000000e+00
0.000000e+00
0.000000e+00
0.000000e+00
0.000000e+00
0.000000e+00
0.000000e+00
0.000000e+00
0.000000e+00
0.000000e+00
0.000000e+00
0.000000e+00
0.000000e+00
0.000000e+00
0.000000e+00
0.000000e+00
0.000000e+00
0.000000e+00
0.000000e+00
0.000000e+00
0.000000e+00
0.000000e+00
0.000000e+00
0.000000e+00
0.000000e+00
0.000000e+00
0.000000e+00
0.000000e+00
0.000000e+00
0.000000e+00
0.000000e+00
0.000000e+00
0.000000e+00
0.000000e+00
0.000000e+00
0.000000e+00
0.000000e+00
0.000000e+00
0.000000e+00
0.000000e+00
0.000000e+00
0.000000e+00
0.000000e+00
0.000000e+00
0.000000e+00
0.000000e+00
0.000000e+00
0.000000e+00
0.000000e+00
0.000000e+00
0.000000e+00
0.000000e+00
0.000000e+00
0.000000e+00
0.000000e+00
0.000000e+00
0.000000e+00
0.000000e+00
0.000000e+00
0.000000e+00
0.000000e+00
0.000000e+00
0.000000e+00
0.000000e+00
0.000000e+00
0.000000e+00
0.000000e+00
0.000000e+00
0.000000e+00
0.000000e+00
0.000000e+00
0.000000e+00
0.000000e+00
0.000000e+00
0.000000e+00
0.000000e+00
0.000000e+00
0.000000e+00
0.000000e+00
0.000000e+00
0.000000e+00
0.000000e+00
0.000000e+00
0.000000e+00
0.000000e+00
0.000000e+00
0.000000e+00
0.000000e+00
0.000000e+00
0.000000e+00
0.000000e+00
0.000000e+00
0.000000e+00
0.000000e+00
0.000000e+00
0.000000e+00
0.000000e+00
0.000000e+00
0.000000e+00
0.000000e+00
0.000000e+00
0.000000e+00
0.000000e+00
0.000000e+00
0.000000e+00
0.000000e+00
0.000000e+00
0.000000e+00
0.000000e+00
0.000000e+00
0.000000e+00
0.000000e+00
0.000000e+00
0.000000e+00
0.000000e+00
0.000000e+00
0.000000e+00
0.000000e+00
0.000000e+00
0.000000e+00
0.000000e+00
0.000000e+00
0.000000e+00
0.000000e+00
0.000000e+00
0.000000e+00
0.000000e+00
0.000000e+00
0.000000e+00
0.000000e+00
0.000000e+00
0.000000e+00
0.000000e+00
0.000000e+00
0.000000e+00
0.000000e+00
0.000000e+00
0.000000e+00
0.000000e+00
0.000000e+00
0.000000e+00
0.000000e+00
0.000000e+00
0.000000e+00
0.000000e+00
0.000000e+00
0.000000e+00
0.000000e+00
0.000000e+00
0.000000e+00
0.000000e+00
0.000000e+00
0.000000e+00
0.000000e+00
0.000000e+00
0.000000e+00
0.000000e+00
0.000000e+00
0.000000e+00
0.000000e+00
0.000000e+00
0.000000e+00
0.000000e+00
0.000000e+00
0.000000e+00
0.000000e+00
0.000000e+00
0.000000e+00
0.000000e+00
0.000000e+00
