5.882643e+07
5.882566e+07
5.882549e+07
5.882540e+07
5.882533e+07
5.882528e+07
5.882524e+07
5.882521e+07
5.882518e+07
5.882515e+07
5.882513e+07
5.882511e+07
5.882509e+07
5.882507e+07
5.882505e+07
5.882504e+07
5.882502e+07
5.882501e+07
5.882500e+07
5.882498e+07
5.882497e+07
5.882496e+07
5.882495e+07
5.882494e+07
5.882493e+07
5.882492e+07
5.882491e+07
5.882490e+07
5.882489e+07
5.882488e+07
5.882487e+07
5.882486e+07
5.882485e+07
5.882484e+07
5.882484e+07
5.882483e+07
5.882482e+07
5.882481e+07
5.882480e+07
5.882480e+07
5.882479e+07
5.882478e+07
5.882477e+07
5.882477e+07
5.882476e+07
5.882475e+07
5.882475e+07
5.882474e+07
5.882473e+07
5.882472e+07
5.882472e+07
5.882471e+07
5.882470e+07
5.882470e+07
5.882469e+07
5.882468e+07
5.882467e+07
5.882467e+07
5.882466e+07
5.882465e+07
5.882465e+07
5.882464e+07
5.882463e+07
5.882463e+07
5.882462e+07
5.882461e+07
5.882461e+07
5.882460e+07
5.882459e+07
5.882459e+07
5.882458e+07
5.882457e+07
5.882456e+07
5.882456e+07
5.882455e+07
5.882454e+07
5.882454e+07
5.882453e+07
5.882452e+07
5.882452e+07
5.882451e+07
5.882450e+07
5.882449e+07
5.882449e+07
5.882448e+07
5.882447e+07
5.882446e+07
5.882446e+07
5.882445e+07
5.882444e+07
5.882444e+07
5.882443e+07
5.882442e+07
5.882441e+07
5.882441e+07
5.882440e+07
5.882439e+07
5.882438e+07
5.882437e+07
5.882437e+07
5.882436e+07
5.882435e+07
5.882434e+07
5.882434e+07
5.882433e+07
5.882432e+07
5.882431e+07
5.882430e+07
5.882429e+07
5.882429e+07
5.882428e+07
5.882427e+07
5.882426e+07
5.882425e+07
5.882424e+07
5.882424e+07
5.882423e+07
5.882422e+07
5.882421e+07
5.882420e+07
5.882419e+07
5.882418e+07
5.882418e+07
5.882417e+07
5.882416e+07
5.882415e+07
5.882414e+07
5.882413e+07
5.882412e+07
5.882411e+07
5.882410e+07
5.882409e+07
5.882408e+07
5.882407e+07
5.882406e+07
5.882405e+07
5.882405e+07
5.882404e+07
5.882403e+07
5.882402e+07
5.882401e+07
5.882400e+07
5.882399e+07
5.882398e+07
5.882397e+07
5.882396e+07
5.882394e+07
5.882393e+07
5.882392e+07
5.882391e+07
5.882390e+07
5.882389e+07
5.882388e+07
5.882387e+07
5.882386e+07
5.882385e+07
5.882384e+07
5.882383e+07
5.882382e+07
5.882380e+07
5.882379e+07
5.882378e+07
5.882377e+07
5.882376e+07
5.882375e+07
5.882374e+07
5.882372e+07
5.882371e+07
5.882370e+07
5.882369e+07
5.882368e+07
5.882367e+07
5.882365e+07
5.882364e+07
5.882363e+07
5.882362e+07
5.882360e+07
5.882359e+07
5.882358e+07
5.882357e+07
5.882355e+07
5.882354e+07
5.882353e+07
5.882351e+07
5.882350e+07
5.882349e+07
5.882347e+07
5.882346e+07
5.882345e+07
5.882343e+07
5.882342e+07
5.882341e+07
5.882339e+07
5.882338e+07
5.882337e+07
5.882335e+07
5.882334e+07
5.882332e+07
5.882331e+07
5.882329e+07
5.882328e+07
5.882327e+07
5.882325e+07
5.882324e+07
5.882322e+07
5.882321e+07
5.882319e+07
5.882318e+07
5.882316e+07
5.882315e+07
5.882313e+07
5.882311e+07
5.882310e+07
5.882308e+07
5.882307e+07
5.882305e+07
5.882303e+07
5.882302e+07
5.882300e+07
5.882299e+07
5.882297e+07
5.882295e+07
5.882294e+07
5.882292e+07
5.882290e+07
5.882289e+07
5.882287e+07
5.882285e+07
5.882283e+07
5.882282e+07
5.882280e+07
5.882278e+07
5.882276e+07
5.882275e+07
5.882273e+07
5.882271e+07
5.882269e+07
5.882267e+07
5.882265e+07
5.882264e+07
5.882262e+07
5.882260e+07
5.882258e+07
5.882256e+07
5.882254e+07
5.882252e+07
5.882250e+07
5.882248e+07
5.882246e+07
5.882244e+07
5.882242e+07
5.882240e+07
5.882238e+07
5.882236e+07
5.882234e+07
5.882232e+07
5.882230e+07
5.882228e+07
5.882226e+07
5.882224e+07
5.882222e+07
5.882219e+07
5.882217e+07
5.882215e+07
5.882213e+07
5.882211e+07
5.882208e+07
5.882206e+07
5.882204e+07
5.882202e+07
5.882199e+07
5.882197e+07
5.882195e+07
5.882192e+07
5.882190e+07
5.882188e+07
5.882185e+07
5.882183e+07
5.882180e+07
5.882178e+07
5.882175e+07
5.882173e+07
5.882170e+07
5.882168e+07
5.882165e+07
5.882163e+07
5.882160e+07
5.882157e+07
5.882155e+07
5.882152e+07
5.882150e+07
5.882147e+07
5.882144e+07
5.882141e+07
5.882139e+07
5.882136e+07
5.882133e+07
5.882130e+07
5.882127e+07
5.882124e+07
5.882122e+07
5.882119e+07
5.882116e+07
5.882113e+07
5.882110e+07
5.882107e+07
5.882104e+07
5.882100e+07
5.882097e+07
5.882094e+07
5.882091e+07
5.882088e+07
5.882084e+07
5.882081e+07
5.882078e+07
5.882075e+07
5.882071e+07
5.882068e+07
5.882064e+07
5.882061e+07
5.882057e+07
5.882054e+07
5.882050e+07
5.882047e+07
5.882043e+07
5.882039e+07
5.882035e+07
5.882032e+07
5.882028e+07
5.882024e+07
5.882020e+07
5.882016e+07
5.882012e+07
5.882008e+07
5.882004e+07
5.882000e+07
5.881995e+07
5.881991e+07
5.881987e+07
5.881982e+07
5.881978e+07
5.881974e+07
5.881969e+07
5.881964e+07
5.881960e+07
5.881955e+07
5.881950e+07
5.881945e+07
5.881940e+07
5.881935e+07
5.881930e+07
5.881925e+07
5.881920e+07
5.881915e+07
5.881909e+07
5.881904e+07
5.881898e+07
5.881893e+07
5.881887e+07
5.881881e+07
5.881875e+07
5.881869e+07
5.881863e+07
5.881857e+07
5.881851e+07
5.881844e+07
5.881838e+07
5.881831e+07
5.881824e+07
5.881818e+07
5.881811e+07
5.881803e+07
5.881796e+07
5.881789e+07
5.881781e+07
5.881774e+07
5.881766e+07
5.881758e+07
5.881750e+07
5.881742e+07
5.881733e+07
5.881725e+07
5.881716e+07
5.881707e+07
5.881698e+07
5.881689e+07
5.881680e+07
5.881670e+07
5.881660e+07
5.881650e+07
5.881640e+07
5.881630e+07
5.881619e+07
5.881608e+07
5.881597e+07
5.881585e+07
5.881574e+07
5.881562e+07
5.881550e+07
5.881537e+07
5.881525e+07
5.881512e+07
5.881499e+07
5.881485e+07
5.881471e+07
5.881457e+07
5.881442e+07
5.881428e+07
5.881412e+07
5.881397e+07
5.881381e+07
5.881364e+07
5.881348e+07
5.881331e+07
5.881313e+07
5.881295e+07
5.881277e+07
5.881258e+07
5.881238e+07
5.881218e+07
5.881198e+07
5.881177e+07
5.881156e+07
5.881134e+07
5.881111e+07
5.881088e+07
5.881065e+07
5.881040e+07
5.881015e+07
5.880990e+07
5.880964e+07
5.880937e+07
5.880909e+07
5.880880e+07
5.880851e+07
5.880821e+07
5.880791e+07
5.880759e+07
5.880727e+07
5.880693e+07
5.880659e+07
5.880624e+07
5.880588e+07
5.880551e+07
5.880513e+07
5.880474e+07
5.880433e+07
5.880392e+07
5.880349e+07
5.880306e+07
5.880261e+07
5.880215e+07
5.880167e+07
5.880118e+07
5.880068e+07
5.880016e+07
5.879963e+07
5.879909e+07
5.879852e+07
5.879795e+07
5.879735e+07
5.879674e+07
5.879611e+07
5.879546e+07
5.879480e+07
5.879411e+07
5.879341e+07
5.879268e+07
5.879194e+07
5.879117e+07
5.879038e+07
5.878956e+07
5.878873e+07
5.878786e+07
5.878698e+07
5.878606e+07
5.878512e+07
5.878416e+07
5.878316e+07
5.878213e+07
5.878108e+07
5.877999e+07
5.877887e+07
5.877772e+07
5.877653e+07
5.877531e+07
5.877405e+07
5.877275e+07
5.877142e+07
5.877004e+07
5.876862e+07
5.876717e+07
5.876566e+07
5.876412e+07
5.876252e+07
5.876088e+07
5.875919e+07
5.875745e+07
5.875565e+07
5.875380e+07
5.875190e+07
5.874994e+07
5.874792e+07
5.874583e+07
5.874369e+07
5.874148e+07
5.873920e+07
5.873685e+07
5.873444e+07
5.873195e+07
5.872938e+07
5.872673e+07
5.872401e+07
5.872120e+07
5.871831e+07
5.871533e+07
5.871225e+07
5.870909e+07
5.870582e+07
5.870246e+07
5.869899e+07
5.869542e+07
5.869174e+07
5.868795e+07
5.868404e+07
5.868001e+07
5.867586e+07
5.867158e+07
5.866717e+07
5.866262e+07
5.865793e+07
5.865310e+07
5.864812e+07
5.864299e+07
5.863770e+07
5.863225e+07
5.862663e+07
5.862083e+07
5.861486e+07
5.860871e+07
5.860236e+07
5.859582e+07
5.858907e+07
5.858212e+07
5.857496e+07
5.856757e+07
5.855995e+07
5.855210e+07
5.854401e+07
5.853567e+07
5.852706e+07
5.851819e+07
5.850905e+07
5.849963e+07
5.848991e+07
5.847989e+07
5.846956e+07
5.845891e+07
5.844793e+07
5.843660e+07
5.842493e+07
5.841289e+07
5.840048e+07
5.838769e+07
5.837450e+07
5.836089e+07
5.834686e+07
5.833240e+07
5.831749e+07
5.830211e+07
5.828625e+07
5.826990e+07
5.825304e+07
5.823565e+07
5.821772e+07
5.819923e+07
5.818016e+07
5.816049e+07
5.814022e+07
5.811930e+07
5.809773e+07
5.807549e+07
5.805255e+07
5.802890e+07
5.800450e+07
5.797933e+07
5.795338e+07
5.792661e+07
5.789900e+07
5.787052e+07
5.784115e+07
5.781085e+07
5.777960e+07
5.774737e+07
5.771412e+07
5.767982e+07
5.764444e+07
5.760794e+07
5.757029e+07
5.753145e+07
5.749138e+07
5.745004e+07
5.740739e+07
5.736339e+07
5.731799e+07
5.727116e+07
5.722283e+07
5.717297e+07
5.712151e+07
5.706842e+07
5.701364e+07
5.695711e+07
5.689877e+07
5.683856e+07
5.677643e+07
5.671231e+07
5.664612e+07
5.657782e+07
5.650731e+07
5.643453e+07
5.635941e+07
5.628186e+07
5.620181e+07
5.611916e+07
5.603383e+07
5.594573e+07
5.585477e+07
5.576085e+07
5.566386e+07
5.556369e+07
5.546026e+07
5.535342e+07
5.524308e+07
5.512910e+07
5.501136e+07
5.488973e+07
5.476407e+07
5.463423e+07
5.450007e+07
5.436144e+07
5.421816e+07
5.407008e+07
5.391701e+07
5.375878e+07
5.359519e+07
5.342605e+07
5.325115e+07
5.307027e+07
5.288319e+07
5.268967e+07
5.248946e+07
5.228231e+07
5.206793e+07
5.184606e+07
5.161639e+07
5.137861e+07
5.113239e+07
5.087739e+07
5.061324e+07
5.033957e+07
5.005596e+07
4.976199e+07
4.945722e+07
4.914118e+07
4.881335e+07
4.847320e+07
4.812018e+07
4.775368e+07
4.737306e+07
4.697764e+07
4.656669e+07
4.613943e+07
4.569503e+07
4.523258e+07
4.475113e+07
4.424962e+07
4.372692e+07
4.318181e+07
4.261294e+07
4.201885e+07
4.139795e+07
4.074846e+07
4.006842e+07
3.935566e+07
3.860775e+07
3.782197e+07
3.699521e+07
3.612395e+07
3.520415e+07
3.423110e+07
3.319929e+07
3.210218e+07
3.093190e+07
2.967883e+07
2.833095e+07
2.687295e+07
2.528468e+07
2.353874e+07
2.159612e+07
1.939791e+07
1.684797e+07
1.377247e+07
9.813293e+06
0.000000e+00
0.000000e+00
0.000000e+00
0.000000e+00
0.000000e+00
0.000000e+00
0.000000e+00
0.000000e+00
0.000000e+00
0.000000e+00
0.000000e+00
0.000000e+00
0.000000e+00
0.000000e+00
0.000000e+00
0.000000e+00
0.000000e+00
0.000000e+00
0.000000e+00
0.000000e+00
0.000000e+00
0.000000e+00
0.000000e+00
0.000000e+00
0.000000e+00
0.000000e+00
0.000000e+00
0.000000e+00
0.000000e+00
0.000000e+00
0.000000e+00
0.000000e+00
0.000000e+00
0.000000e+00
0.000000e+00
0.000000e+00
0.000000e+00
0.000000e+00
0.000000e+00
0.000000e+00
0.000000e+00
0.000000e+00
0.000000e+00
0.000000e+00
0.000000e+00
0.000000e+00
0.000000e+00
0.000000e+00
0.000000e+00
0.000000e+00
0.000000e+00
0.000000e+00
0.000000e+00
0.000000e+00
0.000000e+00
0.000000e+00
0.000000e+00
0.000000e+00
0.000000e+00
0.000000e+00
0.000000e+00
0.000000e+00
0.000000e+00
0.000000e+00
0.000000e+00
0.000000e+00
0.000000e+00
0.000000e+00
0.000000e+00
0.000000e+00
0.000000e+00
0.000000e+00
0.000000e+00
0.000000e+00
0.000000e+00
0.000000e+00
0.000000e+00
0.000000e+00
0.000000e+00
0.000000e+00
0.000000e+00
0.000000e+00
0.000000e+00
0.000000e+00
0.000000e+00
0.000000e+00
0.000000e+00
0.000000e+00
0.000000e+00
0.000000e+00
0.000000e+00
0.000000e+00
0.000000e+00
0.000000e+00
0.000000e+00
0.000000e+00
0.000000e+00
0.000000e+00
0.000000e+00
0.000000e+00
0.000000e+00
0.000000e+00
0.000000e+00
0.000000e+00
0.000000e+00
0.000000e+00
0.000000e+00
0.000000e+00
0.000000e+00
0.000000e+00
0.000000e+00
0.000000e+00
0.000000e+00
0.000000e+00
0.000000e+00
0.000000e+00
0.000000e+00
0.000000e+00
0.000000e+00
0.000000e+00
0.000000e+00
0.000000e+00
0.000000e+00
0.000000e+00
0.000000e+00
0.000000e+00
0.000000e+00
0.000000e+00
0.000000e+00
0.000000e+00
0.000000e+00
0.000000e+00
0.000000e+00
0.000000e+00
0.000000e+00
0.000000e+00
0.000000e+00
0.000000e+00
0.000000e+00
0.000000e+00
0.000000e+00
0.000000e+00
0.000000e+00
0.000000e+00
0.000000e+00
0.000000e+00
0.000000e+00
0.000000e+00
0.000000e+00
0.000000e+00
0.000000e+00
0.000000e+00
0.000000e+00
0.000000e+00
0.000000e+00
0.000000e+00
0.000000e+00
0.000000e+00
0.000000e+00
0.000000e+00
0.000000e+00
0.000000e+00
0.000000e+00
0.000000e+00
0.000000e+00
0.000000e+00
0.000000e+00
0.000000e+00
0.000000e+00
0.000000e+00
0.000000e+00
0.000000e+00
0.000000e+00
0.000000e+00
0.000000e+00
0.000000e+00
0.000000e+00
0.000000e+00
0.000000e+00
0.000000e+00
0.000000e+00
0.000000e+00
0.000000e+00
0.000000e+00
0.000000e+00
0.000000e+00
0.000000e+00
0.000000e+00
0.000000e+00
0.000000e+00
0.000000e+00
0.000000e+00
0.000000e+00
0.000000e+00
0.000000e+00
0.000000e+00
0.000000e+00
0.000000e+00
0.000000e+00
0.000000e+00
0.000000e+00
0.000000e+00
0.000000e+00
0.000000e+00
0.000000e+00
0.000000e+00
0.000000e+00
0.000000e+00
0.000000e+00
0.000000e+00
0.000000e+00
0.000000e+00
0.000000e+00
0.000000e+00
0.000000e+00
0.000000e+00
0.000000e+00
0.000000e+00
0.000000e+00
0.000000e+00
0.000000e+00
0.000000e+00
0.000000e+00
0.000000e+00
0.000000e+00
0.000000e+00
0.000000e+00
0.000000e+00
0.000000e+00
0.000000e+00
0.000000e+00
0.000000e+00
0.000000e+00
0.000000e+00
0.000000e+00
0.000000e+00
0.000000e+00
0.000000e+00
0.000000e+00
0.000000e+00
0.000000e+00
0.000000e+00
0.000000e+00
0.000000e+00
0.000000e+00
0.000000e+00
0.000000e+00
0.000000e+00
0.000000e+00
0.000000e+00
0.000000e+00
0.000000e+00
0.000000e+00
0.000000e+00
0.000000e+00
0.000000e+00
0.000000e+00
0.000000e+00
0.000000e+00
0.000000e+00
0.000000e+00
0.000000e+00
0.000000e+00
0.000000e+00
0.000000e+00
0.000000e+00
0.000000e+00
0.000000e+00
0.000000e+00
0.000000e+00
0.000000e+00
0.000000e+00
0.000000e+00
0.000000e+00
0.000000e+00
0.000000e+00
0.000000e+00
0.000000e+00
0.000000e+00
0.000000e+00
0.000000e+00
0.000000e+00
0.000000e+00
0.000000e+00
0.000000e+00
0.000000e+00
0.000000e+00
0.000000e+00
0.000000e+00
0.000000e+00
0.000000e+00
0.000000e+00
0.000000e+00
0.000000e+00
0.000000e+00
0.000000e+00
0.000000e+00
0.000000e+00
0.000000e+00
0.000000e+00
0.000000e+00
0.000000e+00
0.000000e+00
0.000000e+00
0.000000e+00
0.000000e+00
0.000000e+00
0.000000e+00
0.000000e+00
0.000000e+00
0.000000e+00
0.000000e+00
0.000000e+00
0.000000e+00
0.000000e+00
0.000000e+00
0.000000e+00
0.000000e+00
0.000000e+00
0.000000e+00
0.000000e+00
0.000000e+00
0.000000e+00
0.000000e+00
0.000000e+00
0.000000e+00
0.000000e+00
0.000000e+00
0.000000e+00
0.000000e+00
0.000000e+00
0.000000e+00
0.000000e+00
0.000000e+00
0.000000e+00
0.000000e+00
0.000000e+00
0.000000e+00
0.000000e+00
0.000000e+00
0.000000e+00
0.000000e+00
0.000000e+00
0.000000e+00
0.000000e+00
0.000000e+00
0.000000e+00
0.000000e+00
0.000000e+00
0.000000e+00
0.000000e+00
0.000000e+00
0.000000e+00
0.000000e+00
0.000000e+00
0.000000e+00
0.000000e+00
0.000000e+00
0.000000e+00
0.000000e+00
0.000000e+00
0.000000e+00
0.000000e+00
0.000000e+00
0.000000e+00
0.000000e+00
0.000000e+00
0.000000e+00
0.000000e+00
0.000000e+00
0.000000e+00
0.000000e+00
0.000000e+00
0.000000e+00
0.000000e+00
0.000000e+00
0.000000e+00
0.000000e+00
0.000000e+00
0.000000e+00
0.000000e+00
0.000000e+00
0.000000e+00
0.000000e+00
0.000000e+00
0.000000e+00
0.000000e+00
0.000000e+00
0.000000e+00
0.000000e+00
0.000000e+00
0.000000e+00
0.000000e+00
0.000000e+00
0.000000e+00
0.000000e+00
0.000000e+00
0.000000e+00
0.000000e+00
0.000000e+00
0.000000e+00
0.000000e+00
0.000000e+00
0.000000e+00
0.000000e+00
0.000000e+00
0.000000e+00
0.000000e+00
0.000000e+00
0.000000e+00
0.000000e+00
0.000000e+00
0.000000e+00
0.000000e+00
0.000000e+00
0.000000e+00
0.000000e+00
0.000000e+00
0.000000e+00
0.000000e+00
0.000000e+00
0.000000e+00
0.000000e+00
0.000000e+00
0.000000e+00
0.000000e+00
0.000000e+00
0.000000e+00
0.000000e+00
0.000000e+00
0.000000e+00
0.000000e+00
0.000000e+00
0.000000e+00
0.000000e+00
0.000000e+00
0.000000e+00
0.000000e+00
0.000000e+00
0.000000e+00
0.000000e+00
0.000000e+00
0.000000e+00
0.000000e+00
0.000000e+00
0.000000e+00
0.000000e+00
0.000000e+00
0.000000e+00
0.000000e+00
0.000000e+00
0.000000e+00
0.000000e+00
0.000000e+00
0.000000e+00
0.000000e+00
0.000000e+00
0.000000e+00
0.000000e+00
0.000000e+00
0.000000e+00
0.000000e+00
0.000000e+00
0.000000e+00
0.000000e+00
0.000000e+00
0.000000e+00
0.000000e+00
0.000000e+00
0.000000e+00
0.000000e+00
0.000000e+00
0.000000e+00
0.000000e+00
0.000000e+00
0.000000e+00
0.000000e+00
0.000000e+00
0.000000e+00
0.000000e+00
0.000000e+00
0.000000e+00
0.000000e+00
0.000000e+00
0.000000e+00
0.000000e+00
0.000000e+00
0.000000e+00
0.000000e+00
0.000000e+00
0.000000e+00
0.000000e+00
0.000000e+00
0.000000e+00
0.000000e+00
0.000000e+00
0.000000e+00
0.000000e+00
0.000000e+00
0.000000e+00
0.000000e+00
0.000000e+00
0.000000e+00
0.000000e+00
0.000000e+00
0.000000e+00
0.000000e+00
0.000000e+00
0.000000e+00
0.000000e+00
0.000000e+00
0.000000e+00
0.000000e+00
0.000000e+00
0.000000e+00
0.000000e+00
0.000000e+00
0.000000e+00
0.000000e+00
0.000000e+00
0.000000e+00
0.000000e+00
0.000000e+00
0.000000e+00
0.000000e+00
0.000000e+00
0.000000e+00
0.000000e+00
0.000000e+00
0.000000e+00
0.000000e+00
0.000000e+00
0.000000e+00
0.000000e+00
0.000000e+00
0.000000e+00
0.000000e+00
0.000000e+00
0.000000e+00
0.000000e+00
0.000000e+00
0.000000e+00
0.000000e+00
0.000000e+00
0.000000e+00
0.000000e+00
0.000000e+00
0.000000e+00
0.000000e+00
0.000000e+00
0.000000e+00
0.000000e+00
0.000000e+00
0.000000e+00
0.000000e+00
0.000000e+00
0.000000e+00
0.000000e+00
0.000000e+00
0.000000e+00
0.000000e+00
0.000000e+00
0.000000e+00
0.000000e+00
0.000000e+00
0.000000e+00
0.000000e+00
0.000000e+00
0.000000e+00
0.000000e+00
0.000000e+00
0.000000e+00
0.000000e+00
0.000000e+00
0.000000e+00
0.000000e+00
0.000000e+00
0.000000e+00
0.000000e+00
0.000000e+00
0.000000e+00
0.000000e+00
0.000000e+00
0.000000e+00
0.000000e+00
0.000000e+00
0.000000e+00
0.000000e+00
0.000000e+00
0.000000e+00
0.000000e+00
0.000000e+00
0.000000e+00
0.000000e+00
0.000000e+00
0.000000e+00
0.000000e+00
0.000000e+00
0.000000e+00
0.000000e+00
0.000000e+00
0.000000e+00
0.000000e+00
0.000000e+00
0.000000e+00
0.000000e+00
0.000000e+00
0.000000e+00
0.000000e+00
0.000000e+00
0.000000e+00
0.000000e+00
0.000000e+00
0.000000e+00
0.000000e+00
0.000000e+00
0.000000e+00
0.000000e+00
0.000000e+00
0.000000e+00
0.000000e+00
0.000000e+00
0.000000e+00
0.000000e+00
0.000000e+00
0.000000e+00
0.000000e+00
0.000000e+00
0.000000e+00
0.000000e+00
0.000000e+00
0.000000e+00
0.000000e+00
0.000000e+00
0.000000e+00
0.000000e+00
0.000000e+00
0.000000e+00
0.000000e+00
0.000000e+00
0.000000e+00
0.000000e+00
0.000000e+00
0.000000e+00
0.000000e+00
0.000000e+00
0.000000e+00
0.000000e+00
0.000000e+00
0.000000e+00
0.000000e+00
0.000000e+00
0.000000e+00
0.000000e+00
0.000000e+00
0.000000e+00
0.000000e+00
0.000000e+00
0.000000e+00
0.000000e+00
0.000000e+00
0.000000e+00
0.000000e+00
0.000000e+00
0.000000e+00
0.000000e+00
0.000000e+00
0.000000e+00
0.000000e+00
0.000000e+00
0.000000e+00
0.000000e+00
0.000000e+00
0.000000e+00
0.000000e+00
0.000000e+00
0.000000e+00
0.000000e+00
0.000000e+00
0.000000e+00
0.000000e+00
0.000000e+00
0.000000e+00
0.000000e+00
0.000000e+00
0.000000e+00
0.000000e+00
0.000000e+00
0.000000e+00
0.000000e+00
0.000000e+00
0.000000e+00
0.000000e+00
0.000000e+00
0.000000e+00
0.000000e+00
0.000000e+00
0.000000e+00
0.000000e+00
0.000000e+00
0.000000e+00
0.000000e+00
0.000000e+00
0.000000e+00
0.000000e+00
0.000000e+00
0.000000e+00
0.000000e+00
0.000000e+00
0.000000e+00
0.000000e+00
0.000000e+00
0.000000e+00
0.000000e+00
0.000000e+00
0.000000e+00
0.000000e+00
0.000000e+00
0.000000e+00
0.000000e+00
0.000000e+00
0.000000e+00
0.000000e+00
0.000000e+00
0.000000e+00
0.000000e+00
0.000000e+00
0.000000e+00
0.000000e+00
0.000000e+00
0.000000e+00
0.000000e+00
0.000000e+00
0.000000e+00
0.000000e+00
0.000000e+00
0.000000e+00
0.000000e+00
0.000000e+00
0.000000e+00
0.000000e+00
0.000000e+00
0.000000e+00
0.000000e+00
0.000000e+00
0.000000e+00
0.000000e+00
0.000000e+00
0.000000e+00
0.000000e+00
0.000000e+00
0.000000e+00
0.000000e+00
0.000000e+00
0.000000e+00
0.000000e+00
0.000000e+00
0.000000e+00
0.000000e+00
0.000000e+00
0.000000e+00
0.000000e+00
0.000000e+00
0.000000e+00
0.000000e+00
0.000000e+00
0.000000e+00
0.000000e+00
0.000000e+00
0.000000e+00
0.000000e+00
0.000000e+00
0.000000e+00
0.000000e+00
0.000000e+00
0.000000e+00
0.000000e+00
0.000000e+00
0.000000e+00
0.000000e+00
0.000000e+00
0.000000e+00
0.000000e+00
0.000000e+00
0.000000e+00
0.000000e+00
0.000000e+00
0.000000e+00
0.000000e+00
0.000000e+00
0.000000e+00
0.000000e+00
0.000000e+00
0.000000e+00
0.000000e+00
0.000000e+00
0.000000e+00
0.000000e+00
0.000000e+00
0.000000e+00
0.000000e+00
0.000000e+00
0.000000e+00
0.000000e+00
0.000000e+00
0.000000e+00
0.000000e+00
0.000000e+00
0.000000e+00
0.000000e+00
0.000000e+00
0.000000e+00
0.000000e+00
0.000000e+00
0.000000e+00
0.000000e+00
0.000000e+00
0.000000e+00
0.000000e+00
0.000000e+00
0.000000e+00
0.000000e+00
0.000000e+00
0.000000e+00
0.000000e+00
0.000000e+00
0.000000e+00
0.000000e+00
0.000000e+00
0.000000e+00
0.000000e+00
0.000000e+00
0.000000e+00
0.000000e+00
0.000000e+00
0.000000e+00
0.000000e+00
0.000000e+00
0.000000e+00
0.000000e+00
0.000000e+00
0.000000e+00
0.000000e+00
0.000000e+00
0.000000e+00
0.000000e+00
0.000000e+00
0.000000e+00
0.000000e+00
0.000000e+00
0.000000e+00
0.000000e+00
0.000000e+00
0.000000e+00
0.000000e+00
0.000000e+00
0.000000e+00
0.000000e+00
0.000000e+00
0.000000e+00
0.000000e+00
0.000000e+00
0.000000e+00
0.000000e+00
0.000000e+00
0.000000e+00
0.000000e+00
0.000000e+00
0.000000e+00
0.000000e+00
0.000000e+00
0.000000e+00
0.000000e+00
0.000000e+00
0.000000e+00
0.000000e+00
0.000000e+00
0.000000e+00
0.000000e+00
0.000000e+00
0.000000e+00
0.000000e+00
0.000000e+00
0.000000e+00
0.000000e+00
0.000000e+00
0.000000e+00
0.000000e+00
0.000000e+00
0.000000e+00
0.000000e+00
0.000000e+00
0.000000e+00
0.000000e+00
0.000000e+00
0.000000e+00
0.000000e+00
0.000000e+00
0.000000e+00
0.000000e+00
0.000000e+00
0.000000e+00
0.000000e+00
0.000000e+00
0.000000e+00
0.000000e+00
0.000000e+00
0.000000e+00
0.000000e+00
0.000000e+00
0.000000e+00
0.000000e+00
0.000000e+00
0.000000e+00
0.000000e+00
0.000000e+00
0.000000e+00
0.000000e+00
0.000000e+00
0.000000e+00
0.000000e+00
0.000000e+00
0.000000e+00
0.000000e+00
0.000000e+00
0.000000e+00
0.000000e+00
0.000000e+00
0.000000e+00
0.000000e+00
0.000000e+00
0.000000e+00
0.000000e+00
0.000000e+00
0.000000e+00
0.000000e+00
0.000000e+00
0.000000e+00
0.000000e+00
0.000000e+00
0.000000e+00
0.000000e+00
0.000000e+00
0.000000e+00
0.000000e+00
0.000000e+00
0.000000e+00
0.000000e+00
0.000000e+00
0.000000e+00
0.000000e+00
0.000000e+00
0.000000e+00
0.000000e+00
0.000000e+00
0.000000e+00
0.000000e+00
0.000000e+00
0.000000e+00
0.000000e+00
0.000000e+00
0.000000e+00
0.000000e+00
0.000000e+00
0.000000e+00
0.000000e+00
0.000000e+00
0.000000e+00
0.000000e+00
0.000000e+00
0.000000e+00
0.000000e+00
0.000000e+00
0.000000e+00
0.000000e+00
0.000000e+00
0.000000e+00
0.000000e+00
0.000000e+00
0.000000e+00
0.000000e+00
0.000000e+00
0.000000e+00
0.000000e+00
0.000000e+00
0.000000e+00
0.000000e+00
0.000000e+00
0.000000e+00
0.000000e+00
0.000000e+00
0.000000e+00
0.000000e+00
0.000000e+00
0.000000e+00
0.000000e+00
0.000000e+00
0.000000e+00
0.000000e+00
0.000000e+00
0.000000e+00
0.000000e+00
0.000000e+00
0.000000e+00
0.000000e+00
0.000000e+00
0.000000e+00
0.000000e+00
0.000000e+00
0.000000e+00
0.000000e+00
0.000000e+00
0.000000e+00
0.000000e+00
0.000000e+00
0.000000e+00
0.000000e+00
0.000000e+00
0.000000e+00
0.000000e+00
0.000000e+00
0.000000e+00
0.000000e+00
0.000000e+00
0.000000e+00
0.000000e+00
0.000000e+00
0.000000e+00
0.000000e+00
0.000000e+00
0.000000e+00
0.000000e+00
0.000000e+00
0.000000e+00
0.000000e+00
0.000000e+00
0.000000e+00
0.000000e+00
0.000000e+00
0.000000e+00
0.000000e+00
0.000000e+00
0.000000e+00
0.000000e+00
0.000000e+00
0.000000e+00
0.000000e+00
0.000000e+00
0.000000e+00
0.000000e+00
0.000000e+00
0.000000e+00
0.000000e+00
0.000000e+00
0.000000e+00
0.000000e+00
0.000000e+00
0.000000e+00
0.000000e+00
0.000000e+00
0.000000e+00
0.000000e+00
0.000000e+00
0.000000e+00
0.000000e+00
0.000000e+00
0.000000e+00
0.000000e+00
0.000000e+00
0.000000e+00
0.000000e+00
0.000000e+00
0.000000e+00
0.000000e+00
0.000000e+00
0.000000e+00
0.000000e+00
0.000000e+00
0.000000e+00
0.000000e+00
0.000000e+00
0.000000e+00
0.000000e+00
0.000000e+00
0.000000e+00
0.000000e+00
0.000000e+00
0.000000e+00
0.000000e+00
0.000000e+00
0.000000e+00
0.000000e+00
0.000000e+00
0.000000e+00
0.000000e+00
0.000000e+00
0.000000e+00
0.000000e+00
