8.072434e+05
7.655280e+05
7.251952e+05
6.862442e+05
6.486741e+05
6.124839e+05
5.776727e+05
5.442395e+05
5.121833e+05
4.815030e+05
4.521976e+05
4.242659e+05
3.977069e+05
3.725193e+05
3.487020e+05
3.262536e+05
3.051730e+05
2.854588e+05
2.671096e+05
2.501241e+05
2.345010e+05
2.202386e+05
2.073356e+05
1.957904e+05
1.856016e+05
1.767673e+05
1.692862e+05
1.631564e+05
1.583763e+05
1.549441e+05
1.528581e+05
1.521164e+05
1.527172e+05
1.546585e+05
1.579384e+05
1.625550e+05
1.685061e+05
1.757898e+05
1.844039e+05
1.943463e+05
2.056148e+05
2.182071e+05
2.321209e+05
2.473540e+05
2.639039e+05
2.817683e+05
3.009447e+05
3.214305e+05
3.432233e+05
3.663204e+05
3.907192e+05
4.164170e+05
4.434110e+05
4.716985e+05
5.012767e+05
5.321426e+05
5.642933e+05
5.977258e+05
6.324372e+05
6.684242e+05
7.056839e+05
7.442130e+05
7.840082e+05
8.250663e+05
8.673840e+05
9.109578e+05
9.557844e+05
1.001860e+06
1.049182e+06
1.097745e+06
1.147547e+06
1.198584e+06
1.250851e+06
1.304346e+06
1.359064e+06
1.415002e+06
1.472154e+06
1.530518e+06
1.590089e+06
1.650864e+06
1.712837e+06
1.776004e+06
1.840362e+06
1.905906e+06
1.972631e+06
2.040533e+06
2.109607e+06
2.179849e+06
2.251254e+06
2.323817e+06
2.397534e+06
2.472400e+06
2.548409e+06
2.625557e+06
2.703838e+06
2.783248e+06
2.863782e+06
2.945433e+06
3.028198e+06
3.112070e+06
3.197044e+06
