5.861832e+05
5.529547e+05
5.210342e+05
4.904207e+05
4.611134e+05
4.331111e+05
4.064129e+05
3.810176e+05
3.569243e+05
3.341316e+05
3.126385e+05
2.924438e+05
2.735462e+05
2.559445e+05
2.396373e+05
2.246234e+05
2.109013e+05
1.984697e+05
1.873271e+05
1.774721e+05
1.689032e+05
1.616187e+05
1.556172e+05
1.508970e+05
1.474564e+05
1.452938e+05
1.444075e+05
1.447956e+05
1.464564e+05
1.493880e+05
1.535885e+05
1.590561e+05
1.657887e+05
1.737843e+05
1.830410e+05
1.935565e+05
2.053289e+05
2.183559e+05
2.326352e+05
2.481647e+05
2.649421e+05
2.829650e+05
3.022310e+05
3.227377e+05
3.444826e+05
3.674632e+05
3.916769e+05
4.171212e+05
4.437933e+05
4.716906e+05
5.008103e+05
5.311497e+05
5.627058e+05
5.954758e+05
6.294567e+05
6.646456e+05
7.010394e+05
7.386350e+05
7.774293e+05
8.174191e+05
8.586012e+05
9.009723e+05
9.445290e+05
9.892680e+05
1.035186e+06
1.082279e+06
1.130544e+06
1.179977e+06
1.230574e+06
1.282333e+06
1.335248e+06
1.389317e+06
1.444535e+06
1.500899e+06
1.558404e+06
1.617046e+06
1.676822e+06
1.737727e+06
1.799757e+06
1.862908e+06
1.927175e+06
1.992555e+06
2.059042e+06
2.126632e+06
2.195321e+06
2.265104e+06
2.335977e+06
2.407934e+06
2.480971e+06
2.555083e+06
2.630266e+06
2.706513e+06
2.783821e+06
2.862184e+06
2.941597e+06
3.022055e+06
3.103552e+06
3.186084e+06
3.269645e+06
3.354229e+06
3.439831e+06
