1.75928712
1.75934912
1.75941212
1.75947812
1.75954512
1.75961412
1.75968512
1.75975812
1.75983212
1.75990812
1.75998512
1.76006312
1.76014212
1.76022112
1.76030112
1.76038012
1.76045712
1.76053312
1.76060412
1.76067212
1.76073312
1.76078512
1.76082612
1.76085412
1.76086512
1.76085512
1.76081912
1.76075312
1.76065212
1.76050812
1.76031812
1.76007412
1.75977412
1.75941312
1.75899112
1.75851012
1.75797512
1.75739612
1.75678412
1.75615412
1.75552312
1.75490712
1.75432212
1.75377912
1.75328912
1.75285812
1.75248712
1.75217712
1.75192512
1.75172612
1.75157512
1.75146712
1.75139612
1.75135612
1.75134212
1.75134912
1.75137512
1.75141412
1.75146512
1.75152512
1.75159112
1.75166212
1.75173712
1.75181512
1.75189312
1.75197312
1.75205212
1.75213212
1.75221012
1.75228712
1.75236312
1.75243812
1.75251112
1.75258212
1.75265112
1.75271912
1.75278512
1.75284912
1.75291112
1.75297212
1.75303012
1.75308712
1.75314312
1.75319712
1.75324912
1.75330012
1.75334912
1.75339712
1.75344312
1.75348812
1.75353212
1.75357412
1.75361612
1.75365612
1.75369512
1.75373312
1.75377012
1.75380612
1.75384112
1.75387512
1.75390812
