1.76014812
1.76022812
1.76030912
1.76038912
1.76046912
1.76054812
1.76062412
1.76069712
1.76076512
1.76082612
1.76087912
1.76092012
1.76094812
1.76095812
1.76094612
1.76090812
1.76083912
1.76073312
1.76058512
1.76038812
1.76013812
1.75982912
1.75945912
1.75902712
1.75853512
1.75798912
1.75739812
1.75677512
1.75613512
1.75549512
1.75487112
1.75427912
1.75373112
1.75323712
1.75280212
1.75243012
1.75211912
1.75186612
1.75166712
1.75151712
1.75141012
1.75133912
1.75130012
1.75128812
1.75129712
1.75132312
1.75136412
1.75141712
1.75147812
1.75154512
1.75161812
1.75169412
1.75177312
1.75185312
1.75193412
1.75201512
1.75209512
1.75217412
1.75225312
1.75233012
1.75240512
1.75247912
1.75255212
1.75262212
1.75269112
1.75275712
1.75282212
1.75288612
1.75294712
1.75300612
1.75306412
1.75312112
1.75317512
1.75322812
1.75327912
1.75332912
1.75337812
1.75342512
1.75347112
1.75351512
1.75355812
1.75360012
1.75364112
1.75368012
1.75371912
1.75375612
1.75379312
1.75382812
1.75386312
1.75389612
1.75392912
1.75396112
1.75399212
1.75402212
1.75405212
1.75408012
1.75410812
1.75413612
1.75416312
1.75418912
1.75421412
