5.874172e+07
5.874095e+07
5.874079e+07
5.874069e+07
5.874063e+07
5.874058e+07
5.874054e+07
5.874050e+07
5.874047e+07
5.874045e+07
5.874042e+07
5.874040e+07
5.874038e+07
5.874037e+07
5.874035e+07
5.874033e+07
5.874032e+07
5.874030e+07
5.874029e+07
5.874028e+07
5.874027e+07
5.874026e+07
5.874024e+07
5.874023e+07
5.874022e+07
5.874021e+07
5.874020e+07
5.874019e+07
5.874018e+07
5.874017e+07
5.874017e+07
5.874016e+07
5.874015e+07
5.874014e+07
5.874013e+07
5.874012e+07
5.874012e+07
5.874011e+07
5.874010e+07
5.874009e+07
5.874008e+07
5.874008e+07
5.874007e+07
5.874006e+07
5.874006e+07
5.874005e+07
5.874004e+07
5.874003e+07
5.874003e+07
5.874002e+07
5.874001e+07
5.874001e+07
5.874000e+07
5.873999e+07
5.873998e+07
5.873998e+07
5.873997e+07
5.873996e+07
5.873996e+07
5.873995e+07
5.873994e+07
5.873994e+07
5.873993e+07
5.873992e+07
5.873991e+07
5.873991e+07
5.873990e+07
5.873989e+07
5.873989e+07
5.873988e+07
5.873987e+07
5.873987e+07
5.873986e+07
5.873985e+07
5.873985e+07
5.873984e+07
5.873983e+07
5.873982e+07
5.873982e+07
5.873981e+07
5.873980e+07
5.873980e+07
5.873979e+07
5.873978e+07
5.873977e+07
5.873977e+07
5.873976e+07
5.873975e+07
5.873974e+07
5.873974e+07
5.873973e+07
5.873972e+07
5.873971e+07
5.873971e+07
5.873970e+07
5.873969e+07
5.873968e+07
5.873968e+07
5.873967e+07
5.873966e+07
5.873965e+07
5.873964e+07
5.873964e+07
5.873963e+07
5.873962e+07
5.873961e+07
5.873960e+07
5.873960e+07
5.873959e+07
5.873958e+07
5.873957e+07
5.873956e+07
5.873955e+07
5.873954e+07
5.873954e+07
5.873953e+07
5.873952e+07
5.873951e+07
5.873950e+07
5.873949e+07
5.873948e+07
5.873948e+07
5.873947e+07
5.873946e+07
5.873945e+07
5.873944e+07
5.873943e+07
5.873942e+07
5.873941e+07
5.873940e+07
5.873939e+07
5.873938e+07
5.873937e+07
5.873936e+07
5.873935e+07
5.873934e+07
5.873933e+07
5.873932e+07
5.873931e+07
5.873930e+07
5.873929e+07
5.873928e+07
5.873927e+07
5.873926e+07
5.873925e+07
5.873924e+07
5.873923e+07
5.873922e+07
5.873921e+07
5.873920e+07
5.873919e+07
5.873918e+07
5.873917e+07
5.873916e+07
5.873915e+07
5.873914e+07
5.873913e+07
5.873911e+07
5.873910e+07
5.873909e+07
5.873908e+07
5.873907e+07
5.873906e+07
5.873905e+07
5.873903e+07
5.873902e+07
5.873901e+07
5.873900e+07
5.873899e+07
5.873897e+07
5.873896e+07
5.873895e+07
5.873894e+07
5.873893e+07
5.873891e+07
5.873890e+07
5.873889e+07
5.873888e+07
5.873886e+07
5.873885e+07
5.873884e+07
5.873882e+07
5.873881e+07
5.873880e+07
5.873878e+07
5.873877e+07
5.873876e+07
5.873874e+07
5.873873e+07
5.873872e+07
5.873870e+07
5.873869e+07
5.873868e+07
5.873866e+07
5.873865e+07
5.873863e+07
5.873862e+07
5.873860e+07
5.873859e+07
5.873858e+07
5.873856e+07
5.873855e+07
5.873853e+07
5.873852e+07
5.873850e+07
5.873849e+07
5.873847e+07
5.873846e+07
5.873844e+07
5.873842e+07
5.873841e+07
5.873839e+07
5.873838e+07
5.873836e+07
5.873835e+07
5.873833e+07
5.873831e+07
5.873830e+07
5.873828e+07
5.873826e+07
5.873825e+07
5.873823e+07
5.873821e+07
5.873820e+07
5.873818e+07
5.873816e+07
5.873814e+07
5.873813e+07
5.873811e+07
5.873809e+07
5.873807e+07
5.873806e+07
5.873804e+07
5.873802e+07
5.873800e+07
5.873798e+07
5.873797e+07
5.873795e+07
5.873793e+07
5.873791e+07
5.873789e+07
5.873787e+07
5.873785e+07
5.873783e+07
5.873781e+07
5.873779e+07
5.873777e+07
5.873775e+07
5.873773e+07
5.873771e+07
5.873769e+07
5.873767e+07
5.873765e+07
5.873763e+07
5.873761e+07
5.873759e+07
5.873757e+07
5.873755e+07
5.873753e+07
5.873750e+07
5.873748e+07
5.873746e+07
5.873744e+07
5.873742e+07
5.873739e+07
5.873737e+07
5.873735e+07
5.873733e+07
5.873730e+07
5.873728e+07
5.873726e+07
5.873723e+07
5.873721e+07
5.873719e+07
5.873716e+07
5.873714e+07
5.873711e+07
5.873709e+07
5.873707e+07
5.873704e+07
5.873702e+07
5.873699e+07
5.873696e+07
5.873694e+07
5.873691e+07
5.873689e+07
5.873686e+07
5.873683e+07
5.873681e+07
5.873678e+07
5.873675e+07
5.873673e+07
5.873670e+07
5.873667e+07
5.873664e+07
5.873661e+07
5.873659e+07
5.873656e+07
5.873653e+07
5.873650e+07
5.873647e+07
5.873644e+07
5.873641e+07
5.873638e+07
5.873635e+07
5.873632e+07
5.873629e+07
5.873625e+07
5.873622e+07
5.873619e+07
5.873616e+07
5.873613e+07
5.873609e+07
5.873606e+07
5.873602e+07
5.873599e+07
5.873596e+07
5.873592e+07
5.873589e+07
5.873585e+07
5.873582e+07
5.873578e+07
5.873574e+07
5.873571e+07
5.873567e+07
5.873563e+07
5.873559e+07
5.873555e+07
5.873551e+07
5.873547e+07
5.873543e+07
5.873539e+07
5.873535e+07
5.873531e+07
5.873527e+07
5.873523e+07
5.873518e+07
5.873514e+07
5.873509e+07
5.873505e+07
5.873500e+07
5.873496e+07
5.873491e+07
5.873486e+07
5.873482e+07
5.873477e+07
5.873472e+07
5.873467e+07
5.873462e+07
5.873457e+07
5.873451e+07
5.873446e+07
5.873441e+07
5.873435e+07
5.873430e+07
5.873424e+07
5.873418e+07
5.873413e+07
5.873407e+07
5.873401e+07
5.873395e+07
5.873389e+07
5.873382e+07
5.873376e+07
5.873369e+07
5.873363e+07
5.873356e+07
5.873349e+07
5.873342e+07
5.873335e+07
5.873328e+07
5.873321e+07
5.873313e+07
5.873305e+07
5.873298e+07
5.873290e+07
5.873282e+07
5.873274e+07
5.873265e+07
5.873257e+07
5.873248e+07
5.873239e+07
5.873230e+07
5.873221e+07
5.873212e+07
5.873202e+07
5.873192e+07
5.873182e+07
5.873172e+07
5.873162e+07
5.873151e+07
5.873140e+07
5.873129e+07
5.873118e+07
5.873106e+07
5.873094e+07
5.873082e+07
5.873070e+07
5.873057e+07
5.873044e+07
5.873031e+07
5.873017e+07
5.873003e+07
5.872989e+07
5.872975e+07
5.872960e+07
5.872945e+07
5.872929e+07
5.872913e+07
5.872897e+07
5.872880e+07
5.872863e+07
5.872846e+07
5.872828e+07
5.872809e+07
5.872790e+07
5.872771e+07
5.872751e+07
5.872731e+07
5.872710e+07
5.872689e+07
5.872667e+07
5.872644e+07
5.872621e+07
5.872598e+07
5.872573e+07
5.872549e+07
5.872523e+07
5.872497e+07
5.872470e+07
5.872442e+07
5.872414e+07
5.872385e+07
5.872355e+07
5.872324e+07
5.872293e+07
5.872261e+07
5.872227e+07
5.872193e+07
5.872158e+07
5.872122e+07
5.872085e+07
5.872047e+07
5.872008e+07
5.871968e+07
5.871926e+07
5.871884e+07
5.871840e+07
5.871796e+07
5.871750e+07
5.871702e+07
5.871653e+07
5.871603e+07
5.871552e+07
5.871499e+07
5.871444e+07
5.871388e+07
5.871331e+07
5.871271e+07
5.871210e+07
5.871148e+07
5.871083e+07
5.871017e+07
5.870948e+07
5.870878e+07
5.870805e+07
5.870731e+07
5.870654e+07
5.870576e+07
5.870494e+07
5.870411e+07
5.870325e+07
5.870236e+07
5.870145e+07
5.870051e+07
5.869955e+07
5.869855e+07
5.869753e+07
5.869648e+07
5.869539e+07
5.869428e+07
5.869312e+07
5.869194e+07
5.869072e+07
5.868947e+07
5.868817e+07
5.868684e+07
5.868547e+07
5.868406e+07
5.868260e+07
5.868110e+07
5.867956e+07
5.867797e+07
5.867633e+07
5.867464e+07
5.867291e+07
5.867112e+07
5.866927e+07
5.866737e+07
5.866542e+07
5.866340e+07
5.866132e+07
5.865918e+07
5.865698e+07
5.865471e+07
5.865237e+07
5.864996e+07
5.864747e+07
5.864491e+07
5.864227e+07
5.863955e+07
5.863675e+07
5.863387e+07
5.863089e+07
5.862783e+07
5.862467e+07
5.862142e+07
5.861806e+07
5.861461e+07
5.861104e+07
5.860737e+07
5.860359e+07
5.859969e+07
5.859567e+07
5.859153e+07
5.858726e+07
5.858286e+07
5.857832e+07
5.857365e+07
5.856883e+07
5.856387e+07
5.855875e+07
5.855347e+07
5.854804e+07
5.854243e+07
5.853665e+07
5.853070e+07
5.852456e+07
5.851823e+07
5.851170e+07
5.850498e+07
5.849805e+07
5.849090e+07
5.848353e+07
5.847594e+07
5.846811e+07
5.846004e+07
5.845171e+07
5.844313e+07
5.843429e+07
5.842517e+07
5.841577e+07
5.840608e+07
5.839609e+07
5.838579e+07
5.837516e+07
5.836421e+07
5.835292e+07
5.834128e+07
5.832928e+07
5.831690e+07
5.830414e+07
5.829098e+07
5.827742e+07
5.826343e+07
5.824901e+07
5.823413e+07
5.821880e+07
5.820298e+07
5.818668e+07
5.816986e+07
5.815252e+07
5.813464e+07
5.811620e+07
5.809718e+07
5.807757e+07
5.805735e+07
5.803650e+07
5.801499e+07
5.799281e+07
5.796993e+07
5.794634e+07
5.792201e+07
5.789691e+07
5.787103e+07
5.784434e+07
5.781681e+07
5.778841e+07
5.775912e+07
5.772890e+07
5.769774e+07
5.766560e+07
5.763244e+07
5.759824e+07
5.756295e+07
5.752656e+07
5.748901e+07
5.745028e+07
5.741032e+07
5.736910e+07
5.732657e+07
5.728269e+07
5.723742e+07
5.719071e+07
5.714252e+07
5.709279e+07
5.704148e+07
5.698854e+07
5.693391e+07
5.687753e+07
5.681936e+07
5.675932e+07
5.669736e+07
5.663341e+07
5.656741e+07
5.649929e+07
5.642898e+07
5.635640e+07
5.628148e+07
5.620415e+07
5.612431e+07
5.604189e+07
5.595680e+07
5.586894e+07
5.577823e+07
5.568456e+07
5.558783e+07
5.548794e+07
5.538478e+07
5.527824e+07
5.516819e+07
5.505452e+07
5.493710e+07
5.481579e+07
5.469046e+07
5.456097e+07
5.442717e+07
5.428890e+07
5.414600e+07
5.399830e+07
5.384564e+07
5.368782e+07
5.352466e+07
5.335596e+07
5.318151e+07
5.300109e+07
5.281449e+07
5.262146e+07
5.242176e+07
5.221513e+07
5.200130e+07
5.177998e+07
5.155088e+07
5.131369e+07
5.106807e+07
5.081369e+07
5.055018e+07
5.027716e+07
4.999423e+07
4.970096e+07
4.939691e+07
4.908159e+07
4.875452e+07
4.841516e+07
4.806294e+07
4.769726e+07
4.731748e+07
4.692293e+07
4.651287e+07
4.608653e+07
4.564307e+07
4.518160e+07
4.470113e+07
4.420064e+07
4.367899e+07
4.313496e+07
4.256719e+07
4.197424e+07
4.135450e+07
4.070620e+07
4.002739e+07
3.931589e+07
3.856927e+07
3.778481e+07
3.695940e+07
3.608954e+07
3.517116e+07
3.419957e+07
3.316926e+07
3.207370e+07
3.090501e+07
2.965357e+07
2.830737e+07
2.685110e+07
2.526463e+07
2.352056e+07
2.157990e+07
1.938377e+07
1.683608e+07
1.376308e+07
9.806854e+06
0.000000e+00
0.000000e+00
0.000000e+00
0.000000e+00
0.000000e+00
0.000000e+00
0.000000e+00
0.000000e+00
0.000000e+00
0.000000e+00
0.000000e+00
0.000000e+00
0.000000e+00
0.000000e+00
0.000000e+00
0.000000e+00
0.000000e+00
0.000000e+00
0.000000e+00
0.000000e+00
0.000000e+00
0.000000e+00
0.000000e+00
0.000000e+00
0.000000e+00
0.000000e+00
0.000000e+00
0.000000e+00
0.000000e+00
0.000000e+00
0.000000e+00
0.000000e+00
0.000000e+00
0.000000e+00
0.000000e+00
0.000000e+00
0.000000e+00
0.000000e+00
0.000000e+00
0.000000e+00
0.000000e+00
0.000000e+00
0.000000e+00
0.000000e+00
0.000000e+00
0.000000e+00
0.000000e+00
0.000000e+00
0.000000e+00
0.000000e+00
0.000000e+00
0.000000e+00
0.000000e+00
0.000000e+00
0.000000e+00
0.000000e+00
0.000000e+00
0.000000e+00
0.000000e+00
0.000000e+00
0.000000e+00
0.000000e+00
0.000000e+00
0.000000e+00
0.000000e+00
0.000000e+00
0.000000e+00
0.000000e+00
0.000000e+00
0.000000e+00
0.000000e+00
0.000000e+00
0.000000e+00
0.000000e+00
0.000000e+00
0.000000e+00
0.000000e+00
0.000000e+00
0.000000e+00
0.000000e+00
0.000000e+00
0.000000e+00
0.000000e+00
0.000000e+00
0.000000e+00
0.000000e+00
0.000000e+00
0.000000e+00
0.000000e+00
0.000000e+00
0.000000e+00
0.000000e+00
0.000000e+00
0.000000e+00
0.000000e+00
0.000000e+00
0.000000e+00
0.000000e+00
0.000000e+00
0.000000e+00
0.000000e+00
0.000000e+00
0.000000e+00
0.000000e+00
0.000000e+00
0.000000e+00
0.000000e+00
0.000000e+00
0.000000e+00
0.000000e+00
0.000000e+00
0.000000e+00
0.000000e+00
0.000000e+00
0.000000e+00
0.000000e+00
0.000000e+00
0.000000e+00
0.000000e+00
0.000000e+00
0.000000e+00
0.000000e+00
0.000000e+00
0.000000e+00
0.000000e+00
0.000000e+00
0.000000e+00
0.000000e+00
0.000000e+00
0.000000e+00
0.000000e+00
0.000000e+00
0.000000e+00
0.000000e+00
0.000000e+00
0.000000e+00
0.000000e+00
0.000000e+00
0.000000e+00
0.000000e+00
0.000000e+00
0.000000e+00
0.000000e+00
0.000000e+00
0.000000e+00
0.000000e+00
0.000000e+00
0.000000e+00
0.000000e+00
0.000000e+00
0.000000e+00
0.000000e+00
0.000000e+00
0.000000e+00
0.000000e+00
0.000000e+00
0.000000e+00
0.000000e+00
0.000000e+00
0.000000e+00
0.000000e+00
0.000000e+00
0.000000e+00
0.000000e+00
0.000000e+00
0.000000e+00
0.000000e+00
0.000000e+00
0.000000e+00
0.000000e+00
0.000000e+00
0.000000e+00
0.000000e+00
0.000000e+00
0.000000e+00
0.000000e+00
0.000000e+00
0.000000e+00
0.000000e+00
0.000000e+00
0.000000e+00
0.000000e+00
0.000000e+00
0.000000e+00
0.000000e+00
0.000000e+00
0.000000e+00
0.000000e+00
0.000000e+00
0.000000e+00
0.000000e+00
0.000000e+00
0.000000e+00
0.000000e+00
0.000000e+00
0.000000e+00
0.000000e+00
0.000000e+00
0.000000e+00
0.000000e+00
0.000000e+00
0.000000e+00
0.000000e+00
0.000000e+00
0.000000e+00
0.000000e+00
0.000000e+00
0.000000e+00
0.000000e+00
0.000000e+00
0.000000e+00
0.000000e+00
0.000000e+00
0.000000e+00
0.000000e+00
0.000000e+00
0.000000e+00
0.000000e+00
0.000000e+00
0.000000e+00
0.000000e+00
0.000000e+00
0.000000e+00
0.000000e+00
0.000000e+00
0.000000e+00
0.000000e+00
0.000000e+00
0.000000e+00
0.000000e+00
0.000000e+00
0.000000e+00
0.000000e+00
0.000000e+00
0.000000e+00
0.000000e+00
0.000000e+00
0.000000e+00
0.000000e+00
0.000000e+00
0.000000e+00
0.000000e+00
0.000000e+00
0.000000e+00
0.000000e+00
0.000000e+00
0.000000e+00
0.000000e+00
0.000000e+00
0.000000e+00
0.000000e+00
0.000000e+00
0.000000e+00
0.000000e+00
0.000000e+00
0.000000e+00
0.000000e+00
0.000000e+00
0.000000e+00
0.000000e+00
0.000000e+00
0.000000e+00
0.000000e+00
0.000000e+00
0.000000e+00
0.000000e+00
0.000000e+00
0.000000e+00
0.000000e+00
0.000000e+00
0.000000e+00
0.000000e+00
0.000000e+00
0.000000e+00
0.000000e+00
0.000000e+00
0.000000e+00
0.000000e+00
0.000000e+00
0.000000e+00
0.000000e+00
0.000000e+00
0.000000e+00
0.000000e+00
0.000000e+00
0.000000e+00
0.000000e+00
0.000000e+00
0.000000e+00
0.000000e+00
0.000000e+00
0.000000e+00
0.000000e+00
0.000000e+00
0.000000e+00
0.000000e+00
0.000000e+00
0.000000e+00
0.000000e+00
0.000000e+00
0.000000e+00
0.000000e+00
0.000000e+00
0.000000e+00
0.000000e+00
0.000000e+00
0.000000e+00
0.000000e+00
0.000000e+00
0.000000e+00
0.000000e+00
0.000000e+00
0.000000e+00
0.000000e+00
0.000000e+00
0.000000e+00
0.000000e+00
0.000000e+00
0.000000e+00
0.000000e+00
0.000000e+00
0.000000e+00
0.000000e+00
0.000000e+00
0.000000e+00
0.000000e+00
0.000000e+00
0.000000e+00
0.000000e+00
0.000000e+00
0.000000e+00
0.000000e+00
0.000000e+00
0.000000e+00
0.000000e+00
0.000000e+00
0.000000e+00
0.000000e+00
0.000000e+00
0.000000e+00
0.000000e+00
0.000000e+00
0.000000e+00
0.000000e+00
0.000000e+00
0.000000e+00
0.000000e+00
0.000000e+00
0.000000e+00
0.000000e+00
0.000000e+00
0.000000e+00
0.000000e+00
0.000000e+00
0.000000e+00
0.000000e+00
0.000000e+00
0.000000e+00
0.000000e+00
0.000000e+00
0.000000e+00
0.000000e+00
0.000000e+00
0.000000e+00
0.000000e+00
0.000000e+00
0.000000e+00
0.000000e+00
0.000000e+00
0.000000e+00
0.000000e+00
0.000000e+00
0.000000e+00
0.000000e+00
0.000000e+00
0.000000e+00
0.000000e+00
0.000000e+00
0.000000e+00
0.000000e+00
0.000000e+00
0.000000e+00
0.000000e+00
0.000000e+00
0.000000e+00
0.000000e+00
0.000000e+00
0.000000e+00
0.000000e+00
0.000000e+00
0.000000e+00
0.000000e+00
0.000000e+00
0.000000e+00
0.000000e+00
0.000000e+00
0.000000e+00
0.000000e+00
0.000000e+00
0.000000e+00
0.000000e+00
0.000000e+00
0.000000e+00
0.000000e+00
0.000000e+00
0.000000e+00
0.000000e+00
0.000000e+00
0.000000e+00
0.000000e+00
0.000000e+00
0.000000e+00
0.000000e+00
0.000000e+00
0.000000e+00
0.000000e+00
0.000000e+00
0.000000e+00
0.000000e+00
0.000000e+00
0.000000e+00
0.000000e+00
0.000000e+00
0.000000e+00
0.000000e+00
0.000000e+00
0.000000e+00
0.000000e+00
0.000000e+00
0.000000e+00
0.000000e+00
0.000000e+00
0.000000e+00
0.000000e+00
0.000000e+00
0.000000e+00
0.000000e+00
0.000000e+00
0.000000e+00
0.000000e+00
0.000000e+00
0.000000e+00
0.000000e+00
0.000000e+00
0.000000e+00
0.000000e+00
0.000000e+00
0.000000e+00
0.000000e+00
0.000000e+00
0.000000e+00
0.000000e+00
0.000000e+00
0.000000e+00
0.000000e+00
0.000000e+00
0.000000e+00
0.000000e+00
0.000000e+00
0.000000e+00
0.000000e+00
0.000000e+00
0.000000e+00
0.000000e+00
0.000000e+00
0.000000e+00
0.000000e+00
0.000000e+00
0.000000e+00
0.000000e+00
0.000000e+00
0.000000e+00
0.000000e+00
0.000000e+00
0.000000e+00
0.000000e+00
0.000000e+00
0.000000e+00
0.000000e+00
0.000000e+00
0.000000e+00
0.000000e+00
0.000000e+00
0.000000e+00
0.000000e+00
0.000000e+00
0.000000e+00
0.000000e+00
0.000000e+00
0.000000e+00
0.000000e+00
0.000000e+00
0.000000e+00
0.000000e+00
0.000000e+00
0.000000e+00
0.000000e+00
0.000000e+00
0.000000e+00
0.000000e+00
0.000000e+00
0.000000e+00
0.000000e+00
0.000000e+00
0.000000e+00
0.000000e+00
0.000000e+00
0.000000e+00
0.000000e+00
0.000000e+00
0.000000e+00
0.000000e+00
0.000000e+00
0.000000e+00
0.000000e+00
0.000000e+00
0.000000e+00
0.000000e+00
0.000000e+00
0.000000e+00
0.000000e+00
0.000000e+00
0.000000e+00
0.000000e+00
0.000000e+00
0.000000e+00
0.000000e+00
0.000000e+00
0.000000e+00
0.000000e+00
0.000000e+00
0.000000e+00
0.000000e+00
0.000000e+00
0.000000e+00
0.000000e+00
0.000000e+00
0.000000e+00
0.000000e+00
0.000000e+00
0.000000e+00
0.000000e+00
0.000000e+00
0.000000e+00
0.000000e+00
0.000000e+00
0.000000e+00
0.000000e+00
0.000000e+00
0.000000e+00
0.000000e+00
0.000000e+00
0.000000e+00
0.000000e+00
0.000000e+00
0.000000e+00
0.000000e+00
0.000000e+00
0.000000e+00
0.000000e+00
0.000000e+00
0.000000e+00
0.000000e+00
0.000000e+00
0.000000e+00
0.000000e+00
0.000000e+00
0.000000e+00
0.000000e+00
0.000000e+00
0.000000e+00
0.000000e+00
0.000000e+00
0.000000e+00
0.000000e+00
0.000000e+00
0.000000e+00
0.000000e+00
0.000000e+00
0.000000e+00
0.000000e+00
0.000000e+00
0.000000e+00
0.000000e+00
0.000000e+00
0.000000e+00
0.000000e+00
0.000000e+00
0.000000e+00
0.000000e+00
0.000000e+00
0.000000e+00
0.000000e+00
0.000000e+00
0.000000e+00
0.000000e+00
0.000000e+00
0.000000e+00
0.000000e+00
0.000000e+00
0.000000e+00
0.000000e+00
0.000000e+00
0.000000e+00
0.000000e+00
0.000000e+00
0.000000e+00
0.000000e+00
0.000000e+00
0.000000e+00
0.000000e+00
0.000000e+00
0.000000e+00
0.000000e+00
0.000000e+00
0.000000e+00
0.000000e+00
0.000000e+00
0.000000e+00
0.000000e+00
0.000000e+00
0.000000e+00
0.000000e+00
0.000000e+00
0.000000e+00
0.000000e+00
0.000000e+00
0.000000e+00
0.000000e+00
0.000000e+00
0.000000e+00
0.000000e+00
0.000000e+00
0.000000e+00
0.000000e+00
0.000000e+00
0.000000e+00
0.000000e+00
0.000000e+00
0.000000e+00
0.000000e+00
0.000000e+00
0.000000e+00
0.000000e+00
0.000000e+00
0.000000e+00
0.000000e+00
0.000000e+00
0.000000e+00
0.000000e+00
0.000000e+00
0.000000e+00
0.000000e+00
0.000000e+00
0.000000e+00
0.000000e+00
0.000000e+00
0.000000e+00
0.000000e+00
0.000000e+00
0.000000e+00
0.000000e+00
0.000000e+00
0.000000e+00
0.000000e+00
0.000000e+00
0.000000e+00
0.000000e+00
0.000000e+00
0.000000e+00
0.000000e+00
0.000000e+00
0.000000e+00
0.000000e+00
0.000000e+00
0.000000e+00
0.000000e+00
0.000000e+00
0.000000e+00
0.000000e+00
0.000000e+00
0.000000e+00
0.000000e+00
0.000000e+00
0.000000e+00
0.000000e+00
0.000000e+00
0.000000e+00
0.000000e+00
0.000000e+00
0.000000e+00
0.000000e+00
0.000000e+00
0.000000e+00
0.000000e+00
0.000000e+00
0.000000e+00
0.000000e+00
0.000000e+00
0.000000e+00
0.000000e+00
0.000000e+00
0.000000e+00
0.000000e+00
0.000000e+00
0.000000e+00
0.000000e+00
0.000000e+00
0.000000e+00
0.000000e+00
0.000000e+00
0.000000e+00
0.000000e+00
0.000000e+00
0.000000e+00
0.000000e+00
0.000000e+00
0.000000e+00
0.000000e+00
0.000000e+00
0.000000e+00
0.000000e+00
0.000000e+00
0.000000e+00
0.000000e+00
0.000000e+00
0.000000e+00
0.000000e+00
0.000000e+00
0.000000e+00
0.000000e+00
0.000000e+00
0.000000e+00
0.000000e+00
0.000000e+00
0.000000e+00
0.000000e+00
0.000000e+00
0.000000e+00
0.000000e+00
0.000000e+00
0.000000e+00
0.000000e+00
0.000000e+00
0.000000e+00
0.000000e+00
0.000000e+00
0.000000e+00
0.000000e+00
0.000000e+00
0.000000e+00
0.000000e+00
0.000000e+00
0.000000e+00
0.000000e+00
0.000000e+00
0.000000e+00
0.000000e+00
0.000000e+00
0.000000e+00
0.000000e+00
0.000000e+00
0.000000e+00
0.000000e+00
0.000000e+00
0.000000e+00
0.000000e+00
0.000000e+00
0.000000e+00
0.000000e+00
0.000000e+00
0.000000e+00
0.000000e+00
0.000000e+00
0.000000e+00
0.000000e+00
0.000000e+00
0.000000e+00
0.000000e+00
0.000000e+00
0.000000e+00
0.000000e+00
0.000000e+00
0.000000e+00
0.000000e+00
0.000000e+00
0.000000e+00
0.000000e+00
0.000000e+00
0.000000e+00
0.000000e+00
0.000000e+00
0.000000e+00
0.000000e+00
0.000000e+00
0.000000e+00
0.000000e+00
0.000000e+00
0.000000e+00
0.000000e+00
0.000000e+00
0.000000e+00
0.000000e+00
0.000000e+00
0.000000e+00
0.000000e+00
0.000000e+00
0.000000e+00
0.000000e+00
0.000000e+00
0.000000e+00
0.000000e+00
0.000000e+00
0.000000e+00
0.000000e+00
0.000000e+00
0.000000e+00
0.000000e+00
0.000000e+00
0.000000e+00
0.000000e+00
0.000000e+00
0.000000e+00
0.000000e+00
0.000000e+00
0.000000e+00
0.000000e+00
0.000000e+00
0.000000e+00
0.000000e+00
0.000000e+00
0.000000e+00
0.000000e+00
0.000000e+00
0.000000e+00
0.000000e+00
0.000000e+00
0.000000e+00
0.000000e+00
0.000000e+00
0.000000e+00
0.000000e+00
0.000000e+00
0.000000e+00
0.000000e+00
0.000000e+00
0.000000e+00
0.000000e+00
0.000000e+00
0.000000e+00
0.000000e+00
0.000000e+00
0.000000e+00
0.000000e+00
0.000000e+00
0.000000e+00
0.000000e+00
0.000000e+00
0.000000e+00
0.000000e+00
0.000000e+00
0.000000e+00
0.000000e+00
0.000000e+00
0.000000e+00
0.000000e+00
0.000000e+00
0.000000e+00
0.000000e+00
0.000000e+00
0.000000e+00
0.000000e+00
0.000000e+00
0.000000e+00
0.000000e+00
0.000000e+00
0.000000e+00
0.000000e+00
0.000000e+00
0.000000e+00
0.000000e+00
0.000000e+00
0.000000e+00
0.000000e+00
0.000000e+00
0.000000e+00
0.000000e+00
0.000000e+00
0.000000e+00
0.000000e+00
0.000000e+00
0.000000e+00
0.000000e+00
0.000000e+00
0.000000e+00
0.000000e+00
0.000000e+00
0.000000e+00
0.000000e+00
0.000000e+00
0.000000e+00
0.000000e+00
0.000000e+00
0.000000e+00
0.000000e+00
0.000000e+00
0.000000e+00
0.000000e+00
0.000000e+00
0.000000e+00
0.000000e+00
0.000000e+00
0.000000e+00
0.000000e+00
0.000000e+00
0.000000e+00
0.000000e+00
0.000000e+00
0.000000e+00
0.000000e+00
0.000000e+00
0.000000e+00
0.000000e+00
0.000000e+00
0.000000e+00
0.000000e+00
0.000000e+00
0.000000e+00
0.000000e+00
0.000000e+00
0.000000e+00
0.000000e+00
0.000000e+00
0.000000e+00
0.000000e+00
0.000000e+00
0.000000e+00
0.000000e+00
0.000000e+00
0.000000e+00
0.000000e+00
0.000000e+00
0.000000e+00
0.000000e+00
0.000000e+00
0.000000e+00
0.000000e+00
0.000000e+00
0.000000e+00
0.000000e+00
0.000000e+00
0.000000e+00
0.000000e+00
0.000000e+00
0.000000e+00
0.000000e+00
0.000000e+00
0.000000e+00
0.000000e+00
0.000000e+00
0.000000e+00
0.000000e+00
0.000000e+00
0.000000e+00
0.000000e+00
0.000000e+00
0.000000e+00
0.000000e+00
0.000000e+00
0.000000e+00
0.000000e+00
0.000000e+00
0.000000e+00
0.000000e+00
0.000000e+00
0.000000e+00
0.000000e+00
0.000000e+00
0.000000e+00
0.000000e+00
0.000000e+00
0.000000e+00
0.000000e+00
0.000000e+00
0.000000e+00
0.000000e+00
0.000000e+00
0.000000e+00
0.000000e+00
0.000000e+00
0.000000e+00
0.000000e+00
0.000000e+00
0.000000e+00
0.000000e+00
0.000000e+00
0.000000e+00
0.000000e+00
0.000000e+00
0.000000e+00
0.000000e+00
0.000000e+00
0.000000e+00
0.000000e+00
0.000000e+00
0.000000e+00
0.000000e+00
0.000000e+00
0.000000e+00
0.000000e+00
0.000000e+00
0.000000e+00
0.000000e+00
0.000000e+00
0.000000e+00
0.000000e+00
0.000000e+00
0.000000e+00
0.000000e+00
0.000000e+00
0.000000e+00
0.000000e+00
0.000000e+00
0.000000e+00
0.000000e+00
0.000000e+00
0.000000e+00
0.000000e+00
0.000000e+00
0.000000e+00
0.000000e+00
0.000000e+00
0.000000e+00
0.000000e+00
0.000000e+00
0.000000e+00
0.000000e+00
0.000000e+00
0.000000e+00
0.000000e+00
0.000000e+00
0.000000e+00
0.000000e+00
0.000000e+00
0.000000e+00
0.000000e+00
0.000000e+00
0.000000e+00
0.000000e+00
0.000000e+00
0.000000e+00
0.000000e+00
0.000000e+00
0.000000e+00
0.000000e+00
0.000000e+00
0.000000e+00
0.000000e+00
0.000000e+00
0.000000e+00
0.000000e+00
0.000000e+00
0.000000e+00
0.000000e+00
0.000000e+00
0.000000e+00
0.000000e+00
0.000000e+00
0.000000e+00
0.000000e+00
0.000000e+00
0.000000e+00
0.000000e+00
0.000000e+00
0.000000e+00
0.000000e+00
0.000000e+00
0.000000e+00
0.000000e+00
0.000000e+00
0.000000e+00
0.000000e+00
0.000000e+00
0.000000e+00
0.000000e+00
0.000000e+00
0.000000e+00
0.000000e+00
0.000000e+00
0.000000e+00
0.000000e+00
0.000000e+00
0.000000e+00
0.000000e+00
0.000000e+00
0.000000e+00
0.000000e+00
0.000000e+00
0.000000e+00
0.000000e+00
