5.980810e+07
5.980732e+07
5.980715e+07
5.980705e+07
5.980698e+07
5.980693e+07
5.980689e+07
5.980686e+07
5.980683e+07
5.980680e+07
5.980678e+07
5.980675e+07
5.980674e+07
5.980672e+07
5.980670e+07
5.980668e+07
5.980667e+07
5.980665e+07
5.980664e+07
5.980663e+07
5.980662e+07
5.980660e+07
5.980659e+07
5.980658e+07
5.980657e+07
5.980656e+07
5.980655e+07
5.980654e+07
5.980653e+07
5.980652e+07
5.980651e+07
5.980650e+07
5.980649e+07
5.980649e+07
5.980648e+07
5.980647e+07
5.980646e+07
5.980645e+07
5.980645e+07
5.980644e+07
5.980643e+07
5.980642e+07
5.980641e+07
5.980641e+07
5.980640e+07
5.980639e+07
5.980638e+07
5.980638e+07
5.980637e+07
5.980636e+07
5.980636e+07
5.980635e+07
5.980634e+07
5.980633e+07
5.980633e+07
5.980632e+07
5.980631e+07
5.980631e+07
5.980630e+07
5.980629e+07
5.980628e+07
5.980628e+07
5.980627e+07
5.980626e+07
5.980626e+07
5.980625e+07
5.980624e+07
5.980623e+07
5.980623e+07
5.980622e+07
5.980621e+07
5.980621e+07
5.980620e+07
5.980619e+07
5.980618e+07
5.980618e+07
5.980617e+07
5.980616e+07
5.980616e+07
5.980615e+07
5.980614e+07
5.980613e+07
5.980613e+07
5.980612e+07
5.980611e+07
5.980610e+07
5.980610e+07
5.980609e+07
5.980608e+07
5.980607e+07
5.980607e+07
5.980606e+07
5.980605e+07
5.980604e+07
5.980603e+07
5.980603e+07
5.980602e+07
5.980601e+07
5.980600e+07
5.980599e+07
5.980599e+07
5.980598e+07
5.980597e+07
5.980596e+07
5.980595e+07
5.980595e+07
5.980594e+07
5.980593e+07
5.980592e+07
5.980591e+07
5.980590e+07
5.980589e+07
5.980589e+07
5.980588e+07
5.980587e+07
5.980586e+07
5.980585e+07
5.980584e+07
5.980583e+07
5.980582e+07
5.980581e+07
5.980581e+07
5.980580e+07
5.980579e+07
5.980578e+07
5.980577e+07
5.980576e+07
5.980575e+07
5.980574e+07
5.980573e+07
5.980572e+07
5.980571e+07
5.980570e+07
5.980569e+07
5.980568e+07
5.980567e+07
5.980566e+07
5.980565e+07
5.980564e+07
5.980563e+07
5.980562e+07
5.980561e+07
5.980560e+07
5.980559e+07
5.980558e+07
5.980557e+07
5.980556e+07
5.980555e+07
5.980554e+07
5.980553e+07
5.980551e+07
5.980550e+07
5.980549e+07
5.980548e+07
5.980547e+07
5.980546e+07
5.980545e+07
5.980544e+07
5.980542e+07
5.980541e+07
5.980540e+07
5.980539e+07
5.980538e+07
5.980537e+07
5.980535e+07
5.980534e+07
5.980533e+07
5.980532e+07
5.980531e+07
5.980529e+07
5.980528e+07
5.980527e+07
5.980526e+07
5.980524e+07
5.980523e+07
5.980522e+07
5.980520e+07
5.980519e+07
5.980518e+07
5.980517e+07
5.980515e+07
5.980514e+07
5.980513e+07
5.980511e+07
5.980510e+07
5.980508e+07
5.980507e+07
5.980506e+07
5.980504e+07
5.980503e+07
5.980501e+07
5.980500e+07
5.980499e+07
5.980497e+07
5.980496e+07
5.980494e+07
5.980493e+07
5.980491e+07
5.980490e+07
5.980488e+07
5.980487e+07
5.980485e+07
5.980484e+07
5.980482e+07
5.980481e+07
5.980479e+07
5.980478e+07
5.980476e+07
5.980474e+07
5.980473e+07
5.980471e+07
5.980470e+07
5.980468e+07
5.980466e+07
5.980465e+07
5.980463e+07
5.980461e+07
5.980460e+07
5.980458e+07
5.980456e+07
5.980455e+07
5.980453e+07
5.980451e+07
5.980450e+07
5.980448e+07
5.980446e+07
5.980444e+07
5.980442e+07
5.980441e+07
5.980439e+07
5.980437e+07
5.980435e+07
5.980433e+07
5.980431e+07
5.980430e+07
5.980428e+07
5.980426e+07
5.980424e+07
5.980422e+07
5.980420e+07
5.980418e+07
5.980416e+07
5.980414e+07
5.980412e+07
5.980410e+07
5.980408e+07
5.980406e+07
5.980404e+07
5.980402e+07
5.980400e+07
5.980398e+07
5.980396e+07
5.980394e+07
5.980392e+07
5.980390e+07
5.980387e+07
5.980385e+07
5.980383e+07
5.980381e+07
5.980379e+07
5.980376e+07
5.980374e+07
5.980372e+07
5.980370e+07
5.980367e+07
5.980365e+07
5.980363e+07
5.980360e+07
5.980358e+07
5.980356e+07
5.980353e+07
5.980351e+07
5.980348e+07
5.980346e+07
5.980344e+07
5.980341e+07
5.980339e+07
5.980336e+07
5.980334e+07
5.980331e+07
5.980328e+07
5.980326e+07
5.980323e+07
5.980321e+07
5.980318e+07
5.980315e+07
5.980312e+07
5.980310e+07
5.980307e+07
5.980304e+07
5.980301e+07
5.980299e+07
5.980296e+07
5.980293e+07
5.980290e+07
5.980287e+07
5.980284e+07
5.980281e+07
5.980278e+07
5.980275e+07
5.980272e+07
5.980269e+07
5.980266e+07
5.980263e+07
5.980260e+07
5.980257e+07
5.980253e+07
5.980250e+07
5.980247e+07
5.980244e+07
5.980240e+07
5.980237e+07
5.980234e+07
5.980230e+07
5.980227e+07
5.980223e+07
5.980220e+07
5.980216e+07
5.980212e+07
5.980209e+07
5.980205e+07
5.980201e+07
5.980198e+07
5.980194e+07
5.980190e+07
5.980186e+07
5.980182e+07
5.980178e+07
5.980174e+07
5.980170e+07
5.980166e+07
5.980162e+07
5.980157e+07
5.980153e+07
5.980149e+07
5.980144e+07
5.980140e+07
5.980135e+07
5.980131e+07
5.980126e+07
5.980122e+07
5.980117e+07
5.980112e+07
5.980107e+07
5.980102e+07
5.980097e+07
5.980092e+07
5.980087e+07
5.980082e+07
5.980076e+07
5.980071e+07
5.980065e+07
5.980060e+07
5.980054e+07
5.980049e+07
5.980043e+07
5.980037e+07
5.980031e+07
5.980025e+07
5.980019e+07
5.980012e+07
5.980006e+07
5.979999e+07
5.979993e+07
5.979986e+07
5.979979e+07
5.979972e+07
5.979965e+07
5.979958e+07
5.979951e+07
5.979943e+07
5.979935e+07
5.979928e+07
5.979920e+07
5.979912e+07
5.979904e+07
5.979895e+07
5.979887e+07
5.979878e+07
5.979869e+07
5.979860e+07
5.979851e+07
5.979842e+07
5.979832e+07
5.979822e+07
5.979812e+07
5.979802e+07
5.979792e+07
5.979781e+07
5.979770e+07
5.979759e+07
5.979748e+07
5.979736e+07
5.979725e+07
5.979713e+07
5.979700e+07
5.979688e+07
5.979675e+07
5.979662e+07
5.979648e+07
5.979634e+07
5.979620e+07
5.979606e+07
5.979591e+07
5.979576e+07
5.979560e+07
5.979545e+07
5.979528e+07
5.979512e+07
5.979495e+07
5.979477e+07
5.979459e+07
5.979441e+07
5.979422e+07
5.979403e+07
5.979384e+07
5.979363e+07
5.979343e+07
5.979322e+07
5.979300e+07
5.979278e+07
5.979255e+07
5.979231e+07
5.979207e+07
5.979183e+07
5.979157e+07
5.979131e+07
5.979105e+07
5.979077e+07
5.979049e+07
5.979020e+07
5.978991e+07
5.978960e+07
5.978929e+07
5.978897e+07
5.978864e+07
5.978830e+07
5.978795e+07
5.978760e+07
5.978723e+07
5.978685e+07
5.978647e+07
5.978607e+07
5.978566e+07
5.978524e+07
5.978481e+07
5.978436e+07
5.978391e+07
5.978344e+07
5.978296e+07
5.978246e+07
5.978195e+07
5.978143e+07
5.978089e+07
5.978033e+07
5.977976e+07
5.977918e+07
5.977857e+07
5.977795e+07
5.977731e+07
5.977666e+07
5.977598e+07
5.977528e+07
5.977457e+07
5.977383e+07
5.977307e+07
5.977229e+07
5.977149e+07
5.977066e+07
5.976981e+07
5.976894e+07
5.976804e+07
5.976711e+07
5.976616e+07
5.976517e+07
5.976416e+07
5.976312e+07
5.976205e+07
5.976094e+07
5.975981e+07
5.975864e+07
5.975743e+07
5.975619e+07
5.975491e+07
5.975360e+07
5.975224e+07
5.975085e+07
5.974941e+07
5.974793e+07
5.974640e+07
5.974483e+07
5.974321e+07
5.974155e+07
5.973983e+07
5.973806e+07
5.973624e+07
5.973436e+07
5.973243e+07
5.973044e+07
5.972839e+07
5.972627e+07
5.972410e+07
5.972185e+07
5.971954e+07
5.971716e+07
5.971471e+07
5.971218e+07
5.970957e+07
5.970689e+07
5.970412e+07
5.970127e+07
5.969834e+07
5.969531e+07
5.969219e+07
5.968898e+07
5.968566e+07
5.968225e+07
5.967873e+07
5.967511e+07
5.967137e+07
5.966752e+07
5.966356e+07
5.965947e+07
5.965525e+07
5.965091e+07
5.964643e+07
5.964181e+07
5.963706e+07
5.963216e+07
5.962710e+07
5.962189e+07
5.961653e+07
5.961099e+07
5.960529e+07
5.959941e+07
5.959335e+07
5.958710e+07
5.958066e+07
5.957402e+07
5.956718e+07
5.956013e+07
5.955285e+07
5.954536e+07
5.953763e+07
5.952966e+07
5.952145e+07
5.951298e+07
5.950425e+07
5.949525e+07
5.948597e+07
5.947641e+07
5.946654e+07
5.945638e+07
5.944589e+07
5.943509e+07
5.942394e+07
5.941245e+07
5.940061e+07
5.938840e+07
5.937580e+07
5.936282e+07
5.934943e+07
5.933563e+07
5.932139e+07
5.930672e+07
5.929158e+07
5.927598e+07
5.925989e+07
5.924329e+07
5.922618e+07
5.920854e+07
5.919034e+07
5.917158e+07
5.915223e+07
5.913228e+07
5.911170e+07
5.909048e+07
5.906860e+07
5.904603e+07
5.902275e+07
5.899875e+07
5.897399e+07
5.894845e+07
5.892212e+07
5.889496e+07
5.886694e+07
5.883805e+07
5.880824e+07
5.877750e+07
5.874579e+07
5.871308e+07
5.867935e+07
5.864454e+07
5.860864e+07
5.857161e+07
5.853341e+07
5.849399e+07
5.845334e+07
5.841139e+07
5.836812e+07
5.832347e+07
5.827741e+07
5.822988e+07
5.818084e+07
5.813025e+07
5.807804e+07
5.802417e+07
5.796858e+07
5.791122e+07
5.785202e+07
5.779093e+07
5.772788e+07
5.766281e+07
5.759566e+07
5.752634e+07
5.745480e+07
5.738095e+07
5.730472e+07
5.722603e+07
5.714480e+07
5.706093e+07
5.697434e+07
5.688494e+07
5.679264e+07
5.669732e+07
5.659890e+07
5.649726e+07
5.639229e+07
5.628387e+07
5.617190e+07
5.605623e+07
5.593674e+07
5.581331e+07
5.568578e+07
5.555401e+07
5.541786e+07
5.527716e+07
5.513175e+07
5.498145e+07
5.482610e+07
5.466551e+07
5.449948e+07
5.432780e+07
5.415028e+07
5.396669e+07
5.377680e+07
5.358037e+07
5.337715e+07
5.316687e+07
5.294927e+07
5.272404e+07
5.249090e+07
5.224951e+07
5.199956e+07
5.174068e+07
5.147251e+07
5.119466e+07
5.090672e+07
5.060826e+07
5.029882e+07
4.997792e+07
4.964504e+07
4.929965e+07
4.894118e+07
4.856900e+07
4.818247e+07
4.778090e+07
4.736355e+07
4.692961e+07
4.647824e+07
4.600853e+07
4.551949e+07
4.501006e+07
4.447908e+07
4.392531e+07
4.334738e+07
4.274379e+07
4.211293e+07
4.145299e+07
4.076197e+07
4.003766e+07
3.927759e+07
3.847898e+07
3.763867e+07
3.675308e+07
3.581808e+07
3.482888e+07
3.377988e+07
3.266441e+07
3.147445e+07
3.020021e+07
2.882946e+07
2.734658e+07
2.573107e+07
2.395504e+07
2.197875e+07
1.974224e+07
1.714761e+07
1.401791e+07
9.988553e+06
0.000000e+00
0.000000e+00
0.000000e+00
0.000000e+00
0.000000e+00
0.000000e+00
0.000000e+00
0.000000e+00
0.000000e+00
0.000000e+00
0.000000e+00
0.000000e+00
0.000000e+00
0.000000e+00
0.000000e+00
0.000000e+00
0.000000e+00
0.000000e+00
0.000000e+00
0.000000e+00
0.000000e+00
0.000000e+00
0.000000e+00
0.000000e+00
0.000000e+00
0.000000e+00
0.000000e+00
0.000000e+00
0.000000e+00
0.000000e+00
0.000000e+00
0.000000e+00
0.000000e+00
0.000000e+00
0.000000e+00
0.000000e+00
0.000000e+00
0.000000e+00
0.000000e+00
0.000000e+00
0.000000e+00
0.000000e+00
0.000000e+00
0.000000e+00
0.000000e+00
0.000000e+00
0.000000e+00
0.000000e+00
0.000000e+00
0.000000e+00
0.000000e+00
0.000000e+00
0.000000e+00
0.000000e+00
0.000000e+00
0.000000e+00
0.000000e+00
0.000000e+00
0.000000e+00
0.000000e+00
0.000000e+00
0.000000e+00
0.000000e+00
0.000000e+00
0.000000e+00
0.000000e+00
0.000000e+00
0.000000e+00
0.000000e+00
0.000000e+00
0.000000e+00
0.000000e+00
0.000000e+00
0.000000e+00
0.000000e+00
0.000000e+00
0.000000e+00
0.000000e+00
0.000000e+00
0.000000e+00
0.000000e+00
0.000000e+00
0.000000e+00
0.000000e+00
0.000000e+00
0.000000e+00
0.000000e+00
0.000000e+00
0.000000e+00
0.000000e+00
0.000000e+00
0.000000e+00
0.000000e+00
0.000000e+00
0.000000e+00
0.000000e+00
0.000000e+00
0.000000e+00
0.000000e+00
0.000000e+00
0.000000e+00
0.000000e+00
0.000000e+00
0.000000e+00
0.000000e+00
0.000000e+00
0.000000e+00
0.000000e+00
0.000000e+00
0.000000e+00
0.000000e+00
0.000000e+00
0.000000e+00
0.000000e+00
0.000000e+00
0.000000e+00
0.000000e+00
0.000000e+00
0.000000e+00
0.000000e+00
0.000000e+00
0.000000e+00
0.000000e+00
0.000000e+00
0.000000e+00
0.000000e+00
0.000000e+00
0.000000e+00
0.000000e+00
0.000000e+00
0.000000e+00
0.000000e+00
0.000000e+00
0.000000e+00
0.000000e+00
0.000000e+00
0.000000e+00
0.000000e+00
0.000000e+00
0.000000e+00
0.000000e+00
0.000000e+00
0.000000e+00
0.000000e+00
0.000000e+00
0.000000e+00
0.000000e+00
0.000000e+00
0.000000e+00
0.000000e+00
0.000000e+00
0.000000e+00
0.000000e+00
0.000000e+00
0.000000e+00
0.000000e+00
0.000000e+00
0.000000e+00
0.000000e+00
0.000000e+00
0.000000e+00
0.000000e+00
0.000000e+00
0.000000e+00
0.000000e+00
0.000000e+00
0.000000e+00
0.000000e+00
0.000000e+00
0.000000e+00
0.000000e+00
0.000000e+00
0.000000e+00
0.000000e+00
0.000000e+00
0.000000e+00
0.000000e+00
0.000000e+00
0.000000e+00
0.000000e+00
0.000000e+00
0.000000e+00
0.000000e+00
0.000000e+00
0.000000e+00
0.000000e+00
0.000000e+00
0.000000e+00
0.000000e+00
0.000000e+00
0.000000e+00
0.000000e+00
0.000000e+00
0.000000e+00
0.000000e+00
0.000000e+00
0.000000e+00
0.000000e+00
0.000000e+00
0.000000e+00
0.000000e+00
0.000000e+00
0.000000e+00
0.000000e+00
0.000000e+00
0.000000e+00
0.000000e+00
0.000000e+00
0.000000e+00
0.000000e+00
0.000000e+00
0.000000e+00
0.000000e+00
0.000000e+00
0.000000e+00
0.000000e+00
0.000000e+00
0.000000e+00
0.000000e+00
0.000000e+00
0.000000e+00
0.000000e+00
0.000000e+00
0.000000e+00
0.000000e+00
0.000000e+00
0.000000e+00
0.000000e+00
0.000000e+00
0.000000e+00
0.000000e+00
0.000000e+00
0.000000e+00
0.000000e+00
0.000000e+00
0.000000e+00
0.000000e+00
0.000000e+00
0.000000e+00
0.000000e+00
0.000000e+00
0.000000e+00
0.000000e+00
0.000000e+00
0.000000e+00
0.000000e+00
0.000000e+00
0.000000e+00
0.000000e+00
0.000000e+00
0.000000e+00
0.000000e+00
0.000000e+00
0.000000e+00
0.000000e+00
0.000000e+00
0.000000e+00
0.000000e+00
0.000000e+00
0.000000e+00
0.000000e+00
0.000000e+00
0.000000e+00
0.000000e+00
0.000000e+00
0.000000e+00
0.000000e+00
0.000000e+00
0.000000e+00
0.000000e+00
0.000000e+00
0.000000e+00
0.000000e+00
0.000000e+00
0.000000e+00
0.000000e+00
0.000000e+00
0.000000e+00
0.000000e+00
0.000000e+00
0.000000e+00
0.000000e+00
0.000000e+00
0.000000e+00
0.000000e+00
0.000000e+00
0.000000e+00
0.000000e+00
0.000000e+00
0.000000e+00
0.000000e+00
0.000000e+00
0.000000e+00
0.000000e+00
0.000000e+00
0.000000e+00
0.000000e+00
0.000000e+00
0.000000e+00
0.000000e+00
0.000000e+00
0.000000e+00
0.000000e+00
0.000000e+00
0.000000e+00
0.000000e+00
0.000000e+00
0.000000e+00
0.000000e+00
0.000000e+00
0.000000e+00
0.000000e+00
0.000000e+00
0.000000e+00
0.000000e+00
0.000000e+00
0.000000e+00
0.000000e+00
0.000000e+00
0.000000e+00
0.000000e+00
0.000000e+00
0.000000e+00
0.000000e+00
0.000000e+00
0.000000e+00
0.000000e+00
0.000000e+00
0.000000e+00
0.000000e+00
0.000000e+00
0.000000e+00
0.000000e+00
0.000000e+00
0.000000e+00
0.000000e+00
0.000000e+00
0.000000e+00
0.000000e+00
0.000000e+00
0.000000e+00
0.000000e+00
0.000000e+00
0.000000e+00
0.000000e+00
0.000000e+00
0.000000e+00
0.000000e+00
0.000000e+00
0.000000e+00
0.000000e+00
0.000000e+00
0.000000e+00
0.000000e+00
0.000000e+00
0.000000e+00
0.000000e+00
0.000000e+00
0.000000e+00
0.000000e+00
0.000000e+00
0.000000e+00
0.000000e+00
0.000000e+00
0.000000e+00
0.000000e+00
0.000000e+00
0.000000e+00
0.000000e+00
0.000000e+00
0.000000e+00
0.000000e+00
0.000000e+00
0.000000e+00
0.000000e+00
0.000000e+00
0.000000e+00
0.000000e+00
0.000000e+00
0.000000e+00
0.000000e+00
0.000000e+00
0.000000e+00
0.000000e+00
0.000000e+00
0.000000e+00
0.000000e+00
0.000000e+00
0.000000e+00
0.000000e+00
0.000000e+00
0.000000e+00
0.000000e+00
0.000000e+00
0.000000e+00
0.000000e+00
0.000000e+00
0.000000e+00
0.000000e+00
0.000000e+00
0.000000e+00
0.000000e+00
0.000000e+00
0.000000e+00
0.000000e+00
0.000000e+00
0.000000e+00
0.000000e+00
0.000000e+00
0.000000e+00
0.000000e+00
0.000000e+00
0.000000e+00
0.000000e+00
0.000000e+00
0.000000e+00
0.000000e+00
0.000000e+00
0.000000e+00
0.000000e+00
0.000000e+00
0.000000e+00
0.000000e+00
0.000000e+00
0.000000e+00
0.000000e+00
0.000000e+00
0.000000e+00
0.000000e+00
0.000000e+00
0.000000e+00
0.000000e+00
0.000000e+00
0.000000e+00
0.000000e+00
0.000000e+00
0.000000e+00
0.000000e+00
0.000000e+00
0.000000e+00
0.000000e+00
0.000000e+00
0.000000e+00
0.000000e+00
0.000000e+00
0.000000e+00
0.000000e+00
0.000000e+00
0.000000e+00
0.000000e+00
0.000000e+00
0.000000e+00
0.000000e+00
0.000000e+00
0.000000e+00
0.000000e+00
0.000000e+00
0.000000e+00
0.000000e+00
0.000000e+00
0.000000e+00
0.000000e+00
0.000000e+00
0.000000e+00
0.000000e+00
0.000000e+00
0.000000e+00
0.000000e+00
0.000000e+00
0.000000e+00
0.000000e+00
0.000000e+00
0.000000e+00
0.000000e+00
0.000000e+00
0.000000e+00
0.000000e+00
0.000000e+00
0.000000e+00
0.000000e+00
0.000000e+00
0.000000e+00
0.000000e+00
0.000000e+00
0.000000e+00
0.000000e+00
0.000000e+00
0.000000e+00
0.000000e+00
0.000000e+00
0.000000e+00
0.000000e+00
0.000000e+00
0.000000e+00
0.000000e+00
0.000000e+00
0.000000e+00
0.000000e+00
0.000000e+00
0.000000e+00
0.000000e+00
0.000000e+00
0.000000e+00
0.000000e+00
0.000000e+00
0.000000e+00
0.000000e+00
0.000000e+00
0.000000e+00
0.000000e+00
0.000000e+00
0.000000e+00
0.000000e+00
0.000000e+00
0.000000e+00
0.000000e+00
0.000000e+00
0.000000e+00
0.000000e+00
0.000000e+00
0.000000e+00
0.000000e+00
0.000000e+00
0.000000e+00
0.000000e+00
0.000000e+00
0.000000e+00
0.000000e+00
0.000000e+00
0.000000e+00
0.000000e+00
0.000000e+00
0.000000e+00
0.000000e+00
0.000000e+00
0.000000e+00
0.000000e+00
0.000000e+00
0.000000e+00
0.000000e+00
0.000000e+00
0.000000e+00
0.000000e+00
0.000000e+00
0.000000e+00
0.000000e+00
0.000000e+00
0.000000e+00
0.000000e+00
0.000000e+00
0.000000e+00
0.000000e+00
0.000000e+00
0.000000e+00
0.000000e+00
0.000000e+00
0.000000e+00
0.000000e+00
0.000000e+00
0.000000e+00
0.000000e+00
0.000000e+00
0.000000e+00
0.000000e+00
0.000000e+00
0.000000e+00
0.000000e+00
0.000000e+00
0.000000e+00
0.000000e+00
0.000000e+00
0.000000e+00
0.000000e+00
0.000000e+00
0.000000e+00
0.000000e+00
0.000000e+00
0.000000e+00
0.000000e+00
0.000000e+00
0.000000e+00
0.000000e+00
0.000000e+00
0.000000e+00
0.000000e+00
0.000000e+00
0.000000e+00
0.000000e+00
0.000000e+00
0.000000e+00
0.000000e+00
0.000000e+00
0.000000e+00
0.000000e+00
0.000000e+00
0.000000e+00
0.000000e+00
0.000000e+00
0.000000e+00
0.000000e+00
0.000000e+00
0.000000e+00
0.000000e+00
0.000000e+00
0.000000e+00
0.000000e+00
0.000000e+00
0.000000e+00
0.000000e+00
0.000000e+00
0.000000e+00
0.000000e+00
0.000000e+00
0.000000e+00
0.000000e+00
0.000000e+00
0.000000e+00
0.000000e+00
0.000000e+00
0.000000e+00
0.000000e+00
0.000000e+00
0.000000e+00
0.000000e+00
0.000000e+00
0.000000e+00
0.000000e+00
0.000000e+00
0.000000e+00
0.000000e+00
0.000000e+00
0.000000e+00
0.000000e+00
0.000000e+00
0.000000e+00
0.000000e+00
0.000000e+00
0.000000e+00
0.000000e+00
0.000000e+00
0.000000e+00
0.000000e+00
0.000000e+00
0.000000e+00
0.000000e+00
0.000000e+00
0.000000e+00
0.000000e+00
0.000000e+00
0.000000e+00
0.000000e+00
0.000000e+00
0.000000e+00
0.000000e+00
0.000000e+00
0.000000e+00
0.000000e+00
0.000000e+00
0.000000e+00
0.000000e+00
0.000000e+00
0.000000e+00
0.000000e+00
0.000000e+00
0.000000e+00
0.000000e+00
0.000000e+00
0.000000e+00
0.000000e+00
0.000000e+00
0.000000e+00
0.000000e+00
0.000000e+00
0.000000e+00
0.000000e+00
0.000000e+00
0.000000e+00
0.000000e+00
0.000000e+00
0.000000e+00
0.000000e+00
0.000000e+00
0.000000e+00
0.000000e+00
0.000000e+00
0.000000e+00
0.000000e+00
0.000000e+00
0.000000e+00
0.000000e+00
0.000000e+00
0.000000e+00
0.000000e+00
0.000000e+00
0.000000e+00
0.000000e+00
0.000000e+00
0.000000e+00
0.000000e+00
0.000000e+00
0.000000e+00
0.000000e+00
0.000000e+00
0.000000e+00
0.000000e+00
0.000000e+00
0.000000e+00
0.000000e+00
0.000000e+00
0.000000e+00
0.000000e+00
0.000000e+00
0.000000e+00
0.000000e+00
0.000000e+00
0.000000e+00
0.000000e+00
0.000000e+00
0.000000e+00
0.000000e+00
0.000000e+00
0.000000e+00
0.000000e+00
0.000000e+00
0.000000e+00
0.000000e+00
0.000000e+00
0.000000e+00
0.000000e+00
0.000000e+00
0.000000e+00
0.000000e+00
0.000000e+00
0.000000e+00
0.000000e+00
0.000000e+00
0.000000e+00
0.000000e+00
0.000000e+00
0.000000e+00
0.000000e+00
0.000000e+00
0.000000e+00
0.000000e+00
0.000000e+00
0.000000e+00
0.000000e+00
0.000000e+00
0.000000e+00
0.000000e+00
0.000000e+00
0.000000e+00
0.000000e+00
0.000000e+00
0.000000e+00
0.000000e+00
0.000000e+00
0.000000e+00
0.000000e+00
0.000000e+00
0.000000e+00
0.000000e+00
0.000000e+00
0.000000e+00
0.000000e+00
0.000000e+00
0.000000e+00
0.000000e+00
0.000000e+00
0.000000e+00
0.000000e+00
0.000000e+00
0.000000e+00
0.000000e+00
0.000000e+00
0.000000e+00
0.000000e+00
0.000000e+00
0.000000e+00
0.000000e+00
0.000000e+00
0.000000e+00
0.000000e+00
0.000000e+00
0.000000e+00
0.000000e+00
0.000000e+00
0.000000e+00
0.000000e+00
0.000000e+00
0.000000e+00
0.000000e+00
0.000000e+00
0.000000e+00
0.000000e+00
0.000000e+00
0.000000e+00
0.000000e+00
0.000000e+00
0.000000e+00
0.000000e+00
0.000000e+00
0.000000e+00
0.000000e+00
0.000000e+00
0.000000e+00
0.000000e+00
0.000000e+00
0.000000e+00
0.000000e+00
0.000000e+00
0.000000e+00
0.000000e+00
0.000000e+00
0.000000e+00
0.000000e+00
0.000000e+00
0.000000e+00
0.000000e+00
0.000000e+00
0.000000e+00
0.000000e+00
0.000000e+00
0.000000e+00
0.000000e+00
0.000000e+00
0.000000e+00
0.000000e+00
0.000000e+00
0.000000e+00
0.000000e+00
0.000000e+00
0.000000e+00
0.000000e+00
0.000000e+00
0.000000e+00
0.000000e+00
0.000000e+00
0.000000e+00
0.000000e+00
0.000000e+00
0.000000e+00
0.000000e+00
0.000000e+00
0.000000e+00
0.000000e+00
0.000000e+00
0.000000e+00
0.000000e+00
0.000000e+00
0.000000e+00
0.000000e+00
0.000000e+00
0.000000e+00
0.000000e+00
0.000000e+00
0.000000e+00
0.000000e+00
0.000000e+00
0.000000e+00
0.000000e+00
0.000000e+00
0.000000e+00
0.000000e+00
0.000000e+00
0.000000e+00
0.000000e+00
0.000000e+00
0.000000e+00
0.000000e+00
0.000000e+00
0.000000e+00
0.000000e+00
0.000000e+00
0.000000e+00
0.000000e+00
0.000000e+00
0.000000e+00
0.000000e+00
0.000000e+00
0.000000e+00
0.000000e+00
0.000000e+00
0.000000e+00
0.000000e+00
0.000000e+00
0.000000e+00
0.000000e+00
0.000000e+00
0.000000e+00
0.000000e+00
0.000000e+00
0.000000e+00
0.000000e+00
0.000000e+00
0.000000e+00
0.000000e+00
0.000000e+00
0.000000e+00
0.000000e+00
0.000000e+00
0.000000e+00
0.000000e+00
0.000000e+00
0.000000e+00
0.000000e+00
0.000000e+00
0.000000e+00
0.000000e+00
0.000000e+00
0.000000e+00
0.000000e+00
0.000000e+00
0.000000e+00
0.000000e+00
0.000000e+00
0.000000e+00
0.000000e+00
0.000000e+00
0.000000e+00
0.000000e+00
0.000000e+00
0.000000e+00
0.000000e+00
0.000000e+00
0.000000e+00
0.000000e+00
0.000000e+00
0.000000e+00
0.000000e+00
0.000000e+00
0.000000e+00
0.000000e+00
0.000000e+00
0.000000e+00
0.000000e+00
0.000000e+00
0.000000e+00
0.000000e+00
0.000000e+00
0.000000e+00
0.000000e+00
0.000000e+00
0.000000e+00
0.000000e+00
0.000000e+00
0.000000e+00
0.000000e+00
0.000000e+00
0.000000e+00
0.000000e+00
0.000000e+00
0.000000e+00
0.000000e+00
0.000000e+00
0.000000e+00
0.000000e+00
0.000000e+00
0.000000e+00
0.000000e+00
0.000000e+00
0.000000e+00
0.000000e+00
0.000000e+00
0.000000e+00
0.000000e+00
0.000000e+00
0.000000e+00
0.000000e+00
0.000000e+00
0.000000e+00
0.000000e+00
0.000000e+00
0.000000e+00
0.000000e+00
0.000000e+00
0.000000e+00
0.000000e+00
0.000000e+00
0.000000e+00
0.000000e+00
0.000000e+00
0.000000e+00
0.000000e+00
0.000000e+00
0.000000e+00
0.000000e+00
0.000000e+00
0.000000e+00
0.000000e+00
0.000000e+00
0.000000e+00
0.000000e+00
0.000000e+00
0.000000e+00
0.000000e+00
0.000000e+00
0.000000e+00
0.000000e+00
0.000000e+00
0.000000e+00
0.000000e+00
0.000000e+00
0.000000e+00
0.000000e+00
0.000000e+00
0.000000e+00
0.000000e+00
0.000000e+00
0.000000e+00
0.000000e+00
0.000000e+00
0.000000e+00
0.000000e+00
0.000000e+00
0.000000e+00
0.000000e+00
0.000000e+00
0.000000e+00
0.000000e+00
0.000000e+00
0.000000e+00
0.000000e+00
0.000000e+00
0.000000e+00
0.000000e+00
0.000000e+00
0.000000e+00
0.000000e+00
0.000000e+00
0.000000e+00
0.000000e+00
0.000000e+00
0.000000e+00
0.000000e+00
0.000000e+00
0.000000e+00
0.000000e+00
0.000000e+00
0.000000e+00
0.000000e+00
0.000000e+00
0.000000e+00
0.000000e+00
0.000000e+00
0.000000e+00
0.000000e+00
0.000000e+00
0.000000e+00
0.000000e+00
0.000000e+00
0.000000e+00
0.000000e+00
0.000000e+00
0.000000e+00
0.000000e+00
0.000000e+00
0.000000e+00
0.000000e+00
0.000000e+00
0.000000e+00
0.000000e+00
0.000000e+00
0.000000e+00
0.000000e+00
0.000000e+00
0.000000e+00
0.000000e+00
0.000000e+00
0.000000e+00
0.000000e+00
0.000000e+00
0.000000e+00
0.000000e+00
0.000000e+00
0.000000e+00
0.000000e+00
0.000000e+00
0.000000e+00
0.000000e+00
0.000000e+00
0.000000e+00
0.000000e+00
0.000000e+00
0.000000e+00
0.000000e+00
0.000000e+00
0.000000e+00
0.000000e+00
0.000000e+00
0.000000e+00
0.000000e+00
0.000000e+00
0.000000e+00
0.000000e+00
0.000000e+00
0.000000e+00
0.000000e+00
0.000000e+00
0.000000e+00
0.000000e+00
