1.214123e+06
1.160365e+06
1.108018e+06
1.057081e+06
1.007554e+06
9.594356e+05
9.127254e+05
8.674224e+05
8.235258e+05
7.810349e+05
7.399488e+05
7.002665e+05
6.619872e+05
6.251099e+05
5.896336e+05
5.555573e+05
5.228799e+05
4.916005e+05
4.617178e+05
4.332308e+05
4.061382e+05
3.804390e+05
3.561318e+05
3.332154e+05
3.116885e+05
2.915497e+05
2.727977e+05
2.554311e+05
2.394485e+05
2.248483e+05
2.116291e+05
1.997894e+05
1.893275e+05
1.802418e+05
1.725308e+05
1.661926e+05
1.612256e+05
1.576281e+05
1.553981e+05
1.545339e+05
1.550335e+05
1.568951e+05
1.601167e+05
1.646963e+05
1.706319e+05
1.779213e+05
1.865624e+05
1.965531e+05
2.078911e+05
2.205743e+05
2.346002e+05
2.499667e+05
2.666711e+05
2.847113e+05
3.040846e+05
3.247886e+05
3.468206e+05
3.701781e+05
3.948585e+05
4.208590e+05
4.481769e+05
4.768093e+05
5.067535e+05
5.380065e+05
5.705654e+05
6.044272e+05
6.395889e+05
6.760473e+05
7.137994e+05
7.528420e+05
7.931718e+05
8.347855e+05
8.776798e+05
9.218513e+05
9.672965e+05
1.014012e+06
1.061994e+06
1.111239e+06
1.161744e+06
1.213505e+06
1.266517e+06
1.320778e+06
1.376282e+06
1.433028e+06
1.491009e+06
1.550223e+06
1.610665e+06
1.672331e+06
1.735217e+06
1.799319e+06
1.864632e+06
1.931152e+06
1.998874e+06
2.067795e+06
2.137908e+06
2.209211e+06
2.281698e+06
2.355364e+06
2.430205e+06
2.506215e+06
2.583390e+06
