6.908444e+05
6.530373e+05
6.166179e+05
5.815851e+05
5.479379e+05
5.156754e+05
4.847964e+05
4.553000e+05
4.271849e+05
4.004501e+05
3.750943e+05
3.511164e+05
3.285151e+05
3.072892e+05
2.874373e+05
2.689580e+05
2.518501e+05
2.361120e+05
2.217424e+05
2.087397e+05
1.971024e+05
1.868290e+05
1.779178e+05
1.703672e+05
1.641755e+05
1.593410e+05
1.558620e+05
1.537367e+05
1.529631e+05
1.535396e+05
1.554640e+05
1.587346e+05
1.633492e+05
1.693058e+05
1.766024e+05
1.852368e+05
1.952069e+05
2.065104e+05
2.191452e+05
2.331088e+05
2.483989e+05
2.650133e+05
2.829493e+05
3.022046e+05
3.227766e+05
3.446627e+05
3.678604e+05
3.923669e+05
4.181795e+05
4.452955e+05
4.737121e+05
5.034264e+05
5.344354e+05
5.667363e+05
6.003260e+05
6.352015e+05
6.713596e+05
7.087972e+05
7.475111e+05
7.874979e+05
8.287545e+05
8.712773e+05
9.150631e+05
9.601082e+05
1.006409e+06
1.053963e+06
1.102765e+06
1.152812e+06
1.204100e+06
1.256625e+06
1.310384e+06
1.365373e+06
1.421588e+06
1.479024e+06
1.537677e+06
1.597544e+06
1.658620e+06
1.720902e+06
1.784383e+06
1.849061e+06
1.914931e+06
1.981988e+06
2.050228e+06
2.119646e+06
2.190237e+06
2.261998e+06
2.334922e+06
2.409005e+06
2.484242e+06
2.560629e+06
2.638159e+06
2.716829e+06
2.796633e+06
2.877565e+06
2.959620e+06
3.042794e+06
3.127080e+06
3.212473e+06
3.298968e+06
3.386559e+06
3.475240e+06
