1.75111312
1.75121312
1.75131112
1.75140612
1.75149812
1.75158812
1.75167512
1.75176112
1.75184312
1.75192412
1.75200312
1.75208012
1.75215412
1.75222712
1.75229812
1.75236812
1.75243512
1.75250112
1.75256612
1.75262912
1.75269112
1.75275112
1.75281012
1.75286712
1.75292312
1.75297812
1.75303212
1.75308512
1.75313612
1.75318612
1.75323612
1.75328412
1.75333212
1.75337812
1.75342312
1.75346812
1.75351212
1.75355512
1.75359712
1.75363812
1.75367812
1.75371812
1.75375712
1.75379512
1.75383312
1.75387012
1.75390612
1.75394112
1.75397612
1.75401112
1.75404512
1.75407812
1.75411012
1.75414312
1.75417412
1.75420512
1.75423612
1.75426612
1.75429512
1.75432512
1.75435312
1.75438212
1.75440912
1.75443712
1.75446412
1.75449012
1.75451712
1.75454212
1.75456812
1.75459312
1.75461812
1.75464212
1.75466612
1.75469012
1.75471312
1.75473612
1.75475912
1.75478112
1.75480412
1.75482512
1.75484712
1.75486812
1.75488912
1.75491012
1.75493112
1.75495112
1.75497112
1.75499112
1.75501012
1.75503012
1.75504912
1.75506712
1.75508612
1.75510412
1.75512312
1.75514112
1.75515812
1.75517612
1.75519312
1.75521112
1.75522812
