1.75193512
1.75201412
1.75209012
1.75216612
1.75223912
1.75231012
1.75238012
1.75244812
1.75251512
1.75258012
1.75264312
1.75270612
1.75276612
1.75282612
1.75288412
1.75294112
1.75299712
1.75305112
1.75310412
1.75315712
1.75320812
1.75325812
1.75330712
1.75335512
1.75340312
1.75344912
1.75349412
1.75353912
1.75358312
1.75362612
1.75366812
1.75370912
1.75375012
1.75379012
1.75382912
1.75386712
1.75390512
1.75394212
1.75397912
1.75401512
1.75405012
1.75408512
1.75411912
1.75415312
1.75418612
1.75421812
1.75425012
1.75428212
1.75431312
1.75434312
1.75437312
1.75440312
1.75443212
1.75446112
1.75448912
1.75451712
1.75454512
1.75457212
1.75459912
1.75462512
1.75465112
1.75467712
1.75470212
1.75472712
1.75475112
1.75477612
1.75480012
1.75482312
1.75484712
1.75487012
1.75489312
1.75491512
1.75493712
1.75495912
1.75498112
1.75500212
1.75502312
1.75504412
1.75506512
1.75508512
1.75510512
1.75512512
1.75514512
1.75516412
1.75518412
1.75520312
1.75522212
1.75524012
1.75525912
1.75527712
1.75529512
1.75531312
1.75533012
1.75534812
1.75536512
1.75538212
1.75539912
1.75541612
1.75543312
1.75544912
1.75546512
