5.332490e+07
5.332420e+07
5.332405e+07
5.332397e+07
5.332391e+07
5.332386e+07
5.332382e+07
5.332379e+07
5.332377e+07
5.332374e+07
5.332372e+07
5.332370e+07
5.332369e+07
5.332367e+07
5.332365e+07
5.332364e+07
5.332363e+07
5.332361e+07
5.332360e+07
5.332359e+07
5.332358e+07
5.332357e+07
5.332356e+07
5.332355e+07
5.332354e+07
5.332353e+07
5.332352e+07
5.332352e+07
5.332351e+07
5.332350e+07
5.332349e+07
5.332348e+07
5.332348e+07
5.332347e+07
5.332346e+07
5.332346e+07
5.332345e+07
5.332344e+07
5.332344e+07
5.332343e+07
5.332342e+07
5.332342e+07
5.332341e+07
5.332340e+07
5.332340e+07
5.332339e+07
5.332339e+07
5.332338e+07
5.332337e+07
5.332337e+07
5.332336e+07
5.332336e+07
5.332335e+07
5.332335e+07
5.332334e+07
5.332333e+07
5.332333e+07
5.332332e+07
5.332332e+07
5.332331e+07
5.332331e+07
5.332330e+07
5.332330e+07
5.332329e+07
5.332329e+07
5.332328e+07
5.332327e+07
5.332327e+07
5.332326e+07
5.332326e+07
5.332325e+07
5.332325e+07
5.332324e+07
5.332324e+07
5.332323e+07
5.332323e+07
5.332322e+07
5.332321e+07
5.332321e+07
5.332320e+07
5.332320e+07
5.332319e+07
5.332319e+07
5.332318e+07
5.332318e+07
5.332317e+07
5.332316e+07
5.332316e+07
5.332315e+07
5.332315e+07
5.332314e+07
5.332314e+07
5.332313e+07
5.332313e+07
5.332312e+07
5.332311e+07
5.332311e+07
5.332310e+07
5.332310e+07
5.332309e+07
5.332309e+07
5.332308e+07
5.332307e+07
5.332307e+07
5.332306e+07
5.332306e+07
5.332305e+07
5.332304e+07
5.332304e+07
5.332303e+07
5.332303e+07
5.332302e+07
5.332301e+07
5.332301e+07
5.332300e+07
5.332299e+07
5.332299e+07
5.332298e+07
5.332297e+07
5.332297e+07
5.332296e+07
5.332296e+07
5.332295e+07
5.332294e+07
5.332294e+07
5.332293e+07
5.332292e+07
5.332292e+07
5.332291e+07
5.332290e+07
5.332290e+07
5.332289e+07
5.332288e+07
5.332288e+07
5.332287e+07
5.332286e+07
5.332285e+07
5.332285e+07
5.332284e+07
5.332283e+07
5.332283e+07
5.332282e+07
5.332281e+07
5.332280e+07
5.332280e+07
5.332279e+07
5.332278e+07
5.332277e+07
5.332277e+07
5.332276e+07
5.332275e+07
5.332274e+07
5.332274e+07
5.332273e+07
5.332272e+07
5.332271e+07
5.332270e+07
5.332270e+07
5.332269e+07
5.332268e+07
5.332267e+07
5.332266e+07
5.332266e+07
5.332265e+07
5.332264e+07
5.332263e+07
5.332262e+07
5.332261e+07
5.332260e+07
5.332260e+07
5.332259e+07
5.332258e+07
5.332257e+07
5.332256e+07
5.332255e+07
5.332254e+07
5.332253e+07
5.332253e+07
5.332252e+07
5.332251e+07
5.332250e+07
5.332249e+07
5.332248e+07
5.332247e+07
5.332246e+07
5.332245e+07
5.332244e+07
5.332243e+07
5.332242e+07
5.332241e+07
5.332240e+07
5.332239e+07
5.332238e+07
5.332237e+07
5.332236e+07
5.332235e+07
5.332234e+07
5.332233e+07
5.332232e+07
5.332231e+07
5.332230e+07
5.332229e+07
5.332228e+07
5.332227e+07
5.332226e+07
5.332225e+07
5.332224e+07
5.332223e+07
5.332222e+07
5.332220e+07
5.332219e+07
5.332218e+07
5.332217e+07
5.332216e+07
5.332215e+07
5.332214e+07
5.332212e+07
5.332211e+07
5.332210e+07
5.332209e+07
5.332208e+07
5.332207e+07
5.332205e+07
5.332204e+07
5.332203e+07
5.332202e+07
5.332201e+07
5.332199e+07
5.332198e+07
5.332197e+07
5.332196e+07
5.332194e+07
5.332193e+07
5.332192e+07
5.332190e+07
5.332189e+07
5.332188e+07
5.332186e+07
5.332185e+07
5.332184e+07
5.332182e+07
5.332181e+07
5.332180e+07
5.332178e+07
5.332177e+07
5.332176e+07
5.332174e+07
5.332173e+07
5.332171e+07
5.332170e+07
5.332169e+07
5.332167e+07
5.332166e+07
5.332164e+07
5.332163e+07
5.332161e+07
5.332160e+07
5.332158e+07
5.332157e+07
5.332155e+07
5.332154e+07
5.332152e+07
5.332151e+07
5.332149e+07
5.332148e+07
5.332146e+07
5.332144e+07
5.332143e+07
5.332141e+07
5.332140e+07
5.332138e+07
5.332136e+07
5.332135e+07
5.332133e+07
5.332131e+07
5.332130e+07
5.332128e+07
5.332126e+07
5.332124e+07
5.332123e+07
5.332121e+07
5.332119e+07
5.332117e+07
5.332116e+07
5.332114e+07
5.332112e+07
5.332110e+07
5.332108e+07
5.332107e+07
5.332105e+07
5.332103e+07
5.332101e+07
5.332099e+07
5.332097e+07
5.332095e+07
5.332093e+07
5.332091e+07
5.332090e+07
5.332088e+07
5.332086e+07
5.332084e+07
5.332082e+07
5.332080e+07
5.332077e+07
5.332075e+07
5.332073e+07
5.332071e+07
5.332069e+07
5.332067e+07
5.332065e+07
5.332063e+07
5.332061e+07
5.332058e+07
5.332056e+07
5.332054e+07
5.332052e+07
5.332050e+07
5.332047e+07
5.332045e+07
5.332043e+07
5.332040e+07
5.332038e+07
5.332036e+07
5.332033e+07
5.332031e+07
5.332029e+07
5.332026e+07
5.332024e+07
5.332021e+07
5.332019e+07
5.332016e+07
5.332014e+07
5.332011e+07
5.332008e+07
5.332006e+07
5.332003e+07
5.332001e+07
5.331998e+07
5.331995e+07
5.331992e+07
5.331990e+07
5.331987e+07
5.331984e+07
5.331981e+07
5.331978e+07
5.331976e+07
5.331973e+07
5.331970e+07
5.331967e+07
5.331964e+07
5.331961e+07
5.331958e+07
5.331955e+07
5.331951e+07
5.331948e+07
5.331945e+07
5.331942e+07
5.331939e+07
5.331935e+07
5.331932e+07
5.331929e+07
5.331925e+07
5.331922e+07
5.331918e+07
5.331915e+07
5.331911e+07
5.331907e+07
5.331904e+07
5.331900e+07
5.331896e+07
5.331893e+07
5.331889e+07
5.331885e+07
5.331881e+07
5.331877e+07
5.331873e+07
5.331869e+07
5.331865e+07
5.331860e+07
5.331856e+07
5.331852e+07
5.331847e+07
5.331843e+07
5.331838e+07
5.331834e+07
5.331829e+07
5.331825e+07
5.331820e+07
5.331815e+07
5.331810e+07
5.331805e+07
5.331800e+07
5.331795e+07
5.331789e+07
5.331784e+07
5.331779e+07
5.331773e+07
5.331768e+07
5.331762e+07
5.331756e+07
5.331750e+07
5.331744e+07
5.331738e+07
5.331732e+07
5.331726e+07
5.331719e+07
5.331713e+07
5.331706e+07
5.331699e+07
5.331692e+07
5.331685e+07
5.331678e+07
5.331671e+07
5.331664e+07
5.331656e+07
5.331648e+07
5.331640e+07
5.331632e+07
5.331624e+07
5.331616e+07
5.331607e+07
5.331598e+07
5.331590e+07
5.331581e+07
5.331571e+07
5.331562e+07
5.331552e+07
5.331542e+07
5.331532e+07
5.331522e+07
5.331511e+07
5.331500e+07
5.331489e+07
5.331478e+07
5.331467e+07
5.331455e+07
5.331443e+07
5.331431e+07
5.331418e+07
5.331405e+07
5.331392e+07
5.331378e+07
5.331364e+07
5.331350e+07
5.331336e+07
5.331321e+07
5.331306e+07
5.331290e+07
5.331274e+07
5.331258e+07
5.331241e+07
5.331224e+07
5.331206e+07
5.331188e+07
5.331169e+07
5.331150e+07
5.331131e+07
5.331111e+07
5.331091e+07
5.331069e+07
5.331048e+07
5.331026e+07
5.331003e+07
5.330980e+07
5.330956e+07
5.330931e+07
5.330906e+07
5.330880e+07
5.330853e+07
5.330826e+07
5.330798e+07
5.330769e+07
5.330740e+07
5.330709e+07
5.330678e+07
5.330646e+07
5.330613e+07
5.330579e+07
5.330544e+07
5.330509e+07
5.330472e+07
5.330434e+07
5.330395e+07
5.330355e+07
5.330314e+07
5.330272e+07
5.330229e+07
5.330184e+07
5.330138e+07
5.330091e+07
5.330042e+07
5.329992e+07
5.329941e+07
5.329888e+07
5.329834e+07
5.329778e+07
5.329720e+07
5.329661e+07
5.329600e+07
5.329538e+07
5.329473e+07
5.329407e+07
5.329338e+07
5.329268e+07
5.329196e+07
5.329121e+07
5.329045e+07
5.328966e+07
5.328884e+07
5.328801e+07
5.328715e+07
5.328626e+07
5.328535e+07
5.328441e+07
5.328344e+07
5.328244e+07
5.328142e+07
5.328036e+07
5.327927e+07
5.327815e+07
5.327700e+07
5.327581e+07
5.327459e+07
5.327333e+07
5.327203e+07
5.327069e+07
5.326931e+07
5.326790e+07
5.326643e+07
5.326493e+07
5.326338e+07
5.326178e+07
5.326014e+07
5.325844e+07
5.325669e+07
5.325489e+07
5.325304e+07
5.325113e+07
5.324916e+07
5.324713e+07
5.324504e+07
5.324289e+07
5.324067e+07
5.323839e+07
5.323603e+07
5.323360e+07
5.323110e+07
5.322852e+07
5.322587e+07
5.322313e+07
5.322031e+07
5.321740e+07
5.321440e+07
5.321132e+07
5.320813e+07
5.320485e+07
5.320147e+07
5.319799e+07
5.319440e+07
5.319070e+07
5.318688e+07
5.318295e+07
5.317890e+07
5.317472e+07
5.317042e+07
5.316598e+07
5.316140e+07
5.315669e+07
5.315183e+07
5.314682e+07
5.314165e+07
5.313633e+07
5.313084e+07
5.312518e+07
5.311935e+07
5.311334e+07
5.310714e+07
5.310075e+07
5.309416e+07
5.308737e+07
5.308037e+07
5.307316e+07
5.306572e+07
5.305804e+07
5.305014e+07
5.304198e+07
5.303358e+07
5.302491e+07
5.301597e+07
5.300676e+07
5.299726e+07
5.298747e+07
5.297737e+07
5.296696e+07
5.295623e+07
5.294516e+07
5.293375e+07
5.292198e+07
5.290985e+07
5.289734e+07
5.288444e+07
5.287114e+07
5.285742e+07
5.284328e+07
5.282869e+07
5.281365e+07
5.279815e+07
5.278216e+07
5.276566e+07
5.274866e+07
5.273112e+07
5.271304e+07
5.269439e+07
5.267516e+07
5.265532e+07
5.263487e+07
5.261378e+07
5.259202e+07
5.256959e+07
5.254645e+07
5.252258e+07
5.249797e+07
5.247258e+07
5.244640e+07
5.241940e+07
5.239154e+07
5.236282e+07
5.233318e+07
5.230262e+07
5.227109e+07
5.223857e+07
5.220503e+07
5.217043e+07
5.213474e+07
5.209792e+07
5.205993e+07
5.202075e+07
5.198033e+07
5.193863e+07
5.189561e+07
5.185122e+07
5.180543e+07
5.175818e+07
5.170944e+07
5.165915e+07
5.160725e+07
5.155371e+07
5.149846e+07
5.144144e+07
5.138261e+07
5.132190e+07
5.125925e+07
5.119459e+07
5.112786e+07
5.105899e+07
5.098791e+07
5.091455e+07
5.083882e+07
5.076066e+07
5.067997e+07
5.059668e+07
5.051069e+07
5.042192e+07
5.033027e+07
5.023565e+07
5.013794e+07
5.003705e+07
4.993287e+07
4.982528e+07
4.971417e+07
4.959941e+07
4.948088e+07
4.935844e+07
4.923196e+07
4.910130e+07
4.896630e+07
4.882682e+07
4.868269e+07
4.853374e+07
4.837980e+07
4.822070e+07
4.805623e+07
4.788621e+07
4.771042e+07
4.752866e+07
4.734069e+07
4.714629e+07
4.694520e+07
4.673718e+07
4.652194e+07
4.629921e+07
4.606870e+07
4.583009e+07
4.558305e+07
4.532725e+07
4.506231e+07
4.478787e+07
4.450352e+07
4.420884e+07
4.390337e+07
4.358665e+07
4.325816e+07
4.291739e+07
4.256376e+07
4.219666e+07
4.181545e+07
4.141945e+07
4.100791e+07
4.058005e+07
4.013500e+07
3.967186e+07
3.918963e+07
3.868723e+07
3.816348e+07
3.761711e+07
3.704671e+07
3.645073e+07
3.582747e+07
3.517503e+07
3.449128e+07
3.377384e+07
3.302002e+07
3.222673e+07
3.139044e+07
3.050706e+07
2.957177e+07
2.857887e+07
2.752148e+07
2.639120e+07
2.517752e+07
2.386703e+07
2.244210e+07
2.087871e+07
1.914264e+07
1.718214e+07
1.491267e+07
1.218127e+07
8.672464e+06
0.000000e+00
0.000000e+00
0.000000e+00
0.000000e+00
0.000000e+00
0.000000e+00
0.000000e+00
0.000000e+00
0.000000e+00
0.000000e+00
0.000000e+00
0.000000e+00
0.000000e+00
0.000000e+00
0.000000e+00
0.000000e+00
0.000000e+00
0.000000e+00
0.000000e+00
0.000000e+00
0.000000e+00
0.000000e+00
0.000000e+00
0.000000e+00
0.000000e+00
0.000000e+00
0.000000e+00
0.000000e+00
0.000000e+00
0.000000e+00
0.000000e+00
0.000000e+00
0.000000e+00
0.000000e+00
0.000000e+00
0.000000e+00
0.000000e+00
0.000000e+00
0.000000e+00
0.000000e+00
0.000000e+00
0.000000e+00
0.000000e+00
0.000000e+00
0.000000e+00
0.000000e+00
0.000000e+00
0.000000e+00
0.000000e+00
0.000000e+00
0.000000e+00
0.000000e+00
0.000000e+00
0.000000e+00
0.000000e+00
0.000000e+00
0.000000e+00
0.000000e+00
0.000000e+00
0.000000e+00
0.000000e+00
0.000000e+00
0.000000e+00
0.000000e+00
0.000000e+00
0.000000e+00
0.000000e+00
0.000000e+00
0.000000e+00
0.000000e+00
0.000000e+00
0.000000e+00
0.000000e+00
0.000000e+00
0.000000e+00
0.000000e+00
0.000000e+00
0.000000e+00
0.000000e+00
0.000000e+00
0.000000e+00
0.000000e+00
0.000000e+00
0.000000e+00
0.000000e+00
0.000000e+00
0.000000e+00
0.000000e+00
0.000000e+00
0.000000e+00
0.000000e+00
0.000000e+00
0.000000e+00
0.000000e+00
0.000000e+00
0.000000e+00
0.000000e+00
0.000000e+00
0.000000e+00
0.000000e+00
0.000000e+00
0.000000e+00
0.000000e+00
0.000000e+00
0.000000e+00
0.000000e+00
0.000000e+00
0.000000e+00
0.000000e+00
0.000000e+00
0.000000e+00
0.000000e+00
0.000000e+00
0.000000e+00
0.000000e+00
0.000000e+00
0.000000e+00
0.000000e+00
0.000000e+00
0.000000e+00
0.000000e+00
0.000000e+00
0.000000e+00
0.000000e+00
0.000000e+00
0.000000e+00
0.000000e+00
0.000000e+00
0.000000e+00
0.000000e+00
0.000000e+00
0.000000e+00
0.000000e+00
0.000000e+00
0.000000e+00
0.000000e+00
0.000000e+00
0.000000e+00
0.000000e+00
0.000000e+00
0.000000e+00
0.000000e+00
0.000000e+00
0.000000e+00
0.000000e+00
0.000000e+00
0.000000e+00
0.000000e+00
0.000000e+00
0.000000e+00
0.000000e+00
0.000000e+00
0.000000e+00
0.000000e+00
0.000000e+00
0.000000e+00
0.000000e+00
0.000000e+00
0.000000e+00
0.000000e+00
0.000000e+00
0.000000e+00
0.000000e+00
0.000000e+00
0.000000e+00
0.000000e+00
0.000000e+00
0.000000e+00
0.000000e+00
0.000000e+00
0.000000e+00
0.000000e+00
0.000000e+00
0.000000e+00
0.000000e+00
0.000000e+00
0.000000e+00
0.000000e+00
0.000000e+00
0.000000e+00
0.000000e+00
0.000000e+00
0.000000e+00
0.000000e+00
0.000000e+00
0.000000e+00
0.000000e+00
0.000000e+00
0.000000e+00
0.000000e+00
0.000000e+00
0.000000e+00
0.000000e+00
0.000000e+00
0.000000e+00
0.000000e+00
0.000000e+00
0.000000e+00
0.000000e+00
0.000000e+00
0.000000e+00
0.000000e+00
0.000000e+00
0.000000e+00
0.000000e+00
0.000000e+00
0.000000e+00
0.000000e+00
0.000000e+00
0.000000e+00
0.000000e+00
0.000000e+00
0.000000e+00
0.000000e+00
0.000000e+00
0.000000e+00
0.000000e+00
0.000000e+00
0.000000e+00
0.000000e+00
0.000000e+00
0.000000e+00
0.000000e+00
0.000000e+00
0.000000e+00
0.000000e+00
0.000000e+00
0.000000e+00
0.000000e+00
0.000000e+00
0.000000e+00
0.000000e+00
0.000000e+00
0.000000e+00
0.000000e+00
0.000000e+00
0.000000e+00
0.000000e+00
0.000000e+00
0.000000e+00
0.000000e+00
0.000000e+00
0.000000e+00
0.000000e+00
0.000000e+00
0.000000e+00
0.000000e+00
0.000000e+00
0.000000e+00
0.000000e+00
0.000000e+00
0.000000e+00
0.000000e+00
0.000000e+00
0.000000e+00
0.000000e+00
0.000000e+00
0.000000e+00
0.000000e+00
0.000000e+00
0.000000e+00
0.000000e+00
0.000000e+00
0.000000e+00
0.000000e+00
0.000000e+00
0.000000e+00
0.000000e+00
0.000000e+00
0.000000e+00
0.000000e+00
0.000000e+00
0.000000e+00
0.000000e+00
0.000000e+00
0.000000e+00
0.000000e+00
0.000000e+00
0.000000e+00
0.000000e+00
0.000000e+00
0.000000e+00
0.000000e+00
0.000000e+00
0.000000e+00
0.000000e+00
0.000000e+00
0.000000e+00
0.000000e+00
0.000000e+00
0.000000e+00
0.000000e+00
0.000000e+00
0.000000e+00
0.000000e+00
0.000000e+00
0.000000e+00
0.000000e+00
0.000000e+00
0.000000e+00
0.000000e+00
0.000000e+00
0.000000e+00
0.000000e+00
0.000000e+00
0.000000e+00
0.000000e+00
0.000000e+00
0.000000e+00
0.000000e+00
0.000000e+00
0.000000e+00
0.000000e+00
0.000000e+00
0.000000e+00
0.000000e+00
0.000000e+00
0.000000e+00
0.000000e+00
0.000000e+00
0.000000e+00
0.000000e+00
0.000000e+00
0.000000e+00
0.000000e+00
0.000000e+00
0.000000e+00
0.000000e+00
0.000000e+00
0.000000e+00
0.000000e+00
0.000000e+00
0.000000e+00
0.000000e+00
0.000000e+00
0.000000e+00
0.000000e+00
0.000000e+00
0.000000e+00
0.000000e+00
0.000000e+00
0.000000e+00
0.000000e+00
0.000000e+00
0.000000e+00
0.000000e+00
0.000000e+00
0.000000e+00
0.000000e+00
0.000000e+00
0.000000e+00
0.000000e+00
0.000000e+00
0.000000e+00
0.000000e+00
0.000000e+00
0.000000e+00
0.000000e+00
0.000000e+00
0.000000e+00
0.000000e+00
0.000000e+00
0.000000e+00
0.000000e+00
0.000000e+00
0.000000e+00
0.000000e+00
0.000000e+00
0.000000e+00
0.000000e+00
0.000000e+00
0.000000e+00
0.000000e+00
0.000000e+00
0.000000e+00
0.000000e+00
0.000000e+00
0.000000e+00
0.000000e+00
0.000000e+00
0.000000e+00
0.000000e+00
0.000000e+00
0.000000e+00
0.000000e+00
0.000000e+00
0.000000e+00
0.000000e+00
0.000000e+00
0.000000e+00
0.000000e+00
0.000000e+00
0.000000e+00
0.000000e+00
0.000000e+00
0.000000e+00
0.000000e+00
0.000000e+00
0.000000e+00
0.000000e+00
0.000000e+00
0.000000e+00
0.000000e+00
0.000000e+00
0.000000e+00
0.000000e+00
0.000000e+00
0.000000e+00
0.000000e+00
0.000000e+00
0.000000e+00
0.000000e+00
0.000000e+00
0.000000e+00
0.000000e+00
0.000000e+00
0.000000e+00
0.000000e+00
0.000000e+00
0.000000e+00
0.000000e+00
0.000000e+00
0.000000e+00
0.000000e+00
0.000000e+00
0.000000e+00
0.000000e+00
0.000000e+00
0.000000e+00
0.000000e+00
0.000000e+00
0.000000e+00
0.000000e+00
0.000000e+00
0.000000e+00
0.000000e+00
0.000000e+00
0.000000e+00
0.000000e+00
0.000000e+00
0.000000e+00
0.000000e+00
0.000000e+00
0.000000e+00
0.000000e+00
0.000000e+00
0.000000e+00
0.000000e+00
0.000000e+00
0.000000e+00
0.000000e+00
0.000000e+00
0.000000e+00
0.000000e+00
0.000000e+00
0.000000e+00
0.000000e+00
0.000000e+00
0.000000e+00
0.000000e+00
0.000000e+00
0.000000e+00
0.000000e+00
0.000000e+00
0.000000e+00
0.000000e+00
0.000000e+00
0.000000e+00
0.000000e+00
0.000000e+00
0.000000e+00
0.000000e+00
0.000000e+00
0.000000e+00
0.000000e+00
0.000000e+00
0.000000e+00
0.000000e+00
0.000000e+00
0.000000e+00
0.000000e+00
0.000000e+00
0.000000e+00
0.000000e+00
0.000000e+00
0.000000e+00
0.000000e+00
0.000000e+00
0.000000e+00
0.000000e+00
0.000000e+00
0.000000e+00
0.000000e+00
0.000000e+00
0.000000e+00
0.000000e+00
0.000000e+00
0.000000e+00
0.000000e+00
0.000000e+00
0.000000e+00
0.000000e+00
0.000000e+00
0.000000e+00
0.000000e+00
0.000000e+00
0.000000e+00
0.000000e+00
0.000000e+00
0.000000e+00
0.000000e+00
0.000000e+00
0.000000e+00
0.000000e+00
0.000000e+00
0.000000e+00
0.000000e+00
0.000000e+00
0.000000e+00
0.000000e+00
0.000000e+00
0.000000e+00
0.000000e+00
0.000000e+00
0.000000e+00
0.000000e+00
0.000000e+00
0.000000e+00
0.000000e+00
0.000000e+00
0.000000e+00
0.000000e+00
0.000000e+00
0.000000e+00
0.000000e+00
0.000000e+00
0.000000e+00
0.000000e+00
0.000000e+00
0.000000e+00
0.000000e+00
0.000000e+00
0.000000e+00
0.000000e+00
0.000000e+00
0.000000e+00
0.000000e+00
0.000000e+00
0.000000e+00
0.000000e+00
0.000000e+00
0.000000e+00
0.000000e+00
0.000000e+00
0.000000e+00
0.000000e+00
0.000000e+00
0.000000e+00
0.000000e+00
0.000000e+00
0.000000e+00
0.000000e+00
0.000000e+00
0.000000e+00
0.000000e+00
0.000000e+00
0.000000e+00
0.000000e+00
0.000000e+00
0.000000e+00
0.000000e+00
0.000000e+00
0.000000e+00
0.000000e+00
0.000000e+00
0.000000e+00
0.000000e+00
0.000000e+00
0.000000e+00
0.000000e+00
0.000000e+00
0.000000e+00
0.000000e+00
0.000000e+00
0.000000e+00
0.000000e+00
0.000000e+00
0.000000e+00
0.000000e+00
0.000000e+00
0.000000e+00
0.000000e+00
0.000000e+00
0.000000e+00
0.000000e+00
0.000000e+00
0.000000e+00
0.000000e+00
0.000000e+00
0.000000e+00
0.000000e+00
0.000000e+00
0.000000e+00
0.000000e+00
0.000000e+00
0.000000e+00
0.000000e+00
0.000000e+00
0.000000e+00
0.000000e+00
0.000000e+00
0.000000e+00
0.000000e+00
0.000000e+00
0.000000e+00
0.000000e+00
0.000000e+00
0.000000e+00
0.000000e+00
0.000000e+00
0.000000e+00
0.000000e+00
0.000000e+00
0.000000e+00
0.000000e+00
0.000000e+00
0.000000e+00
0.000000e+00
0.000000e+00
0.000000e+00
0.000000e+00
0.000000e+00
0.000000e+00
0.000000e+00
0.000000e+00
0.000000e+00
0.000000e+00
0.000000e+00
0.000000e+00
0.000000e+00
0.000000e+00
0.000000e+00
0.000000e+00
0.000000e+00
0.000000e+00
0.000000e+00
0.000000e+00
0.000000e+00
0.000000e+00
0.000000e+00
0.000000e+00
0.000000e+00
0.000000e+00
0.000000e+00
0.000000e+00
0.000000e+00
0.000000e+00
0.000000e+00
0.000000e+00
0.000000e+00
0.000000e+00
0.000000e+00
0.000000e+00
0.000000e+00
0.000000e+00
0.000000e+00
0.000000e+00
0.000000e+00
0.000000e+00
0.000000e+00
0.000000e+00
0.000000e+00
0.000000e+00
0.000000e+00
0.000000e+00
0.000000e+00
0.000000e+00
0.000000e+00
0.000000e+00
0.000000e+00
0.000000e+00
0.000000e+00
0.000000e+00
0.000000e+00
0.000000e+00
0.000000e+00
0.000000e+00
0.000000e+00
0.000000e+00
0.000000e+00
0.000000e+00
0.000000e+00
0.000000e+00
0.000000e+00
0.000000e+00
0.000000e+00
0.000000e+00
0.000000e+00
0.000000e+00
0.000000e+00
0.000000e+00
0.000000e+00
0.000000e+00
0.000000e+00
0.000000e+00
0.000000e+00
0.000000e+00
0.000000e+00
0.000000e+00
0.000000e+00
0.000000e+00
0.000000e+00
0.000000e+00
0.000000e+00
0.000000e+00
0.000000e+00
0.000000e+00
0.000000e+00
0.000000e+00
0.000000e+00
0.000000e+00
0.000000e+00
0.000000e+00
0.000000e+00
0.000000e+00
0.000000e+00
0.000000e+00
0.000000e+00
0.000000e+00
0.000000e+00
0.000000e+00
0.000000e+00
0.000000e+00
0.000000e+00
0.000000e+00
0.000000e+00
0.000000e+00
0.000000e+00
0.000000e+00
0.000000e+00
0.000000e+00
0.000000e+00
0.000000e+00
0.000000e+00
0.000000e+00
0.000000e+00
0.000000e+00
0.000000e+00
0.000000e+00
0.000000e+00
0.000000e+00
0.000000e+00
0.000000e+00
0.000000e+00
0.000000e+00
0.000000e+00
0.000000e+00
0.000000e+00
0.000000e+00
0.000000e+00
0.000000e+00
0.000000e+00
0.000000e+00
0.000000e+00
0.000000e+00
0.000000e+00
0.000000e+00
0.000000e+00
0.000000e+00
0.000000e+00
0.000000e+00
0.000000e+00
0.000000e+00
0.000000e+00
0.000000e+00
0.000000e+00
0.000000e+00
0.000000e+00
0.000000e+00
0.000000e+00
0.000000e+00
0.000000e+00
0.000000e+00
0.000000e+00
0.000000e+00
0.000000e+00
0.000000e+00
0.000000e+00
0.000000e+00
0.000000e+00
0.000000e+00
0.000000e+00
0.000000e+00
0.000000e+00
0.000000e+00
0.000000e+00
0.000000e+00
0.000000e+00
0.000000e+00
0.000000e+00
0.000000e+00
0.000000e+00
0.000000e+00
0.000000e+00
0.000000e+00
0.000000e+00
0.000000e+00
0.000000e+00
0.000000e+00
0.000000e+00
0.000000e+00
0.000000e+00
0.000000e+00
0.000000e+00
0.000000e+00
0.000000e+00
0.000000e+00
0.000000e+00
0.000000e+00
0.000000e+00
0.000000e+00
0.000000e+00
0.000000e+00
0.000000e+00
0.000000e+00
0.000000e+00
0.000000e+00
0.000000e+00
0.000000e+00
0.000000e+00
0.000000e+00
0.000000e+00
0.000000e+00
0.000000e+00
0.000000e+00
0.000000e+00
0.000000e+00
0.000000e+00
0.000000e+00
0.000000e+00
0.000000e+00
0.000000e+00
0.000000e+00
0.000000e+00
0.000000e+00
0.000000e+00
0.000000e+00
0.000000e+00
0.000000e+00
0.000000e+00
0.000000e+00
0.000000e+00
0.000000e+00
0.000000e+00
0.000000e+00
0.000000e+00
0.000000e+00
0.000000e+00
0.000000e+00
0.000000e+00
0.000000e+00
0.000000e+00
0.000000e+00
0.000000e+00
0.000000e+00
0.000000e+00
0.000000e+00
0.000000e+00
0.000000e+00
0.000000e+00
0.000000e+00
0.000000e+00
0.000000e+00
0.000000e+00
0.000000e+00
0.000000e+00
0.000000e+00
0.000000e+00
0.000000e+00
0.000000e+00
0.000000e+00
0.000000e+00
0.000000e+00
0.000000e+00
0.000000e+00
0.000000e+00
0.000000e+00
0.000000e+00
0.000000e+00
0.000000e+00
0.000000e+00
0.000000e+00
0.000000e+00
0.000000e+00
0.000000e+00
0.000000e+00
0.000000e+00
0.000000e+00
0.000000e+00
0.000000e+00
0.000000e+00
0.000000e+00
0.000000e+00
0.000000e+00
0.000000e+00
0.000000e+00
0.000000e+00
0.000000e+00
0.000000e+00
0.000000e+00
0.000000e+00
0.000000e+00
0.000000e+00
0.000000e+00
0.000000e+00
0.000000e+00
0.000000e+00
0.000000e+00
0.000000e+00
0.000000e+00
0.000000e+00
0.000000e+00
0.000000e+00
0.000000e+00
0.000000e+00
0.000000e+00
0.000000e+00
0.000000e+00
0.000000e+00
0.000000e+00
0.000000e+00
0.000000e+00
0.000000e+00
0.000000e+00
0.000000e+00
0.000000e+00
0.000000e+00
0.000000e+00
0.000000e+00
0.000000e+00
0.000000e+00
0.000000e+00
0.000000e+00
0.000000e+00
0.000000e+00
0.000000e+00
0.000000e+00
0.000000e+00
0.000000e+00
0.000000e+00
0.000000e+00
0.000000e+00
0.000000e+00
0.000000e+00
0.000000e+00
0.000000e+00
0.000000e+00
0.000000e+00
0.000000e+00
0.000000e+00
0.000000e+00
0.000000e+00
0.000000e+00
0.000000e+00
0.000000e+00
0.000000e+00
0.000000e+00
0.000000e+00
0.000000e+00
0.000000e+00
0.000000e+00
0.000000e+00
0.000000e+00
0.000000e+00
0.000000e+00
0.000000e+00
0.000000e+00
0.000000e+00
0.000000e+00
0.000000e+00
0.000000e+00
0.000000e+00
0.000000e+00
0.000000e+00
0.000000e+00
0.000000e+00
0.000000e+00
0.000000e+00
0.000000e+00
0.000000e+00
0.000000e+00
0.000000e+00
0.000000e+00
0.000000e+00
0.000000e+00
0.000000e+00
0.000000e+00
0.000000e+00
0.000000e+00
0.000000e+00
0.000000e+00
0.000000e+00
0.000000e+00
0.000000e+00
0.000000e+00
0.000000e+00
0.000000e+00
0.000000e+00
0.000000e+00
0.000000e+00
0.000000e+00
0.000000e+00
0.000000e+00
0.000000e+00
0.000000e+00
0.000000e+00
0.000000e+00
0.000000e+00
0.000000e+00
0.000000e+00
0.000000e+00
0.000000e+00
0.000000e+00
0.000000e+00
0.000000e+00
0.000000e+00
0.000000e+00
0.000000e+00
0.000000e+00
0.000000e+00
0.000000e+00
0.000000e+00
0.000000e+00
0.000000e+00
0.000000e+00
0.000000e+00
0.000000e+00
0.000000e+00
0.000000e+00
0.000000e+00
0.000000e+00
0.000000e+00
0.000000e+00
0.000000e+00
0.000000e+00
0.000000e+00
0.000000e+00
0.000000e+00
0.000000e+00
0.000000e+00
0.000000e+00
0.000000e+00
0.000000e+00
0.000000e+00
0.000000e+00
0.000000e+00
0.000000e+00
0.000000e+00
0.000000e+00
0.000000e+00
0.000000e+00
0.000000e+00
0.000000e+00
