5.428606e+07
5.428535e+07
5.428520e+07
5.428511e+07
5.428505e+07
5.428500e+07
5.428497e+07
5.428493e+07
5.428491e+07
5.428488e+07
5.428486e+07
5.428484e+07
5.428482e+07
5.428481e+07
5.428479e+07
5.428478e+07
5.428476e+07
5.428475e+07
5.428474e+07
5.428473e+07
5.428472e+07
5.428471e+07
5.428470e+07
5.428469e+07
5.428468e+07
5.428467e+07
5.428466e+07
5.428465e+07
5.428464e+07
5.428464e+07
5.428463e+07
5.428462e+07
5.428461e+07
5.428460e+07
5.428460e+07
5.428459e+07
5.428458e+07
5.428458e+07
5.428457e+07
5.428456e+07
5.428456e+07
5.428455e+07
5.428454e+07
5.428454e+07
5.428453e+07
5.428453e+07
5.428452e+07
5.428451e+07
5.428451e+07
5.428450e+07
5.428450e+07
5.428449e+07
5.428448e+07
5.428448e+07
5.428447e+07
5.428447e+07
5.428446e+07
5.428445e+07
5.428445e+07
5.428444e+07
5.428444e+07
5.428443e+07
5.428443e+07
5.428442e+07
5.428441e+07
5.428441e+07
5.428440e+07
5.428440e+07
5.428439e+07
5.428439e+07
5.428438e+07
5.428438e+07
5.428437e+07
5.428436e+07
5.428436e+07
5.428435e+07
5.428435e+07
5.428434e+07
5.428434e+07
5.428433e+07
5.428433e+07
5.428432e+07
5.428431e+07
5.428431e+07
5.428430e+07
5.428430e+07
5.428429e+07
5.428429e+07
5.428428e+07
5.428427e+07
5.428427e+07
5.428426e+07
5.428426e+07
5.428425e+07
5.428424e+07
5.428424e+07
5.428423e+07
5.428423e+07
5.428422e+07
5.428421e+07
5.428421e+07
5.428420e+07
5.428420e+07
5.428419e+07
5.428418e+07
5.428418e+07
5.428417e+07
5.428417e+07
5.428416e+07
5.428415e+07
5.428415e+07
5.428414e+07
5.428413e+07
5.428413e+07
5.428412e+07
5.428411e+07
5.428411e+07
5.428410e+07
5.428409e+07
5.428409e+07
5.428408e+07
5.428407e+07
5.428407e+07
5.428406e+07
5.428405e+07
5.428405e+07
5.428404e+07
5.428403e+07
5.428403e+07
5.428402e+07
5.428401e+07
5.428400e+07
5.428400e+07
5.428399e+07
5.428398e+07
5.428398e+07
5.428397e+07
5.428396e+07
5.428395e+07
5.428395e+07
5.428394e+07
5.428393e+07
5.428392e+07
5.428392e+07
5.428391e+07
5.428390e+07
5.428389e+07
5.428389e+07
5.428388e+07
5.428387e+07
5.428386e+07
5.428385e+07
5.428385e+07
5.428384e+07
5.428383e+07
5.428382e+07
5.428381e+07
5.428380e+07
5.428380e+07
5.428379e+07
5.428378e+07
5.428377e+07
5.428376e+07
5.428375e+07
5.428375e+07
5.428374e+07
5.428373e+07
5.428372e+07
5.428371e+07
5.428370e+07
5.428369e+07
5.428368e+07
5.428367e+07
5.428366e+07
5.428366e+07
5.428365e+07
5.428364e+07
5.428363e+07
5.428362e+07
5.428361e+07
5.428360e+07
5.428359e+07
5.428358e+07
5.428357e+07
5.428356e+07
5.428355e+07
5.428354e+07
5.428353e+07
5.428352e+07
5.428351e+07
5.428350e+07
5.428349e+07
5.428348e+07
5.428347e+07
5.428346e+07
5.428345e+07
5.428344e+07
5.428343e+07
5.428342e+07
5.428341e+07
5.428339e+07
5.428338e+07
5.428337e+07
5.428336e+07
5.428335e+07
5.428334e+07
5.428333e+07
5.428332e+07
5.428331e+07
5.428329e+07
5.428328e+07
5.428327e+07
5.428326e+07
5.428325e+07
5.428324e+07
5.428322e+07
5.428321e+07
5.428320e+07
5.428319e+07
5.428318e+07
5.428316e+07
5.428315e+07
5.428314e+07
5.428313e+07
5.428311e+07
5.428310e+07
5.428309e+07
5.428307e+07
5.428306e+07
5.428305e+07
5.428304e+07
5.428302e+07
5.428301e+07
5.428300e+07
5.428298e+07
5.428297e+07
5.428296e+07
5.428294e+07
5.428293e+07
5.428291e+07
5.428290e+07
5.428289e+07
5.428287e+07
5.428286e+07
5.428284e+07
5.428283e+07
5.428281e+07
5.428280e+07
5.428278e+07
5.428277e+07
5.428276e+07
5.428274e+07
5.428273e+07
5.428271e+07
5.428269e+07
5.428268e+07
5.428266e+07
5.428265e+07
5.428263e+07
5.428262e+07
5.428260e+07
5.428259e+07
5.428257e+07
5.428255e+07
5.428254e+07
5.428252e+07
5.428250e+07
5.428249e+07
5.428247e+07
5.428245e+07
5.428244e+07
5.428242e+07
5.428240e+07
5.428239e+07
5.428237e+07
5.428235e+07
5.428233e+07
5.428232e+07
5.428230e+07
5.428228e+07
5.428226e+07
5.428224e+07
5.428222e+07
5.428221e+07
5.428219e+07
5.428217e+07
5.428215e+07
5.428213e+07
5.428211e+07
5.428209e+07
5.428207e+07
5.428205e+07
5.428203e+07
5.428201e+07
5.428199e+07
5.428197e+07
5.428195e+07
5.428193e+07
5.428191e+07
5.428189e+07
5.428187e+07
5.428185e+07
5.428183e+07
5.428181e+07
5.428179e+07
5.428177e+07
5.428174e+07
5.428172e+07
5.428170e+07
5.428168e+07
5.428166e+07
5.428163e+07
5.428161e+07
5.428159e+07
5.428156e+07
5.428154e+07
5.428152e+07
5.428149e+07
5.428147e+07
5.428145e+07
5.428142e+07
5.428140e+07
5.428137e+07
5.428135e+07
5.428132e+07
5.428130e+07
5.428127e+07
5.428125e+07
5.428122e+07
5.428120e+07
5.428117e+07
5.428114e+07
5.428112e+07
5.428109e+07
5.428106e+07
5.428103e+07
5.428101e+07
5.428098e+07
5.428095e+07
5.428092e+07
5.428089e+07
5.428086e+07
5.428083e+07
5.428080e+07
5.428077e+07
5.428074e+07
5.428071e+07
5.428068e+07
5.428065e+07
5.428062e+07
5.428059e+07
5.428056e+07
5.428052e+07
5.428049e+07
5.428046e+07
5.428042e+07
5.428039e+07
5.428036e+07
5.428032e+07
5.428029e+07
5.428025e+07
5.428021e+07
5.428018e+07
5.428014e+07
5.428010e+07
5.428007e+07
5.428003e+07
5.427999e+07
5.427995e+07
5.427991e+07
5.427987e+07
5.427983e+07
5.427979e+07
5.427975e+07
5.427971e+07
5.427966e+07
5.427962e+07
5.427958e+07
5.427953e+07
5.427949e+07
5.427944e+07
5.427939e+07
5.427935e+07
5.427930e+07
5.427925e+07
5.427920e+07
5.427915e+07
5.427910e+07
5.427905e+07
5.427900e+07
5.427894e+07
5.427889e+07
5.427883e+07
5.427878e+07
5.427872e+07
5.427866e+07
5.427860e+07
5.427854e+07
5.427848e+07
5.427842e+07
5.427836e+07
5.427829e+07
5.427823e+07
5.427816e+07
5.427810e+07
5.427803e+07
5.427796e+07
5.427789e+07
5.427781e+07
5.427774e+07
5.427766e+07
5.427759e+07
5.427751e+07
5.427743e+07
5.427735e+07
5.427726e+07
5.427718e+07
5.427709e+07
5.427700e+07
5.427691e+07
5.427682e+07
5.427673e+07
5.427663e+07
5.427653e+07
5.427643e+07
5.427633e+07
5.427623e+07
5.427612e+07
5.427601e+07
5.427590e+07
5.427578e+07
5.427567e+07
5.427555e+07
5.427542e+07
5.427530e+07
5.427517e+07
5.427504e+07
5.427491e+07
5.427477e+07
5.427463e+07
5.427449e+07
5.427434e+07
5.427419e+07
5.427403e+07
5.427388e+07
5.427371e+07
5.427355e+07
5.427338e+07
5.427320e+07
5.427302e+07
5.427284e+07
5.427265e+07
5.427246e+07
5.427226e+07
5.427206e+07
5.427185e+07
5.427164e+07
5.427142e+07
5.427120e+07
5.427097e+07
5.427073e+07
5.427049e+07
5.427024e+07
5.426998e+07
5.426972e+07
5.426945e+07
5.426917e+07
5.426889e+07
5.426860e+07
5.426830e+07
5.426799e+07
5.426767e+07
5.426735e+07
5.426701e+07
5.426667e+07
5.426632e+07
5.426596e+07
5.426558e+07
5.426520e+07
5.426481e+07
5.426440e+07
5.426399e+07
5.426356e+07
5.426312e+07
5.426267e+07
5.426220e+07
5.426173e+07
5.426123e+07
5.426073e+07
5.426021e+07
5.425967e+07
5.425912e+07
5.425856e+07
5.425797e+07
5.425737e+07
5.425676e+07
5.425612e+07
5.425547e+07
5.425480e+07
5.425411e+07
5.425339e+07
5.425266e+07
5.425191e+07
5.425113e+07
5.425033e+07
5.424951e+07
5.424866e+07
5.424779e+07
5.424689e+07
5.424597e+07
5.424502e+07
5.424404e+07
5.424303e+07
5.424199e+07
5.424092e+07
5.423982e+07
5.423869e+07
5.423752e+07
5.423632e+07
5.423508e+07
5.423380e+07
5.423249e+07
5.423113e+07
5.422974e+07
5.422830e+07
5.422682e+07
5.422530e+07
5.422373e+07
5.422211e+07
5.422045e+07
5.421873e+07
5.421696e+07
5.421514e+07
5.421326e+07
5.421133e+07
5.420934e+07
5.420729e+07
5.420517e+07
5.420299e+07
5.420075e+07
5.419843e+07
5.419605e+07
5.419359e+07
5.419106e+07
5.418845e+07
5.418576e+07
5.418299e+07
5.418014e+07
5.417719e+07
5.417416e+07
5.417104e+07
5.416782e+07
5.416450e+07
5.416108e+07
5.415755e+07
5.415392e+07
5.415017e+07
5.414631e+07
5.414233e+07
5.413823e+07
5.413400e+07
5.412964e+07
5.412515e+07
5.412052e+07
5.411575e+07
5.411083e+07
5.410576e+07
5.410054e+07
5.409515e+07
5.408959e+07
5.408387e+07
5.407797e+07
5.407188e+07
5.406561e+07
5.405915e+07
5.405248e+07
5.404561e+07
5.403852e+07
5.403122e+07
5.402369e+07
5.401593e+07
5.400793e+07
5.399967e+07
5.399117e+07
5.398240e+07
5.397336e+07
5.396403e+07
5.395442e+07
5.394451e+07
5.393429e+07
5.392376e+07
5.391290e+07
5.390170e+07
5.389015e+07
5.387824e+07
5.386597e+07
5.385331e+07
5.384025e+07
5.382679e+07
5.381291e+07
5.379860e+07
5.378385e+07
5.376863e+07
5.375294e+07
5.373675e+07
5.372007e+07
5.370286e+07
5.368511e+07
5.366682e+07
5.364794e+07
5.362848e+07
5.360841e+07
5.358772e+07
5.356637e+07
5.354436e+07
5.352165e+07
5.349824e+07
5.347409e+07
5.344918e+07
5.342349e+07
5.339700e+07
5.336967e+07
5.334148e+07
5.331241e+07
5.328242e+07
5.325149e+07
5.321959e+07
5.318668e+07
5.315274e+07
5.311772e+07
5.308160e+07
5.304434e+07
5.300590e+07
5.296624e+07
5.292533e+07
5.288313e+07
5.283959e+07
5.279467e+07
5.274832e+07
5.270051e+07
5.265117e+07
5.260027e+07
5.254774e+07
5.249355e+07
5.243762e+07
5.237992e+07
5.232037e+07
5.225891e+07
5.219549e+07
5.213004e+07
5.206250e+07
5.199278e+07
5.192083e+07
5.184656e+07
5.176990e+07
5.169077e+07
5.160908e+07
5.152475e+07
5.143770e+07
5.134782e+07
5.125503e+07
5.115921e+07
5.106028e+07
5.095812e+07
5.085263e+07
5.074368e+07
5.063116e+07
5.051494e+07
5.039490e+07
5.027090e+07
5.014280e+07
5.001045e+07
4.987371e+07
4.973243e+07
4.958642e+07
4.943554e+07
4.927959e+07
4.911839e+07
4.895176e+07
4.877949e+07
4.860137e+07
4.841718e+07
4.822670e+07
4.802968e+07
4.782588e+07
4.761503e+07
4.739686e+07
4.717108e+07
4.693739e+07
4.669548e+07
4.644501e+07
4.618562e+07
4.591697e+07
4.563864e+07
4.535024e+07
4.505134e+07
4.474147e+07
4.442016e+07
4.408688e+07
4.374110e+07
4.338223e+07
4.300967e+07
4.262274e+07
4.222075e+07
4.180294e+07
4.136851e+07
4.091658e+07
4.044621e+07
3.995639e+07
3.944602e+07
3.891389e+07
3.835869e+07
3.777899e+07
3.717321e+07
3.653960e+07
3.587621e+07
3.518087e+07
3.445115e+07
3.368428e+07
3.287712e+07
3.202606e+07
3.112688e+07
3.017469e+07
2.916363e+07
2.808668e+07
2.693522e+07
2.569853e+07
2.436289e+07
2.291025e+07
2.131608e+07
1.954536e+07
1.754520e+07
1.522921e+07
1.244105e+07
8.858342e+06
0.000000e+00
0.000000e+00
0.000000e+00
0.000000e+00
0.000000e+00
0.000000e+00
0.000000e+00
0.000000e+00
0.000000e+00
0.000000e+00
0.000000e+00
0.000000e+00
0.000000e+00
0.000000e+00
0.000000e+00
0.000000e+00
0.000000e+00
0.000000e+00
0.000000e+00
0.000000e+00
0.000000e+00
0.000000e+00
0.000000e+00
0.000000e+00
0.000000e+00
0.000000e+00
0.000000e+00
0.000000e+00
0.000000e+00
0.000000e+00
0.000000e+00
0.000000e+00
0.000000e+00
0.000000e+00
0.000000e+00
0.000000e+00
0.000000e+00
0.000000e+00
0.000000e+00
0.000000e+00
0.000000e+00
0.000000e+00
0.000000e+00
0.000000e+00
0.000000e+00
0.000000e+00
0.000000e+00
0.000000e+00
0.000000e+00
0.000000e+00
0.000000e+00
0.000000e+00
0.000000e+00
0.000000e+00
0.000000e+00
0.000000e+00
0.000000e+00
0.000000e+00
0.000000e+00
0.000000e+00
0.000000e+00
0.000000e+00
0.000000e+00
0.000000e+00
0.000000e+00
0.000000e+00
0.000000e+00
0.000000e+00
0.000000e+00
0.000000e+00
0.000000e+00
0.000000e+00
0.000000e+00
0.000000e+00
0.000000e+00
0.000000e+00
0.000000e+00
0.000000e+00
0.000000e+00
0.000000e+00
0.000000e+00
0.000000e+00
0.000000e+00
0.000000e+00
0.000000e+00
0.000000e+00
0.000000e+00
0.000000e+00
0.000000e+00
0.000000e+00
0.000000e+00
0.000000e+00
0.000000e+00
0.000000e+00
0.000000e+00
0.000000e+00
0.000000e+00
0.000000e+00
0.000000e+00
0.000000e+00
0.000000e+00
0.000000e+00
0.000000e+00
0.000000e+00
0.000000e+00
0.000000e+00
0.000000e+00
0.000000e+00
0.000000e+00
0.000000e+00
0.000000e+00
0.000000e+00
0.000000e+00
0.000000e+00
0.000000e+00
0.000000e+00
0.000000e+00
0.000000e+00
0.000000e+00
0.000000e+00
0.000000e+00
0.000000e+00
0.000000e+00
0.000000e+00
0.000000e+00
0.000000e+00
0.000000e+00
0.000000e+00
0.000000e+00
0.000000e+00
0.000000e+00
0.000000e+00
0.000000e+00
0.000000e+00
0.000000e+00
0.000000e+00
0.000000e+00
0.000000e+00
0.000000e+00
0.000000e+00
0.000000e+00
0.000000e+00
0.000000e+00
0.000000e+00
0.000000e+00
0.000000e+00
0.000000e+00
0.000000e+00
0.000000e+00
0.000000e+00
0.000000e+00
0.000000e+00
0.000000e+00
0.000000e+00
0.000000e+00
0.000000e+00
0.000000e+00
0.000000e+00
0.000000e+00
0.000000e+00
0.000000e+00
0.000000e+00
0.000000e+00
0.000000e+00
0.000000e+00
0.000000e+00
0.000000e+00
0.000000e+00
0.000000e+00
0.000000e+00
0.000000e+00
0.000000e+00
0.000000e+00
0.000000e+00
0.000000e+00
0.000000e+00
0.000000e+00
0.000000e+00
0.000000e+00
0.000000e+00
0.000000e+00
0.000000e+00
0.000000e+00
0.000000e+00
0.000000e+00
0.000000e+00
0.000000e+00
0.000000e+00
0.000000e+00
0.000000e+00
0.000000e+00
0.000000e+00
0.000000e+00
0.000000e+00
0.000000e+00
0.000000e+00
0.000000e+00
0.000000e+00
0.000000e+00
0.000000e+00
0.000000e+00
0.000000e+00
0.000000e+00
0.000000e+00
0.000000e+00
0.000000e+00
0.000000e+00
0.000000e+00
0.000000e+00
0.000000e+00
0.000000e+00
0.000000e+00
0.000000e+00
0.000000e+00
0.000000e+00
0.000000e+00
0.000000e+00
0.000000e+00
0.000000e+00
0.000000e+00
0.000000e+00
0.000000e+00
0.000000e+00
0.000000e+00
0.000000e+00
0.000000e+00
0.000000e+00
0.000000e+00
0.000000e+00
0.000000e+00
0.000000e+00
0.000000e+00
0.000000e+00
0.000000e+00
0.000000e+00
0.000000e+00
0.000000e+00
0.000000e+00
0.000000e+00
0.000000e+00
0.000000e+00
0.000000e+00
0.000000e+00
0.000000e+00
0.000000e+00
0.000000e+00
0.000000e+00
0.000000e+00
0.000000e+00
0.000000e+00
0.000000e+00
0.000000e+00
0.000000e+00
0.000000e+00
0.000000e+00
0.000000e+00
0.000000e+00
0.000000e+00
0.000000e+00
0.000000e+00
0.000000e+00
0.000000e+00
0.000000e+00
0.000000e+00
0.000000e+00
0.000000e+00
0.000000e+00
0.000000e+00
0.000000e+00
0.000000e+00
0.000000e+00
0.000000e+00
0.000000e+00
0.000000e+00
0.000000e+00
0.000000e+00
0.000000e+00
0.000000e+00
0.000000e+00
0.000000e+00
0.000000e+00
0.000000e+00
0.000000e+00
0.000000e+00
0.000000e+00
0.000000e+00
0.000000e+00
0.000000e+00
0.000000e+00
0.000000e+00
0.000000e+00
0.000000e+00
0.000000e+00
0.000000e+00
0.000000e+00
0.000000e+00
0.000000e+00
0.000000e+00
0.000000e+00
0.000000e+00
0.000000e+00
0.000000e+00
0.000000e+00
0.000000e+00
0.000000e+00
0.000000e+00
0.000000e+00
0.000000e+00
0.000000e+00
0.000000e+00
0.000000e+00
0.000000e+00
0.000000e+00
0.000000e+00
0.000000e+00
0.000000e+00
0.000000e+00
0.000000e+00
0.000000e+00
0.000000e+00
0.000000e+00
0.000000e+00
0.000000e+00
0.000000e+00
0.000000e+00
0.000000e+00
0.000000e+00
0.000000e+00
0.000000e+00
0.000000e+00
0.000000e+00
0.000000e+00
0.000000e+00
0.000000e+00
0.000000e+00
0.000000e+00
0.000000e+00
0.000000e+00
0.000000e+00
0.000000e+00
0.000000e+00
0.000000e+00
0.000000e+00
0.000000e+00
0.000000e+00
0.000000e+00
0.000000e+00
0.000000e+00
0.000000e+00
0.000000e+00
0.000000e+00
0.000000e+00
0.000000e+00
0.000000e+00
0.000000e+00
0.000000e+00
0.000000e+00
0.000000e+00
0.000000e+00
0.000000e+00
0.000000e+00
0.000000e+00
0.000000e+00
0.000000e+00
0.000000e+00
0.000000e+00
0.000000e+00
0.000000e+00
0.000000e+00
0.000000e+00
0.000000e+00
0.000000e+00
0.000000e+00
0.000000e+00
0.000000e+00
0.000000e+00
0.000000e+00
0.000000e+00
0.000000e+00
0.000000e+00
0.000000e+00
0.000000e+00
0.000000e+00
0.000000e+00
0.000000e+00
0.000000e+00
0.000000e+00
0.000000e+00
0.000000e+00
0.000000e+00
0.000000e+00
0.000000e+00
0.000000e+00
0.000000e+00
0.000000e+00
0.000000e+00
0.000000e+00
0.000000e+00
0.000000e+00
0.000000e+00
0.000000e+00
0.000000e+00
0.000000e+00
0.000000e+00
0.000000e+00
0.000000e+00
0.000000e+00
0.000000e+00
0.000000e+00
0.000000e+00
0.000000e+00
0.000000e+00
0.000000e+00
0.000000e+00
0.000000e+00
0.000000e+00
0.000000e+00
0.000000e+00
0.000000e+00
0.000000e+00
0.000000e+00
0.000000e+00
0.000000e+00
0.000000e+00
0.000000e+00
0.000000e+00
0.000000e+00
0.000000e+00
0.000000e+00
0.000000e+00
0.000000e+00
0.000000e+00
0.000000e+00
0.000000e+00
0.000000e+00
0.000000e+00
0.000000e+00
0.000000e+00
0.000000e+00
0.000000e+00
0.000000e+00
0.000000e+00
0.000000e+00
0.000000e+00
0.000000e+00
0.000000e+00
0.000000e+00
0.000000e+00
0.000000e+00
0.000000e+00
0.000000e+00
0.000000e+00
0.000000e+00
0.000000e+00
0.000000e+00
0.000000e+00
0.000000e+00
0.000000e+00
0.000000e+00
0.000000e+00
0.000000e+00
0.000000e+00
0.000000e+00
0.000000e+00
0.000000e+00
0.000000e+00
0.000000e+00
0.000000e+00
0.000000e+00
0.000000e+00
0.000000e+00
0.000000e+00
0.000000e+00
0.000000e+00
0.000000e+00
0.000000e+00
0.000000e+00
0.000000e+00
0.000000e+00
0.000000e+00
0.000000e+00
0.000000e+00
0.000000e+00
0.000000e+00
0.000000e+00
0.000000e+00
0.000000e+00
0.000000e+00
0.000000e+00
0.000000e+00
0.000000e+00
0.000000e+00
0.000000e+00
0.000000e+00
0.000000e+00
0.000000e+00
0.000000e+00
0.000000e+00
0.000000e+00
0.000000e+00
0.000000e+00
0.000000e+00
0.000000e+00
0.000000e+00
0.000000e+00
0.000000e+00
0.000000e+00
0.000000e+00
0.000000e+00
0.000000e+00
0.000000e+00
0.000000e+00
0.000000e+00
0.000000e+00
0.000000e+00
0.000000e+00
0.000000e+00
0.000000e+00
0.000000e+00
0.000000e+00
0.000000e+00
0.000000e+00
0.000000e+00
0.000000e+00
0.000000e+00
0.000000e+00
0.000000e+00
0.000000e+00
0.000000e+00
0.000000e+00
0.000000e+00
0.000000e+00
0.000000e+00
0.000000e+00
0.000000e+00
0.000000e+00
0.000000e+00
0.000000e+00
0.000000e+00
0.000000e+00
0.000000e+00
0.000000e+00
0.000000e+00
0.000000e+00
0.000000e+00
0.000000e+00
0.000000e+00
0.000000e+00
0.000000e+00
0.000000e+00
0.000000e+00
0.000000e+00
0.000000e+00
0.000000e+00
0.000000e+00
0.000000e+00
0.000000e+00
0.000000e+00
0.000000e+00
0.000000e+00
0.000000e+00
0.000000e+00
0.000000e+00
0.000000e+00
0.000000e+00
0.000000e+00
0.000000e+00
0.000000e+00
0.000000e+00
0.000000e+00
0.000000e+00
0.000000e+00
0.000000e+00
0.000000e+00
0.000000e+00
0.000000e+00
0.000000e+00
0.000000e+00
0.000000e+00
0.000000e+00
0.000000e+00
0.000000e+00
0.000000e+00
0.000000e+00
0.000000e+00
0.000000e+00
0.000000e+00
0.000000e+00
0.000000e+00
0.000000e+00
0.000000e+00
0.000000e+00
0.000000e+00
0.000000e+00
0.000000e+00
0.000000e+00
0.000000e+00
0.000000e+00
0.000000e+00
0.000000e+00
0.000000e+00
0.000000e+00
0.000000e+00
0.000000e+00
0.000000e+00
0.000000e+00
0.000000e+00
0.000000e+00
0.000000e+00
0.000000e+00
0.000000e+00
0.000000e+00
0.000000e+00
0.000000e+00
0.000000e+00
0.000000e+00
0.000000e+00
0.000000e+00
0.000000e+00
0.000000e+00
0.000000e+00
0.000000e+00
0.000000e+00
0.000000e+00
0.000000e+00
0.000000e+00
0.000000e+00
0.000000e+00
0.000000e+00
0.000000e+00
0.000000e+00
0.000000e+00
0.000000e+00
0.000000e+00
0.000000e+00
0.000000e+00
0.000000e+00
0.000000e+00
0.000000e+00
0.000000e+00
0.000000e+00
0.000000e+00
0.000000e+00
0.000000e+00
0.000000e+00
0.000000e+00
0.000000e+00
0.000000e+00
0.000000e+00
0.000000e+00
0.000000e+00
0.000000e+00
0.000000e+00
0.000000e+00
0.000000e+00
0.000000e+00
0.000000e+00
0.000000e+00
0.000000e+00
0.000000e+00
0.000000e+00
0.000000e+00
0.000000e+00
0.000000e+00
0.000000e+00
0.000000e+00
0.000000e+00
0.000000e+00
0.000000e+00
0.000000e+00
0.000000e+00
0.000000e+00
0.000000e+00
0.000000e+00
0.000000e+00
0.000000e+00
0.000000e+00
0.000000e+00
0.000000e+00
0.000000e+00
0.000000e+00
0.000000e+00
0.000000e+00
0.000000e+00
0.000000e+00
0.000000e+00
0.000000e+00
0.000000e+00
0.000000e+00
0.000000e+00
0.000000e+00
0.000000e+00
0.000000e+00
0.000000e+00
0.000000e+00
0.000000e+00
0.000000e+00
0.000000e+00
0.000000e+00
0.000000e+00
0.000000e+00
0.000000e+00
0.000000e+00
0.000000e+00
0.000000e+00
0.000000e+00
0.000000e+00
0.000000e+00
0.000000e+00
0.000000e+00
0.000000e+00
0.000000e+00
0.000000e+00
0.000000e+00
0.000000e+00
0.000000e+00
0.000000e+00
0.000000e+00
0.000000e+00
0.000000e+00
0.000000e+00
0.000000e+00
0.000000e+00
0.000000e+00
0.000000e+00
0.000000e+00
0.000000e+00
0.000000e+00
0.000000e+00
0.000000e+00
0.000000e+00
0.000000e+00
0.000000e+00
0.000000e+00
0.000000e+00
0.000000e+00
0.000000e+00
0.000000e+00
0.000000e+00
0.000000e+00
0.000000e+00
0.000000e+00
0.000000e+00
0.000000e+00
0.000000e+00
0.000000e+00
0.000000e+00
0.000000e+00
0.000000e+00
0.000000e+00
0.000000e+00
0.000000e+00
0.000000e+00
0.000000e+00
0.000000e+00
0.000000e+00
0.000000e+00
0.000000e+00
0.000000e+00
0.000000e+00
0.000000e+00
0.000000e+00
0.000000e+00
0.000000e+00
0.000000e+00
0.000000e+00
0.000000e+00
0.000000e+00
0.000000e+00
0.000000e+00
0.000000e+00
0.000000e+00
0.000000e+00
0.000000e+00
0.000000e+00
0.000000e+00
0.000000e+00
0.000000e+00
0.000000e+00
0.000000e+00
0.000000e+00
0.000000e+00
0.000000e+00
0.000000e+00
0.000000e+00
0.000000e+00
0.000000e+00
0.000000e+00
0.000000e+00
0.000000e+00
0.000000e+00
0.000000e+00
0.000000e+00
0.000000e+00
0.000000e+00
0.000000e+00
0.000000e+00
0.000000e+00
0.000000e+00
0.000000e+00
0.000000e+00
0.000000e+00
0.000000e+00
0.000000e+00
0.000000e+00
0.000000e+00
0.000000e+00
0.000000e+00
0.000000e+00
0.000000e+00
0.000000e+00
0.000000e+00
0.000000e+00
0.000000e+00
0.000000e+00
0.000000e+00
0.000000e+00
0.000000e+00
0.000000e+00
0.000000e+00
0.000000e+00
0.000000e+00
0.000000e+00
0.000000e+00
0.000000e+00
0.000000e+00
0.000000e+00
0.000000e+00
0.000000e+00
0.000000e+00
0.000000e+00
0.000000e+00
0.000000e+00
0.000000e+00
0.000000e+00
0.000000e+00
0.000000e+00
0.000000e+00
0.000000e+00
0.000000e+00
0.000000e+00
0.000000e+00
0.000000e+00
0.000000e+00
0.000000e+00
0.000000e+00
0.000000e+00
0.000000e+00
0.000000e+00
0.000000e+00
0.000000e+00
0.000000e+00
0.000000e+00
0.000000e+00
0.000000e+00
0.000000e+00
0.000000e+00
0.000000e+00
0.000000e+00
0.000000e+00
0.000000e+00
0.000000e+00
0.000000e+00
0.000000e+00
0.000000e+00
0.000000e+00
0.000000e+00
0.000000e+00
0.000000e+00
0.000000e+00
0.000000e+00
0.000000e+00
0.000000e+00
0.000000e+00
0.000000e+00
0.000000e+00
0.000000e+00
0.000000e+00
0.000000e+00
0.000000e+00
0.000000e+00
0.000000e+00
0.000000e+00
0.000000e+00
0.000000e+00
0.000000e+00
0.000000e+00
0.000000e+00
0.000000e+00
0.000000e+00
0.000000e+00
0.000000e+00
0.000000e+00
0.000000e+00
0.000000e+00
0.000000e+00
0.000000e+00
0.000000e+00
0.000000e+00
0.000000e+00
0.000000e+00
0.000000e+00
0.000000e+00
0.000000e+00
0.000000e+00
0.000000e+00
0.000000e+00
0.000000e+00
0.000000e+00
0.000000e+00
0.000000e+00
0.000000e+00
0.000000e+00
0.000000e+00
0.000000e+00
0.000000e+00
0.000000e+00
0.000000e+00
0.000000e+00
0.000000e+00
0.000000e+00
0.000000e+00
0.000000e+00
0.000000e+00
0.000000e+00
0.000000e+00
0.000000e+00
0.000000e+00
0.000000e+00
0.000000e+00
0.000000e+00
0.000000e+00
0.000000e+00
0.000000e+00
0.000000e+00
0.000000e+00
0.000000e+00
0.000000e+00
0.000000e+00
0.000000e+00
0.000000e+00
0.000000e+00
0.000000e+00
0.000000e+00
0.000000e+00
0.000000e+00
0.000000e+00
0.000000e+00
0.000000e+00
0.000000e+00
0.000000e+00
0.000000e+00
0.000000e+00
0.000000e+00
0.000000e+00
0.000000e+00
0.000000e+00
0.000000e+00
0.000000e+00
0.000000e+00
0.000000e+00
0.000000e+00
0.000000e+00
0.000000e+00
0.000000e+00
0.000000e+00
0.000000e+00
0.000000e+00
0.000000e+00
0.000000e+00
0.000000e+00
0.000000e+00
0.000000e+00
0.000000e+00
0.000000e+00
0.000000e+00
0.000000e+00
0.000000e+00
0.000000e+00
0.000000e+00
0.000000e+00
0.000000e+00
0.000000e+00
0.000000e+00
0.000000e+00
0.000000e+00
0.000000e+00
0.000000e+00
0.000000e+00
0.000000e+00
0.000000e+00
0.000000e+00
0.000000e+00
0.000000e+00
0.000000e+00
0.000000e+00
0.000000e+00
0.000000e+00
0.000000e+00
0.000000e+00
0.000000e+00
0.000000e+00
0.000000e+00
0.000000e+00
0.000000e+00
0.000000e+00
0.000000e+00
0.000000e+00
0.000000e+00
0.000000e+00
0.000000e+00
0.000000e+00
0.000000e+00
0.000000e+00
0.000000e+00
0.000000e+00
0.000000e+00
0.000000e+00
0.000000e+00
0.000000e+00
0.000000e+00
0.000000e+00
0.000000e+00
0.000000e+00
0.000000e+00
0.000000e+00
0.000000e+00
0.000000e+00
0.000000e+00
0.000000e+00
0.000000e+00
0.000000e+00
0.000000e+00
0.000000e+00
0.000000e+00
0.000000e+00
0.000000e+00
0.000000e+00
0.000000e+00
0.000000e+00
0.000000e+00
0.000000e+00
0.000000e+00
0.000000e+00
0.000000e+00
0.000000e+00
0.000000e+00
0.000000e+00
0.000000e+00
0.000000e+00
0.000000e+00
0.000000e+00
0.000000e+00
0.000000e+00
0.000000e+00
0.000000e+00
0.000000e+00
0.000000e+00
0.000000e+00
0.000000e+00
0.000000e+00
0.000000e+00
0.000000e+00
0.000000e+00
0.000000e+00
0.000000e+00
