8.388574e+05
8.673531e+05
8.963270e+05
9.257767e+05
9.556998e+05
9.860939e+05
1.016957e+06
1.048285e+06
1.080077e+06
1.112330e+06
1.145041e+06
1.178207e+06
1.211827e+06
1.245896e+06
1.280413e+06
1.315375e+06
1.350778e+06
1.386620e+06
1.422898e+06
1.459610e+06
1.496751e+06
1.534320e+06
1.572312e+06
1.610726e+06
1.649557e+06
1.688804e+06
1.728462e+06
1.768528e+06
1.808999e+06
1.849872e+06
1.891144e+06
1.932811e+06
1.974870e+06
2.017317e+06
2.060149e+06
2.103362e+06
2.146954e+06
2.190919e+06
2.235256e+06
2.279959e+06
2.325026e+06
2.370453e+06
2.416236e+06
2.462371e+06
2.508854e+06
2.555682e+06
2.602851e+06
2.650356e+06
2.698195e+06
2.746362e+06
2.794854e+06
2.843667e+06
2.892797e+06
2.942240e+06
2.991991e+06
3.042046e+06
3.092401e+06
3.143053e+06
3.193996e+06
3.245226e+06
3.296740e+06
3.348532e+06
3.400598e+06
3.452934e+06
3.505535e+06
3.558398e+06
3.611516e+06
3.664886e+06
3.718504e+06
3.772364e+06
3.826462e+06
3.880794e+06
3.935354e+06
3.990137e+06
4.045140e+06
4.100358e+06
4.155784e+06
4.211416e+06
4.267247e+06
4.323273e+06
4.379490e+06
4.435891e+06
4.492473e+06
4.549230e+06
4.606156e+06
4.663248e+06
4.720501e+06
4.777908e+06
4.835464e+06
4.893166e+06
4.951007e+06
5.008983e+06
5.067088e+06
5.125317e+06
5.183665e+06
5.242127e+06
5.300697e+06
5.359369e+06
5.418140e+06
5.477003e+06
5.535954e+06
