1.125669e+06
1.157398e+06
1.189543e+06
1.222102e+06
1.255072e+06
1.288450e+06
1.322235e+06
1.356422e+06
1.391008e+06
1.425992e+06
1.461371e+06
1.497140e+06
1.533297e+06
1.569840e+06
1.606764e+06
1.644068e+06
1.681747e+06
1.719800e+06
1.758221e+06
1.797009e+06
1.836159e+06
1.875670e+06
1.915536e+06
1.955756e+06
1.996325e+06
2.037240e+06
2.078498e+06
2.120094e+06
2.162027e+06
2.204291e+06
2.246884e+06
2.289801e+06
2.333039e+06
2.376595e+06
2.420464e+06
2.464643e+06
2.509128e+06
2.553916e+06
2.599001e+06
2.644381e+06
2.690052e+06
2.736008e+06
2.782248e+06
2.828765e+06
2.875557e+06
2.922620e+06
2.969948e+06
3.017539e+06
3.065387e+06
3.113489e+06
3.161840e+06
3.210436e+06
3.259273e+06
3.308347e+06
3.357652e+06
3.407186e+06
3.456942e+06
3.506917e+06
3.557107e+06
3.607506e+06
3.658110e+06
3.708916e+06
3.759917e+06
3.811110e+06
3.862490e+06
3.914052e+06
3.965791e+06
4.017704e+06
4.069784e+06
4.122028e+06
4.174430e+06
4.226986e+06
4.279691e+06
4.332541e+06
4.385529e+06
4.438652e+06
4.491904e+06
4.545280e+06
4.598776e+06
4.652387e+06
4.706107e+06
4.759932e+06
4.813856e+06
4.867875e+06
4.921983e+06
4.976176e+06
5.030448e+06
5.084794e+06
5.139210e+06
5.193689e+06
5.248227e+06
5.302819e+06
5.357459e+06
5.412142e+06
5.466864e+06
5.521619e+06
5.576401e+06
5.631206e+06
5.686028e+06
5.740862e+06
5.795703e+06
