1.76215212
1.76212512
1.76206312
1.76196112
1.76181012
1.76160612
1.76133912
1.76100412
1.76059712
1.76011412
1.75955712
1.75892912
1.75824112
1.75750312
1.75673512
1.75595412
1.75518312
1.75443912
1.75374112
1.75310212
1.75253212
1.75203712
1.75161712
1.75127012
1.75099212
1.75077712
1.75061812
1.75050812
1.75044012
1.75040712
1.75040412
1.75042512
1.75046512
1.75052212
1.75059012
1.75066812
1.75075312
1.75084412
1.75093812
1.75103412
1.75113212
1.75123012
1.75132812
1.75142612
1.75152212
1.75161712
1.75170912
1.75180012
1.75188912
1.75197612
1.75206112
1.75214312
1.75222412
1.75230212
1.75237712
1.75245112
1.75252312
1.75259212
1.75266012
1.75272512
1.75278912
1.75285012
1.75291012
1.75296812
1.75302512
1.75308012
1.75313312
1.75318512
1.75323512
1.75328412
1.75333212
1.75337812
1.75342312
1.75346712
1.75350912
1.75355112
1.75359112
1.75363012
1.75366912
1.75370612
1.75374312
1.75377812
1.75381312
1.75384612
1.75387912
1.75391212
1.75394312
1.75397412
1.75400312
1.75403312
1.75406112
1.75408912
1.75411712
1.75414312
1.75416912
1.75419512
1.75422012
1.75424412
1.75426812
1.75429212
1.75431512
