1.76130312
1.76087412
1.76036612
1.75977912
1.75911912
1.75839412
1.75761912
1.75681012
1.75598812
1.75517612
1.75439312
1.75365912
1.75298712
1.75238712
1.75186612
1.75142412
1.75105912
1.75076612
1.75054012
1.75037312
1.75025712
1.75018512
1.75015112
1.75014812
1.75017012
1.75021212
1.75027212
1.75034412
1.75042612
1.75051512
1.75061112
1.75071012
1.75081112
1.75091412
1.75101712
1.75112112
1.75122312
1.75132412
1.75142412
1.75152212
1.75161712
1.75171112
1.75180312
1.75189212
1.75197812
1.75206312
1.75214512
1.75222512
1.75230212
1.75237812
1.75245112
1.75252212
1.75259112
1.75265712
1.75272212
1.75278512
1.75284712
1.75290612
1.75296412
1.75302012
1.75307512
1.75312812
1.75317912
1.75322912
1.75327812
1.75332512
1.75337112
1.75341612
1.75346012
1.75350212
1.75354412
1.75358412
1.75362312
1.75366212
1.75369912
1.75373512
1.75377112
1.75380612
1.75384012
1.75387312
1.75390512
1.75393612
1.75396712
1.75399712
1.75402712
1.75405512
1.75408412
1.75411112
1.75413812
1.75416412
1.75419012
1.75421512
1.75424012
1.75426412
1.75428812
1.75431112
1.75433412
1.75435612
1.75437812
1.75440012
1.75442112
