5.778131e+07
5.778056e+07
5.778039e+07
5.778030e+07
5.778024e+07
5.778019e+07
5.778015e+07
5.778011e+07
5.778008e+07
5.778006e+07
5.778003e+07
5.778001e+07
5.777999e+07
5.777998e+07
5.777996e+07
5.777994e+07
5.777993e+07
5.777992e+07
5.777990e+07
5.777989e+07
5.777988e+07
5.777987e+07
5.777986e+07
5.777985e+07
5.777984e+07
5.777983e+07
5.777982e+07
5.777981e+07
5.777980e+07
5.777979e+07
5.777978e+07
5.777977e+07
5.777976e+07
5.777976e+07
5.777975e+07
5.777974e+07
5.777973e+07
5.777972e+07
5.777972e+07
5.777971e+07
5.777970e+07
5.777970e+07
5.777969e+07
5.777968e+07
5.777967e+07
5.777967e+07
5.777966e+07
5.777965e+07
5.777965e+07
5.777964e+07
5.777963e+07
5.777963e+07
5.777962e+07
5.777961e+07
5.777961e+07
5.777960e+07
5.777959e+07
5.777959e+07
5.777958e+07
5.777957e+07
5.777957e+07
5.777956e+07
5.777955e+07
5.777955e+07
5.777954e+07
5.777953e+07
5.777953e+07
5.777952e+07
5.777951e+07
5.777951e+07
5.777950e+07
5.777949e+07
5.777949e+07
5.777948e+07
5.777947e+07
5.777947e+07
5.777946e+07
5.777945e+07
5.777945e+07
5.777944e+07
5.777943e+07
5.777943e+07
5.777942e+07
5.777941e+07
5.777941e+07
5.777940e+07
5.777939e+07
5.777939e+07
5.777938e+07
5.777937e+07
5.777936e+07
5.777936e+07
5.777935e+07
5.777934e+07
5.777934e+07
5.777933e+07
5.777932e+07
5.777931e+07
5.777931e+07
5.777930e+07
5.777929e+07
5.777928e+07
5.777928e+07
5.777927e+07
5.777926e+07
5.777925e+07
5.777925e+07
5.777924e+07
5.777923e+07
5.777922e+07
5.777922e+07
5.777921e+07
5.777920e+07
5.777919e+07
5.777918e+07
5.777918e+07
5.777917e+07
5.777916e+07
5.777915e+07
5.777914e+07
5.777914e+07
5.777913e+07
5.777912e+07
5.777911e+07
5.777910e+07
5.777909e+07
5.777908e+07
5.777908e+07
5.777907e+07
5.777906e+07
5.777905e+07
5.777904e+07
5.777903e+07
5.777902e+07
5.777901e+07
5.777901e+07
5.777900e+07
5.777899e+07
5.777898e+07
5.777897e+07
5.777896e+07
5.777895e+07
5.777894e+07
5.777893e+07
5.777892e+07
5.777891e+07
5.777890e+07
5.777889e+07
5.777888e+07
5.777887e+07
5.777886e+07
5.777885e+07
5.777884e+07
5.777883e+07
5.777882e+07
5.777881e+07
5.777880e+07
5.777879e+07
5.777878e+07
5.777877e+07
5.777876e+07
5.777875e+07
5.777874e+07
5.777873e+07
5.777872e+07
5.777871e+07
5.777870e+07
5.777868e+07
5.777867e+07
5.777866e+07
5.777865e+07
5.777864e+07
5.777863e+07
5.777862e+07
5.777860e+07
5.777859e+07
5.777858e+07
5.777857e+07
5.777856e+07
5.777855e+07
5.777853e+07
5.777852e+07
5.777851e+07
5.777850e+07
5.777849e+07
5.777847e+07
5.777846e+07
5.777845e+07
5.777844e+07
5.777842e+07
5.777841e+07
5.777840e+07
5.777838e+07
5.777837e+07
5.777836e+07
5.777834e+07
5.777833e+07
5.777832e+07
5.777830e+07
5.777829e+07
5.777828e+07
5.777826e+07
5.777825e+07
5.777824e+07
5.777822e+07
5.777821e+07
5.777819e+07
5.777818e+07
5.777817e+07
5.777815e+07
5.777814e+07
5.777812e+07
5.777811e+07
5.777809e+07
5.777808e+07
5.777806e+07
5.777805e+07
5.777803e+07
5.777802e+07
5.777800e+07
5.777799e+07
5.777797e+07
5.777796e+07
5.777794e+07
5.777792e+07
5.777791e+07
5.777789e+07
5.777788e+07
5.777786e+07
5.777784e+07
5.777783e+07
5.777781e+07
5.777779e+07
5.777778e+07
5.777776e+07
5.777774e+07
5.777773e+07
5.777771e+07
5.777769e+07
5.777767e+07
5.777766e+07
5.777764e+07
5.777762e+07
5.777760e+07
5.777758e+07
5.777757e+07
5.777755e+07
5.777753e+07
5.777751e+07
5.777749e+07
5.777747e+07
5.777746e+07
5.777744e+07
5.777742e+07
5.777740e+07
5.777738e+07
5.777736e+07
5.777734e+07
5.777732e+07
5.777730e+07
5.777728e+07
5.777726e+07
5.777724e+07
5.777722e+07
5.777720e+07
5.777718e+07
5.777716e+07
5.777714e+07
5.777711e+07
5.777709e+07
5.777707e+07
5.777705e+07
5.777703e+07
5.777701e+07
5.777698e+07
5.777696e+07
5.777694e+07
5.777692e+07
5.777689e+07
5.777687e+07
5.777685e+07
5.777683e+07
5.777680e+07
5.777678e+07
5.777676e+07
5.777673e+07
5.777671e+07
5.777668e+07
5.777666e+07
5.777663e+07
5.777661e+07
5.777658e+07
5.777656e+07
5.777653e+07
5.777651e+07
5.777648e+07
5.777646e+07
5.777643e+07
5.777640e+07
5.777638e+07
5.777635e+07
5.777632e+07
5.777630e+07
5.777627e+07
5.777624e+07
5.777621e+07
5.777618e+07
5.777615e+07
5.777613e+07
5.777610e+07
5.777607e+07
5.777604e+07
5.777601e+07
5.777598e+07
5.777595e+07
5.777592e+07
5.777589e+07
5.777585e+07
5.777582e+07
5.777579e+07
5.777576e+07
5.777573e+07
5.777569e+07
5.777566e+07
5.777563e+07
5.777559e+07
5.777556e+07
5.777553e+07
5.777549e+07
5.777545e+07
5.777542e+07
5.777538e+07
5.777535e+07
5.777531e+07
5.777527e+07
5.777524e+07
5.777520e+07
5.777516e+07
5.777512e+07
5.777508e+07
5.777504e+07
5.777500e+07
5.777496e+07
5.777492e+07
5.777488e+07
5.777483e+07
5.777479e+07
5.777475e+07
5.777470e+07
5.777466e+07
5.777461e+07
5.777457e+07
5.777452e+07
5.777447e+07
5.777443e+07
5.777438e+07
5.777433e+07
5.777428e+07
5.777423e+07
5.777418e+07
5.777412e+07
5.777407e+07
5.777402e+07
5.777396e+07
5.777391e+07
5.777385e+07
5.777379e+07
5.777374e+07
5.777368e+07
5.777362e+07
5.777356e+07
5.777349e+07
5.777343e+07
5.777337e+07
5.777330e+07
5.777324e+07
5.777317e+07
5.777310e+07
5.777303e+07
5.777296e+07
5.777289e+07
5.777281e+07
5.777274e+07
5.777266e+07
5.777258e+07
5.777251e+07
5.777242e+07
5.777234e+07
5.777226e+07
5.777217e+07
5.777209e+07
5.777200e+07
5.777191e+07
5.777181e+07
5.777172e+07
5.777162e+07
5.777152e+07
5.777142e+07
5.777132e+07
5.777121e+07
5.777111e+07
5.777100e+07
5.777089e+07
5.777077e+07
5.777066e+07
5.777054e+07
5.777041e+07
5.777029e+07
5.777016e+07
5.777003e+07
5.776990e+07
5.776976e+07
5.776962e+07
5.776948e+07
5.776933e+07
5.776918e+07
5.776903e+07
5.776887e+07
5.776871e+07
5.776854e+07
5.776838e+07
5.776820e+07
5.776803e+07
5.776784e+07
5.776766e+07
5.776747e+07
5.776727e+07
5.776707e+07
5.776687e+07
5.776665e+07
5.776644e+07
5.776622e+07
5.776599e+07
5.776576e+07
5.776552e+07
5.776527e+07
5.776502e+07
5.776476e+07
5.776449e+07
5.776422e+07
5.776394e+07
5.776366e+07
5.776336e+07
5.776306e+07
5.776275e+07
5.776243e+07
5.776210e+07
5.776176e+07
5.776141e+07
5.776106e+07
5.776069e+07
5.776032e+07
5.775993e+07
5.775953e+07
5.775913e+07
5.775871e+07
5.775828e+07
5.775783e+07
5.775738e+07
5.775691e+07
5.775643e+07
5.775593e+07
5.775542e+07
5.775490e+07
5.775436e+07
5.775381e+07
5.775324e+07
5.775265e+07
5.775205e+07
5.775143e+07
5.775079e+07
5.775013e+07
5.774946e+07
5.774876e+07
5.774805e+07
5.774731e+07
5.774655e+07
5.774577e+07
5.774497e+07
5.774414e+07
5.774329e+07
5.774242e+07
5.774152e+07
5.774059e+07
5.773964e+07
5.773865e+07
5.773764e+07
5.773660e+07
5.773553e+07
5.773442e+07
5.773328e+07
5.773211e+07
5.773091e+07
5.772966e+07
5.772838e+07
5.772707e+07
5.772571e+07
5.772431e+07
5.772287e+07
5.772139e+07
5.771986e+07
5.771829e+07
5.771667e+07
5.771500e+07
5.771328e+07
5.771151e+07
5.770969e+07
5.770781e+07
5.770587e+07
5.770388e+07
5.770182e+07
5.769971e+07
5.769752e+07
5.769528e+07
5.769296e+07
5.769057e+07
5.768812e+07
5.768558e+07
5.768297e+07
5.768028e+07
5.767751e+07
5.767465e+07
5.767171e+07
5.766868e+07
5.766555e+07
5.766233e+07
5.765901e+07
5.765559e+07
5.765207e+07
5.764843e+07
5.764469e+07
5.764083e+07
5.763685e+07
5.763275e+07
5.762852e+07
5.762417e+07
5.761968e+07
5.761505e+07
5.761028e+07
5.760537e+07
5.760030e+07
5.759508e+07
5.758970e+07
5.758415e+07
5.757843e+07
5.757253e+07
5.756645e+07
5.756019e+07
5.755373e+07
5.754707e+07
5.754021e+07
5.753313e+07
5.752584e+07
5.751832e+07
5.751056e+07
5.750257e+07
5.749433e+07
5.748584e+07
5.747708e+07
5.746805e+07
5.745875e+07
5.744915e+07
5.743926e+07
5.742905e+07
5.741854e+07
5.740769e+07
5.739651e+07
5.738499e+07
5.737310e+07
5.736084e+07
5.734821e+07
5.733518e+07
5.732175e+07
5.730789e+07
5.729361e+07
5.727888e+07
5.726369e+07
5.724803e+07
5.723188e+07
5.721523e+07
5.719806e+07
5.718035e+07
5.716209e+07
5.714326e+07
5.712383e+07
5.710381e+07
5.708315e+07
5.706185e+07
5.703989e+07
5.701723e+07
5.699387e+07
5.696977e+07
5.694491e+07
5.691928e+07
5.689284e+07
5.686557e+07
5.683745e+07
5.680844e+07
5.677852e+07
5.674765e+07
5.671582e+07
5.668298e+07
5.664910e+07
5.661416e+07
5.657811e+07
5.654093e+07
5.650257e+07
5.646299e+07
5.642217e+07
5.638005e+07
5.633659e+07
5.629176e+07
5.624550e+07
5.619777e+07
5.614853e+07
5.609771e+07
5.604528e+07
5.599118e+07
5.593535e+07
5.587774e+07
5.581828e+07
5.575692e+07
5.569360e+07
5.562824e+07
5.556079e+07
5.549116e+07
5.541930e+07
5.534512e+07
5.526854e+07
5.518949e+07
5.510788e+07
5.502363e+07
5.493664e+07
5.484683e+07
5.475409e+07
5.465833e+07
5.455944e+07
5.445732e+07
5.435185e+07
5.424291e+07
5.413039e+07
5.401416e+07
5.389409e+07
5.377005e+07
5.364189e+07
5.350946e+07
5.337263e+07
5.323121e+07
5.308506e+07
5.293399e+07
5.277784e+07
5.261640e+07
5.244949e+07
5.227690e+07
5.209843e+07
5.191384e+07
5.172290e+07
5.152538e+07
5.132102e+07
5.110954e+07
5.089068e+07
5.066415e+07
5.042962e+07
5.018679e+07
4.993531e+07
4.967483e+07
4.940497e+07
4.912534e+07
4.883551e+07
4.853506e+07
4.822352e+07
4.790038e+07
4.756514e+07
4.721724e+07
4.685608e+07
4.648105e+07
4.609147e+07
4.568663e+07
4.526577e+07
4.482807e+07
4.437265e+07
4.389856e+07
4.340478e+07
4.289020e+07
4.235363e+07
4.179375e+07
4.120912e+07
4.059819e+07
3.995922e+07
3.929030e+07
3.858931e+07
3.785387e+07
3.708130e+07
3.626859e+07
3.541228e+07
3.450843e+07
3.355243e+07
3.253890e+07
3.146144e+07
3.031237e+07
2.908226e+07
2.775937e+07
2.632872e+07
2.477062e+07
2.305826e+07
2.115348e+07
1.899864e+07
1.649967e+07
1.348647e+07
9.608510e+06
0.000000e+00
0.000000e+00
0.000000e+00
0.000000e+00
0.000000e+00
0.000000e+00
0.000000e+00
0.000000e+00
0.000000e+00
0.000000e+00
0.000000e+00
0.000000e+00
0.000000e+00
0.000000e+00
0.000000e+00
0.000000e+00
0.000000e+00
0.000000e+00
0.000000e+00
0.000000e+00
0.000000e+00
0.000000e+00
0.000000e+00
0.000000e+00
0.000000e+00
0.000000e+00
0.000000e+00
0.000000e+00
0.000000e+00
0.000000e+00
0.000000e+00
0.000000e+00
0.000000e+00
0.000000e+00
0.000000e+00
0.000000e+00
0.000000e+00
0.000000e+00
0.000000e+00
0.000000e+00
0.000000e+00
0.000000e+00
0.000000e+00
0.000000e+00
0.000000e+00
0.000000e+00
0.000000e+00
0.000000e+00
0.000000e+00
0.000000e+00
0.000000e+00
0.000000e+00
0.000000e+00
0.000000e+00
0.000000e+00
0.000000e+00
0.000000e+00
0.000000e+00
0.000000e+00
0.000000e+00
0.000000e+00
0.000000e+00
0.000000e+00
0.000000e+00
0.000000e+00
0.000000e+00
0.000000e+00
0.000000e+00
0.000000e+00
0.000000e+00
0.000000e+00
0.000000e+00
0.000000e+00
0.000000e+00
0.000000e+00
0.000000e+00
0.000000e+00
0.000000e+00
0.000000e+00
0.000000e+00
0.000000e+00
0.000000e+00
0.000000e+00
0.000000e+00
0.000000e+00
0.000000e+00
0.000000e+00
0.000000e+00
0.000000e+00
0.000000e+00
0.000000e+00
0.000000e+00
0.000000e+00
0.000000e+00
0.000000e+00
0.000000e+00
0.000000e+00
0.000000e+00
0.000000e+00
0.000000e+00
0.000000e+00
0.000000e+00
0.000000e+00
0.000000e+00
0.000000e+00
0.000000e+00
0.000000e+00
0.000000e+00
0.000000e+00
0.000000e+00
0.000000e+00
0.000000e+00
0.000000e+00
0.000000e+00
0.000000e+00
0.000000e+00
0.000000e+00
0.000000e+00
0.000000e+00
0.000000e+00
0.000000e+00
0.000000e+00
0.000000e+00
0.000000e+00
0.000000e+00
0.000000e+00
0.000000e+00
0.000000e+00
0.000000e+00
0.000000e+00
0.000000e+00
0.000000e+00
0.000000e+00
0.000000e+00
0.000000e+00
0.000000e+00
0.000000e+00
0.000000e+00
0.000000e+00
0.000000e+00
0.000000e+00
0.000000e+00
0.000000e+00
0.000000e+00
0.000000e+00
0.000000e+00
0.000000e+00
0.000000e+00
0.000000e+00
0.000000e+00
0.000000e+00
0.000000e+00
0.000000e+00
0.000000e+00
0.000000e+00
0.000000e+00
0.000000e+00
0.000000e+00
0.000000e+00
0.000000e+00
0.000000e+00
0.000000e+00
0.000000e+00
0.000000e+00
0.000000e+00
0.000000e+00
0.000000e+00
0.000000e+00
0.000000e+00
0.000000e+00
0.000000e+00
0.000000e+00
0.000000e+00
0.000000e+00
0.000000e+00
0.000000e+00
0.000000e+00
0.000000e+00
0.000000e+00
0.000000e+00
0.000000e+00
0.000000e+00
0.000000e+00
0.000000e+00
0.000000e+00
0.000000e+00
0.000000e+00
0.000000e+00
0.000000e+00
0.000000e+00
0.000000e+00
0.000000e+00
0.000000e+00
0.000000e+00
0.000000e+00
0.000000e+00
0.000000e+00
0.000000e+00
0.000000e+00
0.000000e+00
0.000000e+00
0.000000e+00
0.000000e+00
0.000000e+00
0.000000e+00
0.000000e+00
0.000000e+00
0.000000e+00
0.000000e+00
0.000000e+00
0.000000e+00
0.000000e+00
0.000000e+00
0.000000e+00
0.000000e+00
0.000000e+00
0.000000e+00
0.000000e+00
0.000000e+00
0.000000e+00
0.000000e+00
0.000000e+00
0.000000e+00
0.000000e+00
0.000000e+00
0.000000e+00
0.000000e+00
0.000000e+00
0.000000e+00
0.000000e+00
0.000000e+00
0.000000e+00
0.000000e+00
0.000000e+00
0.000000e+00
0.000000e+00
0.000000e+00
0.000000e+00
0.000000e+00
0.000000e+00
0.000000e+00
0.000000e+00
0.000000e+00
0.000000e+00
0.000000e+00
0.000000e+00
0.000000e+00
0.000000e+00
0.000000e+00
0.000000e+00
0.000000e+00
0.000000e+00
0.000000e+00
0.000000e+00
0.000000e+00
0.000000e+00
0.000000e+00
0.000000e+00
0.000000e+00
0.000000e+00
0.000000e+00
0.000000e+00
0.000000e+00
0.000000e+00
0.000000e+00
0.000000e+00
0.000000e+00
0.000000e+00
0.000000e+00
0.000000e+00
0.000000e+00
0.000000e+00
0.000000e+00
0.000000e+00
0.000000e+00
0.000000e+00
0.000000e+00
0.000000e+00
0.000000e+00
0.000000e+00
0.000000e+00
0.000000e+00
0.000000e+00
0.000000e+00
0.000000e+00
0.000000e+00
0.000000e+00
0.000000e+00
0.000000e+00
0.000000e+00
0.000000e+00
0.000000e+00
0.000000e+00
0.000000e+00
0.000000e+00
0.000000e+00
0.000000e+00
0.000000e+00
0.000000e+00
0.000000e+00
0.000000e+00
0.000000e+00
0.000000e+00
0.000000e+00
0.000000e+00
0.000000e+00
0.000000e+00
0.000000e+00
0.000000e+00
0.000000e+00
0.000000e+00
0.000000e+00
0.000000e+00
0.000000e+00
0.000000e+00
0.000000e+00
0.000000e+00
0.000000e+00
0.000000e+00
0.000000e+00
0.000000e+00
0.000000e+00
0.000000e+00
0.000000e+00
0.000000e+00
0.000000e+00
0.000000e+00
0.000000e+00
0.000000e+00
0.000000e+00
0.000000e+00
0.000000e+00
0.000000e+00
0.000000e+00
0.000000e+00
0.000000e+00
0.000000e+00
0.000000e+00
0.000000e+00
0.000000e+00
0.000000e+00
0.000000e+00
0.000000e+00
0.000000e+00
0.000000e+00
0.000000e+00
0.000000e+00
0.000000e+00
0.000000e+00
0.000000e+00
0.000000e+00
0.000000e+00
0.000000e+00
0.000000e+00
0.000000e+00
0.000000e+00
0.000000e+00
0.000000e+00
0.000000e+00
0.000000e+00
0.000000e+00
0.000000e+00
0.000000e+00
0.000000e+00
0.000000e+00
0.000000e+00
0.000000e+00
0.000000e+00
0.000000e+00
0.000000e+00
0.000000e+00
0.000000e+00
0.000000e+00
0.000000e+00
0.000000e+00
0.000000e+00
0.000000e+00
0.000000e+00
0.000000e+00
0.000000e+00
0.000000e+00
0.000000e+00
0.000000e+00
0.000000e+00
0.000000e+00
0.000000e+00
0.000000e+00
0.000000e+00
0.000000e+00
0.000000e+00
0.000000e+00
0.000000e+00
0.000000e+00
0.000000e+00
0.000000e+00
0.000000e+00
0.000000e+00
0.000000e+00
0.000000e+00
0.000000e+00
0.000000e+00
0.000000e+00
0.000000e+00
0.000000e+00
0.000000e+00
0.000000e+00
0.000000e+00
0.000000e+00
0.000000e+00
0.000000e+00
0.000000e+00
0.000000e+00
0.000000e+00
0.000000e+00
0.000000e+00
0.000000e+00
0.000000e+00
0.000000e+00
0.000000e+00
0.000000e+00
0.000000e+00
0.000000e+00
0.000000e+00
0.000000e+00
0.000000e+00
0.000000e+00
0.000000e+00
0.000000e+00
0.000000e+00
0.000000e+00
0.000000e+00
0.000000e+00
0.000000e+00
0.000000e+00
0.000000e+00
0.000000e+00
0.000000e+00
0.000000e+00
0.000000e+00
0.000000e+00
0.000000e+00
0.000000e+00
0.000000e+00
0.000000e+00
0.000000e+00
0.000000e+00
0.000000e+00
0.000000e+00
0.000000e+00
0.000000e+00
0.000000e+00
0.000000e+00
0.000000e+00
0.000000e+00
0.000000e+00
0.000000e+00
0.000000e+00
0.000000e+00
0.000000e+00
0.000000e+00
0.000000e+00
0.000000e+00
0.000000e+00
0.000000e+00
0.000000e+00
0.000000e+00
0.000000e+00
0.000000e+00
0.000000e+00
0.000000e+00
0.000000e+00
0.000000e+00
0.000000e+00
0.000000e+00
0.000000e+00
0.000000e+00
0.000000e+00
0.000000e+00
0.000000e+00
0.000000e+00
0.000000e+00
0.000000e+00
0.000000e+00
0.000000e+00
0.000000e+00
0.000000e+00
0.000000e+00
0.000000e+00
0.000000e+00
0.000000e+00
0.000000e+00
0.000000e+00
0.000000e+00
0.000000e+00
0.000000e+00
0.000000e+00
0.000000e+00
0.000000e+00
0.000000e+00
0.000000e+00
0.000000e+00
0.000000e+00
0.000000e+00
0.000000e+00
0.000000e+00
0.000000e+00
0.000000e+00
0.000000e+00
0.000000e+00
0.000000e+00
0.000000e+00
0.000000e+00
0.000000e+00
0.000000e+00
0.000000e+00
0.000000e+00
0.000000e+00
0.000000e+00
0.000000e+00
0.000000e+00
0.000000e+00
0.000000e+00
0.000000e+00
0.000000e+00
0.000000e+00
0.000000e+00
0.000000e+00
0.000000e+00
0.000000e+00
0.000000e+00
0.000000e+00
0.000000e+00
0.000000e+00
0.000000e+00
0.000000e+00
0.000000e+00
0.000000e+00
0.000000e+00
0.000000e+00
0.000000e+00
0.000000e+00
0.000000e+00
0.000000e+00
0.000000e+00
0.000000e+00
0.000000e+00
0.000000e+00
0.000000e+00
0.000000e+00
0.000000e+00
0.000000e+00
0.000000e+00
0.000000e+00
0.000000e+00
0.000000e+00
0.000000e+00
0.000000e+00
0.000000e+00
0.000000e+00
0.000000e+00
0.000000e+00
0.000000e+00
0.000000e+00
0.000000e+00
0.000000e+00
0.000000e+00
0.000000e+00
0.000000e+00
0.000000e+00
0.000000e+00
0.000000e+00
0.000000e+00
0.000000e+00
0.000000e+00
0.000000e+00
0.000000e+00
0.000000e+00
0.000000e+00
0.000000e+00
0.000000e+00
0.000000e+00
0.000000e+00
0.000000e+00
0.000000e+00
0.000000e+00
0.000000e+00
0.000000e+00
0.000000e+00
0.000000e+00
0.000000e+00
0.000000e+00
0.000000e+00
0.000000e+00
0.000000e+00
0.000000e+00
0.000000e+00
0.000000e+00
0.000000e+00
0.000000e+00
0.000000e+00
0.000000e+00
0.000000e+00
0.000000e+00
0.000000e+00
0.000000e+00
0.000000e+00
0.000000e+00
0.000000e+00
0.000000e+00
0.000000e+00
0.000000e+00
0.000000e+00
0.000000e+00
0.000000e+00
0.000000e+00
0.000000e+00
0.000000e+00
0.000000e+00
0.000000e+00
0.000000e+00
0.000000e+00
0.000000e+00
0.000000e+00
0.000000e+00
0.000000e+00
0.000000e+00
0.000000e+00
0.000000e+00
0.000000e+00
0.000000e+00
0.000000e+00
0.000000e+00
0.000000e+00
0.000000e+00
0.000000e+00
0.000000e+00
0.000000e+00
0.000000e+00
0.000000e+00
0.000000e+00
0.000000e+00
0.000000e+00
0.000000e+00
0.000000e+00
0.000000e+00
0.000000e+00
0.000000e+00
0.000000e+00
0.000000e+00
0.000000e+00
0.000000e+00
0.000000e+00
0.000000e+00
0.000000e+00
0.000000e+00
0.000000e+00
0.000000e+00
0.000000e+00
0.000000e+00
0.000000e+00
0.000000e+00
0.000000e+00
0.000000e+00
0.000000e+00
0.000000e+00
0.000000e+00
0.000000e+00
0.000000e+00
0.000000e+00
0.000000e+00
0.000000e+00
0.000000e+00
0.000000e+00
0.000000e+00
0.000000e+00
0.000000e+00
0.000000e+00
0.000000e+00
0.000000e+00
0.000000e+00
0.000000e+00
0.000000e+00
0.000000e+00
0.000000e+00
0.000000e+00
0.000000e+00
0.000000e+00
0.000000e+00
0.000000e+00
0.000000e+00
0.000000e+00
0.000000e+00
0.000000e+00
0.000000e+00
0.000000e+00
0.000000e+00
0.000000e+00
0.000000e+00
0.000000e+00
0.000000e+00
0.000000e+00
0.000000e+00
0.000000e+00
0.000000e+00
0.000000e+00
0.000000e+00
0.000000e+00
0.000000e+00
0.000000e+00
0.000000e+00
0.000000e+00
0.000000e+00
0.000000e+00
0.000000e+00
0.000000e+00
0.000000e+00
0.000000e+00
0.000000e+00
0.000000e+00
0.000000e+00
0.000000e+00
0.000000e+00
0.000000e+00
0.000000e+00
0.000000e+00
0.000000e+00
0.000000e+00
0.000000e+00
0.000000e+00
0.000000e+00
0.000000e+00
0.000000e+00
0.000000e+00
0.000000e+00
0.000000e+00
0.000000e+00
0.000000e+00
0.000000e+00
0.000000e+00
0.000000e+00
0.000000e+00
0.000000e+00
0.000000e+00
0.000000e+00
0.000000e+00
0.000000e+00
0.000000e+00
0.000000e+00
0.000000e+00
0.000000e+00
0.000000e+00
0.000000e+00
0.000000e+00
0.000000e+00
0.000000e+00
0.000000e+00
0.000000e+00
0.000000e+00
0.000000e+00
0.000000e+00
0.000000e+00
0.000000e+00
0.000000e+00
0.000000e+00
0.000000e+00
0.000000e+00
0.000000e+00
0.000000e+00
0.000000e+00
0.000000e+00
0.000000e+00
0.000000e+00
0.000000e+00
0.000000e+00
0.000000e+00
0.000000e+00
0.000000e+00
0.000000e+00
0.000000e+00
0.000000e+00
0.000000e+00
0.000000e+00
0.000000e+00
0.000000e+00
0.000000e+00
0.000000e+00
0.000000e+00
0.000000e+00
0.000000e+00
0.000000e+00
0.000000e+00
0.000000e+00
0.000000e+00
0.000000e+00
0.000000e+00
0.000000e+00
0.000000e+00
0.000000e+00
0.000000e+00
0.000000e+00
0.000000e+00
0.000000e+00
0.000000e+00
0.000000e+00
0.000000e+00
0.000000e+00
0.000000e+00
0.000000e+00
0.000000e+00
0.000000e+00
0.000000e+00
0.000000e+00
0.000000e+00
0.000000e+00
0.000000e+00
0.000000e+00
0.000000e+00
0.000000e+00
0.000000e+00
0.000000e+00
0.000000e+00
0.000000e+00
0.000000e+00
0.000000e+00
0.000000e+00
0.000000e+00
0.000000e+00
0.000000e+00
0.000000e+00
0.000000e+00
0.000000e+00
0.000000e+00
0.000000e+00
0.000000e+00
0.000000e+00
0.000000e+00
0.000000e+00
0.000000e+00
0.000000e+00
0.000000e+00
0.000000e+00
0.000000e+00
0.000000e+00
0.000000e+00
0.000000e+00
0.000000e+00
0.000000e+00
0.000000e+00
0.000000e+00
0.000000e+00
0.000000e+00
0.000000e+00
0.000000e+00
0.000000e+00
0.000000e+00
0.000000e+00
0.000000e+00
0.000000e+00
0.000000e+00
0.000000e+00
0.000000e+00
0.000000e+00
0.000000e+00
0.000000e+00
0.000000e+00
0.000000e+00
0.000000e+00
0.000000e+00
0.000000e+00
0.000000e+00
0.000000e+00
0.000000e+00
0.000000e+00
0.000000e+00
0.000000e+00
0.000000e+00
0.000000e+00
0.000000e+00
0.000000e+00
0.000000e+00
0.000000e+00
0.000000e+00
0.000000e+00
0.000000e+00
0.000000e+00
0.000000e+00
0.000000e+00
0.000000e+00
0.000000e+00
0.000000e+00
0.000000e+00
0.000000e+00
0.000000e+00
0.000000e+00
0.000000e+00
0.000000e+00
0.000000e+00
0.000000e+00
0.000000e+00
0.000000e+00
0.000000e+00
0.000000e+00
0.000000e+00
0.000000e+00
0.000000e+00
0.000000e+00
0.000000e+00
0.000000e+00
0.000000e+00
0.000000e+00
0.000000e+00
0.000000e+00
0.000000e+00
0.000000e+00
0.000000e+00
0.000000e+00
0.000000e+00
0.000000e+00
0.000000e+00
0.000000e+00
0.000000e+00
0.000000e+00
0.000000e+00
0.000000e+00
0.000000e+00
0.000000e+00
0.000000e+00
0.000000e+00
0.000000e+00
0.000000e+00
0.000000e+00
0.000000e+00
0.000000e+00
0.000000e+00
0.000000e+00
0.000000e+00
0.000000e+00
0.000000e+00
0.000000e+00
0.000000e+00
0.000000e+00
0.000000e+00
0.000000e+00
0.000000e+00
0.000000e+00
0.000000e+00
0.000000e+00
0.000000e+00
0.000000e+00
0.000000e+00
0.000000e+00
0.000000e+00
0.000000e+00
0.000000e+00
0.000000e+00
0.000000e+00
0.000000e+00
0.000000e+00
0.000000e+00
0.000000e+00
0.000000e+00
0.000000e+00
0.000000e+00
0.000000e+00
0.000000e+00
0.000000e+00
0.000000e+00
0.000000e+00
0.000000e+00
0.000000e+00
0.000000e+00
0.000000e+00
0.000000e+00
0.000000e+00
0.000000e+00
0.000000e+00
0.000000e+00
0.000000e+00
0.000000e+00
0.000000e+00
0.000000e+00
0.000000e+00
0.000000e+00
0.000000e+00
0.000000e+00
0.000000e+00
0.000000e+00
0.000000e+00
0.000000e+00
0.000000e+00
0.000000e+00
0.000000e+00
0.000000e+00
0.000000e+00
0.000000e+00
0.000000e+00
0.000000e+00
0.000000e+00
0.000000e+00
0.000000e+00
0.000000e+00
0.000000e+00
0.000000e+00
0.000000e+00
0.000000e+00
0.000000e+00
0.000000e+00
0.000000e+00
0.000000e+00
0.000000e+00
0.000000e+00
0.000000e+00
0.000000e+00
0.000000e+00
0.000000e+00
0.000000e+00
0.000000e+00
0.000000e+00
0.000000e+00
0.000000e+00
0.000000e+00
0.000000e+00
0.000000e+00
0.000000e+00
0.000000e+00
0.000000e+00
0.000000e+00
0.000000e+00
0.000000e+00
0.000000e+00
0.000000e+00
0.000000e+00
0.000000e+00
0.000000e+00
0.000000e+00
0.000000e+00
0.000000e+00
0.000000e+00
0.000000e+00
0.000000e+00
0.000000e+00
0.000000e+00
0.000000e+00
0.000000e+00
0.000000e+00
0.000000e+00
0.000000e+00
0.000000e+00
0.000000e+00
0.000000e+00
0.000000e+00
0.000000e+00
0.000000e+00
0.000000e+00
0.000000e+00
0.000000e+00
0.000000e+00
0.000000e+00
0.000000e+00
0.000000e+00
0.000000e+00
0.000000e+00
0.000000e+00
0.000000e+00
0.000000e+00
0.000000e+00
0.000000e+00
0.000000e+00
0.000000e+00
0.000000e+00
0.000000e+00
0.000000e+00
0.000000e+00
0.000000e+00
0.000000e+00
0.000000e+00
0.000000e+00
0.000000e+00
0.000000e+00
0.000000e+00
0.000000e+00
0.000000e+00
0.000000e+00
0.000000e+00
0.000000e+00
0.000000e+00
0.000000e+00
0.000000e+00
0.000000e+00
0.000000e+00
0.000000e+00
