5.827230e+07
5.827154e+07
5.827137e+07
5.827128e+07
5.827122e+07
5.827117e+07
5.827113e+07
5.827109e+07
5.827106e+07
5.827104e+07
5.827101e+07
5.827099e+07
5.827097e+07
5.827095e+07
5.827094e+07
5.827092e+07
5.827091e+07
5.827089e+07
5.827088e+07
5.827087e+07
5.827086e+07
5.827084e+07
5.827083e+07
5.827082e+07
5.827081e+07
5.827080e+07
5.827079e+07
5.827078e+07
5.827077e+07
5.827077e+07
5.827076e+07
5.827075e+07
5.827074e+07
5.827073e+07
5.827072e+07
5.827072e+07
5.827071e+07
5.827070e+07
5.827069e+07
5.827068e+07
5.827068e+07
5.827067e+07
5.827066e+07
5.827066e+07
5.827065e+07
5.827064e+07
5.827063e+07
5.827063e+07
5.827062e+07
5.827061e+07
5.827061e+07
5.827060e+07
5.827059e+07
5.827059e+07
5.827058e+07
5.827057e+07
5.827057e+07
5.827056e+07
5.827055e+07
5.827055e+07
5.827054e+07
5.827053e+07
5.827053e+07
5.827052e+07
5.827051e+07
5.827051e+07
5.827050e+07
5.827049e+07
5.827049e+07
5.827048e+07
5.827047e+07
5.827047e+07
5.827046e+07
5.827045e+07
5.827044e+07
5.827044e+07
5.827043e+07
5.827042e+07
5.827042e+07
5.827041e+07
5.827040e+07
5.827040e+07
5.827039e+07
5.827038e+07
5.827038e+07
5.827037e+07
5.827036e+07
5.827035e+07
5.827035e+07
5.827034e+07
5.827033e+07
5.827033e+07
5.827032e+07
5.827031e+07
5.827030e+07
5.827030e+07
5.827029e+07
5.827028e+07
5.827027e+07
5.827027e+07
5.827026e+07
5.827025e+07
5.827024e+07
5.827024e+07
5.827023e+07
5.827022e+07
5.827021e+07
5.827021e+07
5.827020e+07
5.827019e+07
5.827018e+07
5.827017e+07
5.827017e+07
5.827016e+07
5.827015e+07
5.827014e+07
5.827013e+07
5.827012e+07
5.827012e+07
5.827011e+07
5.827010e+07
5.827009e+07
5.827008e+07
5.827007e+07
5.827007e+07
5.827006e+07
5.827005e+07
5.827004e+07
5.827003e+07
5.827002e+07
5.827001e+07
5.827000e+07
5.826999e+07
5.826999e+07
5.826998e+07
5.826997e+07
5.826996e+07
5.826995e+07
5.826994e+07
5.826993e+07
5.826992e+07
5.826991e+07
5.826990e+07
5.826989e+07
5.826988e+07
5.826987e+07
5.826986e+07
5.826985e+07
5.826984e+07
5.826983e+07
5.826982e+07
5.826981e+07
5.826980e+07
5.826979e+07
5.826978e+07
5.826977e+07
5.826976e+07
5.826975e+07
5.826974e+07
5.826973e+07
5.826972e+07
5.826971e+07
5.826969e+07
5.826968e+07
5.826967e+07
5.826966e+07
5.826965e+07
5.826964e+07
5.826963e+07
5.826962e+07
5.826960e+07
5.826959e+07
5.826958e+07
5.826957e+07
5.826956e+07
5.826955e+07
5.826953e+07
5.826952e+07
5.826951e+07
5.826950e+07
5.826949e+07
5.826947e+07
5.826946e+07
5.826945e+07
5.826944e+07
5.826942e+07
5.826941e+07
5.826940e+07
5.826938e+07
5.826937e+07
5.826936e+07
5.826935e+07
5.826933e+07
5.826932e+07
5.826931e+07
5.826929e+07
5.826928e+07
5.826927e+07
5.826925e+07
5.826924e+07
5.826922e+07
5.826921e+07
5.826920e+07
5.826918e+07
5.826917e+07
5.826915e+07
5.826914e+07
5.826912e+07
5.826911e+07
5.826909e+07
5.826908e+07
5.826906e+07
5.826905e+07
5.826903e+07
5.826902e+07
5.826900e+07
5.826899e+07
5.826897e+07
5.826896e+07
5.826894e+07
5.826893e+07
5.826891e+07
5.826889e+07
5.826888e+07
5.826886e+07
5.826885e+07
5.826883e+07
5.826881e+07
5.826880e+07
5.826878e+07
5.826876e+07
5.826875e+07
5.826873e+07
5.826871e+07
5.826869e+07
5.826868e+07
5.826866e+07
5.826864e+07
5.826862e+07
5.826861e+07
5.826859e+07
5.826857e+07
5.826855e+07
5.826853e+07
5.826852e+07
5.826850e+07
5.826848e+07
5.826846e+07
5.826844e+07
5.826842e+07
5.826840e+07
5.826838e+07
5.826836e+07
5.826834e+07
5.826832e+07
5.826830e+07
5.826828e+07
5.826826e+07
5.826824e+07
5.826822e+07
5.826820e+07
5.826818e+07
5.826816e+07
5.826814e+07
5.826812e+07
5.826810e+07
5.826808e+07
5.826806e+07
5.826803e+07
5.826801e+07
5.826799e+07
5.826797e+07
5.826795e+07
5.826792e+07
5.826790e+07
5.826788e+07
5.826786e+07
5.826783e+07
5.826781e+07
5.826779e+07
5.826776e+07
5.826774e+07
5.826772e+07
5.826769e+07
5.826767e+07
5.826764e+07
5.826762e+07
5.826759e+07
5.826757e+07
5.826754e+07
5.826752e+07
5.826749e+07
5.826747e+07
5.826744e+07
5.826741e+07
5.826739e+07
5.826736e+07
5.826733e+07
5.826731e+07
5.826728e+07
5.826725e+07
5.826722e+07
5.826720e+07
5.826717e+07
5.826714e+07
5.826711e+07
5.826708e+07
5.826705e+07
5.826702e+07
5.826699e+07
5.826696e+07
5.826693e+07
5.826690e+07
5.826687e+07
5.826684e+07
5.826681e+07
5.826678e+07
5.826674e+07
5.826671e+07
5.826668e+07
5.826664e+07
5.826661e+07
5.826658e+07
5.826654e+07
5.826651e+07
5.826647e+07
5.826644e+07
5.826640e+07
5.826637e+07
5.826633e+07
5.826629e+07
5.826626e+07
5.826622e+07
5.826618e+07
5.826614e+07
5.826610e+07
5.826607e+07
5.826603e+07
5.826599e+07
5.826594e+07
5.826590e+07
5.826586e+07
5.826582e+07
5.826578e+07
5.826573e+07
5.826569e+07
5.826564e+07
5.826560e+07
5.826555e+07
5.826551e+07
5.826546e+07
5.826541e+07
5.826537e+07
5.826532e+07
5.826527e+07
5.826522e+07
5.826517e+07
5.826511e+07
5.826506e+07
5.826501e+07
5.826495e+07
5.826490e+07
5.826484e+07
5.826479e+07
5.826473e+07
5.826467e+07
5.826461e+07
5.826455e+07
5.826449e+07
5.826443e+07
5.826436e+07
5.826430e+07
5.826423e+07
5.826417e+07
5.826410e+07
5.826403e+07
5.826396e+07
5.826389e+07
5.826381e+07
5.826374e+07
5.826366e+07
5.826359e+07
5.826351e+07
5.826343e+07
5.826335e+07
5.826326e+07
5.826318e+07
5.826309e+07
5.826301e+07
5.826292e+07
5.826282e+07
5.826273e+07
5.826264e+07
5.826254e+07
5.826244e+07
5.826234e+07
5.826223e+07
5.826213e+07
5.826202e+07
5.826191e+07
5.826180e+07
5.826168e+07
5.826156e+07
5.826144e+07
5.826132e+07
5.826120e+07
5.826107e+07
5.826094e+07
5.826080e+07
5.826066e+07
5.826052e+07
5.826038e+07
5.826023e+07
5.826008e+07
5.825992e+07
5.825977e+07
5.825960e+07
5.825944e+07
5.825927e+07
5.825909e+07
5.825892e+07
5.825873e+07
5.825854e+07
5.825835e+07
5.825816e+07
5.825795e+07
5.825775e+07
5.825753e+07
5.825732e+07
5.825709e+07
5.825686e+07
5.825663e+07
5.825639e+07
5.825614e+07
5.825589e+07
5.825563e+07
5.825536e+07
5.825508e+07
5.825480e+07
5.825451e+07
5.825421e+07
5.825391e+07
5.825360e+07
5.825327e+07
5.825294e+07
5.825260e+07
5.825225e+07
5.825190e+07
5.825153e+07
5.825115e+07
5.825076e+07
5.825036e+07
5.824995e+07
5.824953e+07
5.824909e+07
5.824865e+07
5.824819e+07
5.824772e+07
5.824723e+07
5.824673e+07
5.824622e+07
5.824569e+07
5.824515e+07
5.824459e+07
5.824402e+07
5.824343e+07
5.824282e+07
5.824220e+07
5.824155e+07
5.824089e+07
5.824021e+07
5.823951e+07
5.823879e+07
5.823805e+07
5.823728e+07
5.823650e+07
5.823569e+07
5.823486e+07
5.823400e+07
5.823312e+07
5.823221e+07
5.823128e+07
5.823032e+07
5.822933e+07
5.822831e+07
5.822726e+07
5.822618e+07
5.822507e+07
5.822392e+07
5.822274e+07
5.822153e+07
5.822028e+07
5.821899e+07
5.821766e+07
5.821629e+07
5.821489e+07
5.821344e+07
5.821194e+07
5.821041e+07
5.820882e+07
5.820719e+07
5.820551e+07
5.820378e+07
5.820200e+07
5.820016e+07
5.819827e+07
5.819632e+07
5.819431e+07
5.819224e+07
5.819011e+07
5.818791e+07
5.818565e+07
5.818331e+07
5.818091e+07
5.817844e+07
5.817589e+07
5.817326e+07
5.817055e+07
5.816776e+07
5.816488e+07
5.816192e+07
5.815886e+07
5.815572e+07
5.815247e+07
5.814913e+07
5.814569e+07
5.814214e+07
5.813848e+07
5.813471e+07
5.813082e+07
5.812681e+07
5.812269e+07
5.811843e+07
5.811405e+07
5.810953e+07
5.810487e+07
5.810007e+07
5.809512e+07
5.809002e+07
5.808476e+07
5.807934e+07
5.807375e+07
5.806799e+07
5.806205e+07
5.805593e+07
5.804962e+07
5.804312e+07
5.803642e+07
5.802951e+07
5.802238e+07
5.801504e+07
5.800747e+07
5.799966e+07
5.799162e+07
5.798332e+07
5.797477e+07
5.796595e+07
5.795686e+07
5.794749e+07
5.793783e+07
5.792787e+07
5.791759e+07
5.790701e+07
5.789609e+07
5.788483e+07
5.787323e+07
5.786126e+07
5.784892e+07
5.783620e+07
5.782308e+07
5.780955e+07
5.779561e+07
5.778123e+07
5.776640e+07
5.775111e+07
5.773534e+07
5.771908e+07
5.770231e+07
5.768502e+07
5.766720e+07
5.764881e+07
5.762985e+07
5.761030e+07
5.759013e+07
5.756934e+07
5.754790e+07
5.752578e+07
5.750297e+07
5.747945e+07
5.745519e+07
5.743016e+07
5.740436e+07
5.737774e+07
5.735029e+07
5.732197e+07
5.729276e+07
5.726264e+07
5.723156e+07
5.719951e+07
5.716645e+07
5.713235e+07
5.709717e+07
5.706087e+07
5.702344e+07
5.698481e+07
5.694497e+07
5.690387e+07
5.686146e+07
5.681771e+07
5.677257e+07
5.672600e+07
5.667795e+07
5.662837e+07
5.657721e+07
5.652442e+07
5.646995e+07
5.641374e+07
5.635573e+07
5.629587e+07
5.623410e+07
5.617034e+07
5.610454e+07
5.603662e+07
5.596652e+07
5.589416e+07
5.581947e+07
5.574237e+07
5.566278e+07
5.558062e+07
5.549578e+07
5.540820e+07
5.531777e+07
5.522439e+07
5.512797e+07
5.502840e+07
5.492557e+07
5.481937e+07
5.470968e+07
5.459638e+07
5.447935e+07
5.435845e+07
5.423354e+07
5.410448e+07
5.397114e+07
5.383334e+07
5.369094e+07
5.354376e+07
5.339164e+07
5.323438e+07
5.307181e+07
5.290372e+07
5.272991e+07
5.255017e+07
5.236427e+07
5.217198e+07
5.197305e+07
5.176723e+07
5.155424e+07
5.133381e+07
5.110564e+07
5.086943e+07
5.062484e+07
5.037153e+07
5.010916e+07
4.983733e+07
4.955565e+07
4.926370e+07
4.896104e+07
4.864719e+07
4.832166e+07
4.798392e+07
4.763342e+07
4.726956e+07
4.689170e+07
4.649918e+07
4.609127e+07
4.566720e+07
4.522615e+07
4.476723e+07
4.428948e+07
4.379187e+07
4.327328e+07
4.273250e+07
4.216821e+07
4.157896e+07
4.096316e+07
4.031908e+07
3.964477e+07
3.893810e+07
3.819666e+07
3.741776e+07
3.659833e+07
3.573492e+07
3.482350e+07
3.385945e+07
3.283732e+07
3.175065e+07
3.059168e+07
2.935090e+07
2.801645e+07
2.657319e+07
2.500124e+07
2.327353e+07
2.135153e+07
1.917704e+07
1.665508e+07
1.361389e+07
9.699601e+06
0.000000e+00
0.000000e+00
0.000000e+00
0.000000e+00
0.000000e+00
0.000000e+00
0.000000e+00
0.000000e+00
0.000000e+00
0.000000e+00
0.000000e+00
0.000000e+00
0.000000e+00
0.000000e+00
0.000000e+00
0.000000e+00
0.000000e+00
0.000000e+00
0.000000e+00
0.000000e+00
0.000000e+00
0.000000e+00
0.000000e+00
0.000000e+00
0.000000e+00
0.000000e+00
0.000000e+00
0.000000e+00
0.000000e+00
0.000000e+00
0.000000e+00
0.000000e+00
0.000000e+00
0.000000e+00
0.000000e+00
0.000000e+00
0.000000e+00
0.000000e+00
0.000000e+00
0.000000e+00
0.000000e+00
0.000000e+00
0.000000e+00
0.000000e+00
0.000000e+00
0.000000e+00
0.000000e+00
0.000000e+00
0.000000e+00
0.000000e+00
0.000000e+00
0.000000e+00
0.000000e+00
0.000000e+00
0.000000e+00
0.000000e+00
0.000000e+00
0.000000e+00
0.000000e+00
0.000000e+00
0.000000e+00
0.000000e+00
0.000000e+00
0.000000e+00
0.000000e+00
0.000000e+00
0.000000e+00
0.000000e+00
0.000000e+00
0.000000e+00
0.000000e+00
0.000000e+00
0.000000e+00
0.000000e+00
0.000000e+00
0.000000e+00
0.000000e+00
0.000000e+00
0.000000e+00
0.000000e+00
0.000000e+00
0.000000e+00
0.000000e+00
0.000000e+00
0.000000e+00
0.000000e+00
0.000000e+00
0.000000e+00
0.000000e+00
0.000000e+00
0.000000e+00
0.000000e+00
0.000000e+00
0.000000e+00
0.000000e+00
0.000000e+00
0.000000e+00
0.000000e+00
0.000000e+00
0.000000e+00
0.000000e+00
0.000000e+00
0.000000e+00
0.000000e+00
0.000000e+00
0.000000e+00
0.000000e+00
0.000000e+00
0.000000e+00
0.000000e+00
0.000000e+00
0.000000e+00
0.000000e+00
0.000000e+00
0.000000e+00
0.000000e+00
0.000000e+00
0.000000e+00
0.000000e+00
0.000000e+00
0.000000e+00
0.000000e+00
0.000000e+00
0.000000e+00
0.000000e+00
0.000000e+00
0.000000e+00
0.000000e+00
0.000000e+00
0.000000e+00
0.000000e+00
0.000000e+00
0.000000e+00
0.000000e+00
0.000000e+00
0.000000e+00
0.000000e+00
0.000000e+00
0.000000e+00
0.000000e+00
0.000000e+00
0.000000e+00
0.000000e+00
0.000000e+00
0.000000e+00
0.000000e+00
0.000000e+00
0.000000e+00
0.000000e+00
0.000000e+00
0.000000e+00
0.000000e+00
0.000000e+00
0.000000e+00
0.000000e+00
0.000000e+00
0.000000e+00
0.000000e+00
0.000000e+00
0.000000e+00
0.000000e+00
0.000000e+00
0.000000e+00
0.000000e+00
0.000000e+00
0.000000e+00
0.000000e+00
0.000000e+00
0.000000e+00
0.000000e+00
0.000000e+00
0.000000e+00
0.000000e+00
0.000000e+00
0.000000e+00
0.000000e+00
0.000000e+00
0.000000e+00
0.000000e+00
0.000000e+00
0.000000e+00
0.000000e+00
0.000000e+00
0.000000e+00
0.000000e+00
0.000000e+00
0.000000e+00
0.000000e+00
0.000000e+00
0.000000e+00
0.000000e+00
0.000000e+00
0.000000e+00
0.000000e+00
0.000000e+00
0.000000e+00
0.000000e+00
0.000000e+00
0.000000e+00
0.000000e+00
0.000000e+00
0.000000e+00
0.000000e+00
0.000000e+00
0.000000e+00
0.000000e+00
0.000000e+00
0.000000e+00
0.000000e+00
0.000000e+00
0.000000e+00
0.000000e+00
0.000000e+00
0.000000e+00
0.000000e+00
0.000000e+00
0.000000e+00
0.000000e+00
0.000000e+00
0.000000e+00
0.000000e+00
0.000000e+00
0.000000e+00
0.000000e+00
0.000000e+00
0.000000e+00
0.000000e+00
0.000000e+00
0.000000e+00
0.000000e+00
0.000000e+00
0.000000e+00
0.000000e+00
0.000000e+00
0.000000e+00
0.000000e+00
0.000000e+00
0.000000e+00
0.000000e+00
0.000000e+00
0.000000e+00
0.000000e+00
0.000000e+00
0.000000e+00
0.000000e+00
0.000000e+00
0.000000e+00
0.000000e+00
0.000000e+00
0.000000e+00
0.000000e+00
0.000000e+00
0.000000e+00
0.000000e+00
0.000000e+00
0.000000e+00
0.000000e+00
0.000000e+00
0.000000e+00
0.000000e+00
0.000000e+00
0.000000e+00
0.000000e+00
0.000000e+00
0.000000e+00
0.000000e+00
0.000000e+00
0.000000e+00
0.000000e+00
0.000000e+00
0.000000e+00
0.000000e+00
0.000000e+00
0.000000e+00
0.000000e+00
0.000000e+00
0.000000e+00
0.000000e+00
0.000000e+00
0.000000e+00
0.000000e+00
0.000000e+00
0.000000e+00
0.000000e+00
0.000000e+00
0.000000e+00
0.000000e+00
0.000000e+00
0.000000e+00
0.000000e+00
0.000000e+00
0.000000e+00
0.000000e+00
0.000000e+00
0.000000e+00
0.000000e+00
0.000000e+00
0.000000e+00
0.000000e+00
0.000000e+00
0.000000e+00
0.000000e+00
0.000000e+00
0.000000e+00
0.000000e+00
0.000000e+00
0.000000e+00
0.000000e+00
0.000000e+00
0.000000e+00
0.000000e+00
0.000000e+00
0.000000e+00
0.000000e+00
0.000000e+00
0.000000e+00
0.000000e+00
0.000000e+00
0.000000e+00
0.000000e+00
0.000000e+00
0.000000e+00
0.000000e+00
0.000000e+00
0.000000e+00
0.000000e+00
0.000000e+00
0.000000e+00
0.000000e+00
0.000000e+00
0.000000e+00
0.000000e+00
0.000000e+00
0.000000e+00
0.000000e+00
0.000000e+00
0.000000e+00
0.000000e+00
0.000000e+00
0.000000e+00
0.000000e+00
0.000000e+00
0.000000e+00
0.000000e+00
0.000000e+00
0.000000e+00
0.000000e+00
0.000000e+00
0.000000e+00
0.000000e+00
0.000000e+00
0.000000e+00
0.000000e+00
0.000000e+00
0.000000e+00
0.000000e+00
0.000000e+00
0.000000e+00
0.000000e+00
0.000000e+00
0.000000e+00
0.000000e+00
0.000000e+00
0.000000e+00
0.000000e+00
0.000000e+00
0.000000e+00
0.000000e+00
0.000000e+00
0.000000e+00
0.000000e+00
0.000000e+00
0.000000e+00
0.000000e+00
0.000000e+00
0.000000e+00
0.000000e+00
0.000000e+00
0.000000e+00
0.000000e+00
0.000000e+00
0.000000e+00
0.000000e+00
0.000000e+00
0.000000e+00
0.000000e+00
0.000000e+00
0.000000e+00
0.000000e+00
0.000000e+00
0.000000e+00
0.000000e+00
0.000000e+00
0.000000e+00
0.000000e+00
0.000000e+00
0.000000e+00
0.000000e+00
0.000000e+00
0.000000e+00
0.000000e+00
0.000000e+00
0.000000e+00
0.000000e+00
0.000000e+00
0.000000e+00
0.000000e+00
0.000000e+00
0.000000e+00
0.000000e+00
0.000000e+00
0.000000e+00
0.000000e+00
0.000000e+00
0.000000e+00
0.000000e+00
0.000000e+00
0.000000e+00
0.000000e+00
0.000000e+00
0.000000e+00
0.000000e+00
0.000000e+00
0.000000e+00
0.000000e+00
0.000000e+00
0.000000e+00
0.000000e+00
0.000000e+00
0.000000e+00
0.000000e+00
0.000000e+00
0.000000e+00
0.000000e+00
0.000000e+00
0.000000e+00
0.000000e+00
0.000000e+00
0.000000e+00
0.000000e+00
0.000000e+00
0.000000e+00
0.000000e+00
0.000000e+00
0.000000e+00
0.000000e+00
0.000000e+00
0.000000e+00
0.000000e+00
0.000000e+00
0.000000e+00
0.000000e+00
0.000000e+00
0.000000e+00
0.000000e+00
0.000000e+00
0.000000e+00
0.000000e+00
0.000000e+00
0.000000e+00
0.000000e+00
0.000000e+00
0.000000e+00
0.000000e+00
0.000000e+00
0.000000e+00
0.000000e+00
0.000000e+00
0.000000e+00
0.000000e+00
0.000000e+00
0.000000e+00
0.000000e+00
0.000000e+00
0.000000e+00
0.000000e+00
0.000000e+00
0.000000e+00
0.000000e+00
0.000000e+00
0.000000e+00
0.000000e+00
0.000000e+00
0.000000e+00
0.000000e+00
0.000000e+00
0.000000e+00
0.000000e+00
0.000000e+00
0.000000e+00
0.000000e+00
0.000000e+00
0.000000e+00
0.000000e+00
0.000000e+00
0.000000e+00
0.000000e+00
0.000000e+00
0.000000e+00
0.000000e+00
0.000000e+00
0.000000e+00
0.000000e+00
0.000000e+00
0.000000e+00
0.000000e+00
0.000000e+00
0.000000e+00
0.000000e+00
0.000000e+00
0.000000e+00
0.000000e+00
0.000000e+00
0.000000e+00
0.000000e+00
0.000000e+00
0.000000e+00
0.000000e+00
0.000000e+00
0.000000e+00
0.000000e+00
0.000000e+00
0.000000e+00
0.000000e+00
0.000000e+00
0.000000e+00
0.000000e+00
0.000000e+00
0.000000e+00
0.000000e+00
0.000000e+00
0.000000e+00
0.000000e+00
0.000000e+00
0.000000e+00
0.000000e+00
0.000000e+00
0.000000e+00
0.000000e+00
0.000000e+00
0.000000e+00
0.000000e+00
0.000000e+00
0.000000e+00
0.000000e+00
0.000000e+00
0.000000e+00
0.000000e+00
0.000000e+00
0.000000e+00
0.000000e+00
0.000000e+00
0.000000e+00
0.000000e+00
0.000000e+00
0.000000e+00
0.000000e+00
0.000000e+00
0.000000e+00
0.000000e+00
0.000000e+00
0.000000e+00
0.000000e+00
0.000000e+00
0.000000e+00
0.000000e+00
0.000000e+00
0.000000e+00
0.000000e+00
0.000000e+00
0.000000e+00
0.000000e+00
0.000000e+00
0.000000e+00
0.000000e+00
0.000000e+00
0.000000e+00
0.000000e+00
0.000000e+00
0.000000e+00
0.000000e+00
0.000000e+00
0.000000e+00
0.000000e+00
0.000000e+00
0.000000e+00
0.000000e+00
0.000000e+00
0.000000e+00
0.000000e+00
0.000000e+00
0.000000e+00
0.000000e+00
0.000000e+00
0.000000e+00
0.000000e+00
0.000000e+00
0.000000e+00
0.000000e+00
0.000000e+00
0.000000e+00
0.000000e+00
0.000000e+00
0.000000e+00
0.000000e+00
0.000000e+00
0.000000e+00
0.000000e+00
0.000000e+00
0.000000e+00
0.000000e+00
0.000000e+00
0.000000e+00
0.000000e+00
0.000000e+00
0.000000e+00
0.000000e+00
0.000000e+00
0.000000e+00
0.000000e+00
0.000000e+00
0.000000e+00
0.000000e+00
0.000000e+00
0.000000e+00
0.000000e+00
0.000000e+00
0.000000e+00
0.000000e+00
0.000000e+00
0.000000e+00
0.000000e+00
0.000000e+00
0.000000e+00
0.000000e+00
0.000000e+00
0.000000e+00
0.000000e+00
0.000000e+00
0.000000e+00
0.000000e+00
0.000000e+00
0.000000e+00
0.000000e+00
0.000000e+00
0.000000e+00
0.000000e+00
0.000000e+00
0.000000e+00
0.000000e+00
0.000000e+00
0.000000e+00
0.000000e+00
0.000000e+00
0.000000e+00
0.000000e+00
0.000000e+00
0.000000e+00
0.000000e+00
0.000000e+00
0.000000e+00
0.000000e+00
0.000000e+00
0.000000e+00
0.000000e+00
0.000000e+00
0.000000e+00
0.000000e+00
0.000000e+00
0.000000e+00
0.000000e+00
0.000000e+00
0.000000e+00
0.000000e+00
0.000000e+00
0.000000e+00
0.000000e+00
0.000000e+00
0.000000e+00
0.000000e+00
0.000000e+00
0.000000e+00
0.000000e+00
0.000000e+00
0.000000e+00
0.000000e+00
0.000000e+00
0.000000e+00
0.000000e+00
0.000000e+00
0.000000e+00
0.000000e+00
0.000000e+00
0.000000e+00
0.000000e+00
0.000000e+00
0.000000e+00
0.000000e+00
0.000000e+00
0.000000e+00
0.000000e+00
0.000000e+00
0.000000e+00
0.000000e+00
0.000000e+00
0.000000e+00
0.000000e+00
0.000000e+00
0.000000e+00
0.000000e+00
0.000000e+00
0.000000e+00
0.000000e+00
0.000000e+00
0.000000e+00
0.000000e+00
0.000000e+00
0.000000e+00
0.000000e+00
0.000000e+00
0.000000e+00
0.000000e+00
0.000000e+00
0.000000e+00
0.000000e+00
0.000000e+00
0.000000e+00
0.000000e+00
0.000000e+00
0.000000e+00
0.000000e+00
0.000000e+00
0.000000e+00
0.000000e+00
0.000000e+00
0.000000e+00
0.000000e+00
0.000000e+00
0.000000e+00
0.000000e+00
0.000000e+00
0.000000e+00
0.000000e+00
0.000000e+00
0.000000e+00
0.000000e+00
0.000000e+00
0.000000e+00
0.000000e+00
0.000000e+00
0.000000e+00
0.000000e+00
0.000000e+00
0.000000e+00
0.000000e+00
0.000000e+00
0.000000e+00
0.000000e+00
0.000000e+00
0.000000e+00
0.000000e+00
0.000000e+00
0.000000e+00
0.000000e+00
0.000000e+00
0.000000e+00
0.000000e+00
0.000000e+00
0.000000e+00
0.000000e+00
0.000000e+00
0.000000e+00
0.000000e+00
0.000000e+00
0.000000e+00
0.000000e+00
0.000000e+00
0.000000e+00
0.000000e+00
0.000000e+00
0.000000e+00
0.000000e+00
0.000000e+00
0.000000e+00
0.000000e+00
0.000000e+00
0.000000e+00
0.000000e+00
0.000000e+00
0.000000e+00
0.000000e+00
0.000000e+00
0.000000e+00
0.000000e+00
0.000000e+00
0.000000e+00
0.000000e+00
0.000000e+00
0.000000e+00
0.000000e+00
0.000000e+00
0.000000e+00
0.000000e+00
0.000000e+00
0.000000e+00
0.000000e+00
0.000000e+00
0.000000e+00
0.000000e+00
0.000000e+00
0.000000e+00
0.000000e+00
0.000000e+00
0.000000e+00
0.000000e+00
0.000000e+00
0.000000e+00
0.000000e+00
0.000000e+00
0.000000e+00
0.000000e+00
0.000000e+00
0.000000e+00
0.000000e+00
0.000000e+00
0.000000e+00
0.000000e+00
0.000000e+00
0.000000e+00
0.000000e+00
0.000000e+00
0.000000e+00
0.000000e+00
0.000000e+00
0.000000e+00
0.000000e+00
0.000000e+00
0.000000e+00
0.000000e+00
0.000000e+00
0.000000e+00
0.000000e+00
0.000000e+00
0.000000e+00
0.000000e+00
0.000000e+00
0.000000e+00
0.000000e+00
0.000000e+00
0.000000e+00
0.000000e+00
0.000000e+00
0.000000e+00
0.000000e+00
0.000000e+00
0.000000e+00
0.000000e+00
0.000000e+00
0.000000e+00
0.000000e+00
0.000000e+00
0.000000e+00
0.000000e+00
0.000000e+00
0.000000e+00
0.000000e+00
0.000000e+00
0.000000e+00
0.000000e+00
0.000000e+00
0.000000e+00
0.000000e+00
0.000000e+00
0.000000e+00
0.000000e+00
0.000000e+00
0.000000e+00
0.000000e+00
0.000000e+00
0.000000e+00
0.000000e+00
0.000000e+00
0.000000e+00
0.000000e+00
0.000000e+00
0.000000e+00
0.000000e+00
0.000000e+00
0.000000e+00
0.000000e+00
0.000000e+00
0.000000e+00
0.000000e+00
0.000000e+00
0.000000e+00
0.000000e+00
0.000000e+00
0.000000e+00
0.000000e+00
0.000000e+00
0.000000e+00
0.000000e+00
0.000000e+00
0.000000e+00
0.000000e+00
0.000000e+00
0.000000e+00
0.000000e+00
0.000000e+00
0.000000e+00
0.000000e+00
0.000000e+00
0.000000e+00
0.000000e+00
0.000000e+00
0.000000e+00
0.000000e+00
0.000000e+00
0.000000e+00
0.000000e+00
0.000000e+00
0.000000e+00
0.000000e+00
0.000000e+00
0.000000e+00
0.000000e+00
0.000000e+00
0.000000e+00
0.000000e+00
0.000000e+00
0.000000e+00
0.000000e+00
0.000000e+00
0.000000e+00
0.000000e+00
0.000000e+00
0.000000e+00
0.000000e+00
0.000000e+00
0.000000e+00
0.000000e+00
0.000000e+00
0.000000e+00
0.000000e+00
0.000000e+00
0.000000e+00
0.000000e+00
0.000000e+00
0.000000e+00
0.000000e+00
0.000000e+00
0.000000e+00
0.000000e+00
0.000000e+00
0.000000e+00
0.000000e+00
0.000000e+00
0.000000e+00
0.000000e+00
0.000000e+00
0.000000e+00
0.000000e+00
0.000000e+00
0.000000e+00
0.000000e+00
0.000000e+00
0.000000e+00
0.000000e+00
0.000000e+00
0.000000e+00
0.000000e+00
0.000000e+00
0.000000e+00
0.000000e+00
0.000000e+00
0.000000e+00
0.000000e+00
0.000000e+00
0.000000e+00
0.000000e+00
0.000000e+00
0.000000e+00
0.000000e+00
0.000000e+00
0.000000e+00
0.000000e+00
0.000000e+00
0.000000e+00
0.000000e+00
0.000000e+00
0.000000e+00
0.000000e+00
0.000000e+00
0.000000e+00
0.000000e+00
0.000000e+00
0.000000e+00
0.000000e+00
0.000000e+00
0.000000e+00
0.000000e+00
0.000000e+00
0.000000e+00
0.000000e+00
0.000000e+00
0.000000e+00
0.000000e+00
0.000000e+00
0.000000e+00
0.000000e+00
0.000000e+00
0.000000e+00
0.000000e+00
0.000000e+00
0.000000e+00
0.000000e+00
0.000000e+00
0.000000e+00
0.000000e+00
0.000000e+00
0.000000e+00
0.000000e+00
0.000000e+00
0.000000e+00
0.000000e+00
0.000000e+00
0.000000e+00
0.000000e+00
0.000000e+00
0.000000e+00
0.000000e+00
0.000000e+00
0.000000e+00
0.000000e+00
0.000000e+00
0.000000e+00
0.000000e+00
0.000000e+00
0.000000e+00
0.000000e+00
0.000000e+00
0.000000e+00
0.000000e+00
0.000000e+00
0.000000e+00
0.000000e+00
0.000000e+00
0.000000e+00
0.000000e+00
0.000000e+00
0.000000e+00
0.000000e+00
0.000000e+00
0.000000e+00
0.000000e+00
0.000000e+00
0.000000e+00
0.000000e+00
0.000000e+00
0.000000e+00
0.000000e+00
0.000000e+00
0.000000e+00
0.000000e+00
0.000000e+00
0.000000e+00
0.000000e+00
0.000000e+00
0.000000e+00
0.000000e+00
0.000000e+00
0.000000e+00
0.000000e+00
0.000000e+00
0.000000e+00
0.000000e+00
0.000000e+00
0.000000e+00
0.000000e+00
0.000000e+00
0.000000e+00
0.000000e+00
0.000000e+00
0.000000e+00
0.000000e+00
0.000000e+00
0.000000e+00
0.000000e+00
0.000000e+00
0.000000e+00
0.000000e+00
0.000000e+00
0.000000e+00
