2.471301e+05
2.311882e+05
2.163823e+05
2.027111e+05
1.901736e+05
1.787684e+05
1.684944e+05
1.593503e+05
1.513348e+05
1.444464e+05
1.386840e+05
1.340460e+05
1.305310e+05
1.281375e+05
1.268641e+05
1.267092e+05
1.276712e+05
1.297485e+05
1.329394e+05
1.372423e+05
1.426555e+05
1.491771e+05
1.568055e+05
1.655387e+05
1.753748e+05
1.863121e+05
1.983485e+05
2.114821e+05
2.257108e+05
2.410326e+05
2.574453e+05
2.749468e+05
2.935350e+05
3.132076e+05
3.339623e+05
3.557968e+05
3.787089e+05
4.026960e+05
4.277558e+05
4.538858e+05
4.810834e+05
5.093462e+05
5.386714e+05
5.690565e+05
6.004987e+05
6.329953e+05
6.665435e+05
7.011405e+05
7.367835e+05
7.734694e+05
8.111953e+05
8.499582e+05
8.897551e+05
9.305828e+05
9.724381e+05
1.015318e+06
1.059219e+06
1.104138e+06
1.150071e+06
1.197016e+06
1.244968e+06
1.293925e+06
1.343882e+06
1.394837e+06
1.446784e+06
1.499722e+06
1.553645e+06
1.608551e+06
1.664435e+06
1.721293e+06
1.779122e+06
1.837917e+06
1.897674e+06
1.958390e+06
2.020060e+06
2.082680e+06
2.146245e+06
2.210752e+06
2.276195e+06
2.342571e+06
2.409875e+06
2.478103e+06
2.547249e+06
2.617309e+06
2.688279e+06
2.760154e+06
2.832928e+06
2.906598e+06
2.981158e+06
3.056602e+06
3.132927e+06
3.210127e+06
3.288197e+06
3.367131e+06
3.446925e+06
3.527572e+06
3.609069e+06
3.691408e+06
3.774586e+06
3.858595e+06
3.943431e+06
