1.519171e+05
1.442755e+05
1.377085e+05
1.322149e+05
1.277933e+05
1.244424e+05
1.221606e+05
1.209467e+05
1.207990e+05
1.217161e+05
1.236966e+05
1.267386e+05
1.308408e+05
1.360013e+05
1.422186e+05
1.494909e+05
1.578165e+05
1.671935e+05
1.776201e+05
1.890945e+05
2.016148e+05
2.151789e+05
2.297850e+05
2.454310e+05
2.621148e+05
2.798344e+05
2.985875e+05
3.183721e+05
3.391859e+05
3.610266e+05
3.838919e+05
4.077795e+05
4.326870e+05
4.586120e+05
4.855520e+05
5.135045e+05
5.424669e+05
5.724366e+05
6.034110e+05
6.353874e+05
6.683631e+05
7.023353e+05
7.373011e+05
7.732577e+05
8.102022e+05
8.481317e+05
8.870430e+05
9.269333e+05
9.677993e+05
1.009638e+06
1.052446e+06
1.096220e+06
1.140957e+06
1.186654e+06
1.233307e+06
1.280913e+06
1.329468e+06
1.378968e+06
1.429411e+06
1.480793e+06
1.533109e+06
1.586356e+06
1.640531e+06
1.695629e+06
1.751647e+06
1.808581e+06
1.866426e+06
1.925179e+06
1.984836e+06
2.045392e+06
2.106843e+06
2.169186e+06
2.232415e+06
2.296526e+06
2.361515e+06
2.427378e+06
2.494110e+06
2.561707e+06
2.630163e+06
2.699474e+06
2.769636e+06
2.840643e+06
2.912491e+06
2.985176e+06
3.058691e+06
3.133032e+06
3.208194e+06
3.284172e+06
3.360961e+06
3.438555e+06
3.516949e+06
3.596139e+06
3.676117e+06
3.756880e+06
3.838422e+06
3.920736e+06
4.003818e+06
4.087661e+06
4.172261e+06
4.257611e+06
4.343706e+06
