1.76119312
1.76126212
1.76132312
1.76137312
1.76140912
1.76142712
1.76142312
1.76139312
1.76133112
1.76123212
1.76108912
1.76089612
1.76064612
1.76033512
1.75995912
1.75951512
1.75900512
1.75843312
1.75780912
1.75714512
1.75645612
1.75575912
1.75507412
1.75441712
1.75380412
1.75324612
1.75275012
1.75232212
1.75196012
1.75166312
1.75142612
1.75124512
1.75111212
1.75102212
1.75096812
1.75094412
1.75094612
1.75096812
1.75100712
1.75106012
1.75112312
1.75119412
1.75127112
1.75135212
1.75143712
1.75152312
1.75161112
1.75169812
1.75178612
1.75187212
1.75195812
1.75204212
1.75212512
1.75220512
1.75228412
1.75236112
1.75243712
1.75251012
1.75258112
1.75265012
1.75271712
1.75278312
1.75284612
1.75290812
1.75296812
1.75302612
1.75308212
1.75313712
1.75319012
1.75324112
1.75329212
1.75334012
1.75338812
1.75343312
1.75347812
1.75352112
1.75356412
1.75360512
1.75364512
1.75368312
1.75372112
1.75375812
1.75379412
1.75382912
1.75386312
1.75389612
1.75392812
1.75396012
1.75399112
1.75402012
1.75405012
1.75407812
1.75410612
1.75413312
1.75416012
1.75418612
1.75421112
1.75423612
1.75426012
1.75428412
1.75430712
