1.76175412
1.76172712
1.76166812
1.76156912
1.76142512
1.76123012
1.76097612
1.76065812
1.76027112
1.75981412
1.75928612
1.75869312
1.75804212
1.75734712
1.75662312
1.75588912
1.75516412
1.75446612
1.75381212
1.75321412
1.75268212
1.75221912
1.75182812
1.75150512
1.75124612
1.75104712
1.75090012
1.75079812
1.75073612
1.75070712
1.75070512
1.75072612
1.75076512
1.75081812
1.75088312
1.75095712
1.75103712
1.75112312
1.75121112
1.75130212
1.75139412
1.75148612
1.75157912
1.75167012
1.75176112
1.75184912
1.75193712
1.75202212
1.75210612
1.75218812
1.75226712
1.75234512
1.75242012
1.75249312
1.75256412
1.75263412
1.75270112
1.75276612
1.75282912
1.75289112
1.75295012
1.75300812
1.75306512
1.75311912
1.75317212
1.75322412
1.75327412
1.75332312
1.75337012
1.75341612
1.75346112
1.75350412
1.75354612
1.75358712
1.75362712
1.75366612
1.75370412
1.75374112
1.75377712
1.75381212
1.75384712
1.75388012
1.75391212
1.75394412
1.75397512
1.75400512
1.75403512
1.75406412
1.75409212
1.75411912
1.75414612
1.75417212
1.75419812
1.75422312
1.75424812
1.75427212
1.75429512
1.75431812
1.75434112
1.75436312
1.75438412
