5.833830e+07
5.833754e+07
5.833738e+07
5.833729e+07
5.833722e+07
5.833717e+07
5.833713e+07
5.833710e+07
5.833707e+07
5.833704e+07
5.833702e+07
5.833700e+07
5.833698e+07
5.833696e+07
5.833694e+07
5.833693e+07
5.833691e+07
5.833690e+07
5.833689e+07
5.833687e+07
5.833686e+07
5.833685e+07
5.833684e+07
5.833683e+07
5.833682e+07
5.833681e+07
5.833680e+07
5.833679e+07
5.833678e+07
5.833677e+07
5.833676e+07
5.833675e+07
5.833675e+07
5.833674e+07
5.833673e+07
5.833672e+07
5.833671e+07
5.833671e+07
5.833670e+07
5.833669e+07
5.833668e+07
5.833667e+07
5.833667e+07
5.833666e+07
5.833665e+07
5.833665e+07
5.833664e+07
5.833663e+07
5.833662e+07
5.833662e+07
5.833661e+07
5.833660e+07
5.833660e+07
5.833659e+07
5.833658e+07
5.833658e+07
5.833657e+07
5.833656e+07
5.833656e+07
5.833655e+07
5.833654e+07
5.833654e+07
5.833653e+07
5.833652e+07
5.833652e+07
5.833651e+07
5.833650e+07
5.833649e+07
5.833649e+07
5.833648e+07
5.833647e+07
5.833647e+07
5.833646e+07
5.833645e+07
5.833645e+07
5.833644e+07
5.833643e+07
5.833643e+07
5.833642e+07
5.833641e+07
5.833640e+07
5.833640e+07
5.833639e+07
5.833638e+07
5.833638e+07
5.833637e+07
5.833636e+07
5.833635e+07
5.833635e+07
5.833634e+07
5.833633e+07
5.833633e+07
5.833632e+07
5.833631e+07
5.833630e+07
5.833630e+07
5.833629e+07
5.833628e+07
5.833627e+07
5.833627e+07
5.833626e+07
5.833625e+07
5.833624e+07
5.833623e+07
5.833623e+07
5.833622e+07
5.833621e+07
5.833620e+07
5.833619e+07
5.833619e+07
5.833618e+07
5.833617e+07
5.833616e+07
5.833615e+07
5.833614e+07
5.833614e+07
5.833613e+07
5.833612e+07
5.833611e+07
5.833610e+07
5.833609e+07
5.833609e+07
5.833608e+07
5.833607e+07
5.833606e+07
5.833605e+07
5.833604e+07
5.833603e+07
5.833602e+07
5.833601e+07
5.833600e+07
5.833600e+07
5.833599e+07
5.833598e+07
5.833597e+07
5.833596e+07
5.833595e+07
5.833594e+07
5.833593e+07
5.833592e+07
5.833591e+07
5.833590e+07
5.833589e+07
5.833588e+07
5.833587e+07
5.833586e+07
5.833585e+07
5.833584e+07
5.833583e+07
5.833582e+07
5.833581e+07
5.833580e+07
5.833579e+07
5.833578e+07
5.833577e+07
5.833576e+07
5.833574e+07
5.833573e+07
5.833572e+07
5.833571e+07
5.833570e+07
5.833569e+07
5.833568e+07
5.833567e+07
5.833566e+07
5.833564e+07
5.833563e+07
5.833562e+07
5.833561e+07
5.833560e+07
5.833559e+07
5.833557e+07
5.833556e+07
5.833555e+07
5.833554e+07
5.833553e+07
5.833551e+07
5.833550e+07
5.833549e+07
5.833548e+07
5.833546e+07
5.833545e+07
5.833544e+07
5.833543e+07
5.833541e+07
5.833540e+07
5.833539e+07
5.833537e+07
5.833536e+07
5.833535e+07
5.833533e+07
5.833532e+07
5.833531e+07
5.833529e+07
5.833528e+07
5.833526e+07
5.833525e+07
5.833524e+07
5.833522e+07
5.833521e+07
5.833519e+07
5.833518e+07
5.833517e+07
5.833515e+07
5.833514e+07
5.833512e+07
5.833511e+07
5.833509e+07
5.833508e+07
5.833506e+07
5.833505e+07
5.833503e+07
5.833502e+07
5.833500e+07
5.833498e+07
5.833497e+07
5.833495e+07
5.833494e+07
5.833492e+07
5.833490e+07
5.833489e+07
5.833487e+07
5.833486e+07
5.833484e+07
5.833482e+07
5.833481e+07
5.833479e+07
5.833477e+07
5.833476e+07
5.833474e+07
5.833472e+07
5.833470e+07
5.833469e+07
5.833467e+07
5.833465e+07
5.833463e+07
5.833461e+07
5.833460e+07
5.833458e+07
5.833456e+07
5.833454e+07
5.833452e+07
5.833450e+07
5.833449e+07
5.833447e+07
5.833445e+07
5.833443e+07
5.833441e+07
5.833439e+07
5.833437e+07
5.833435e+07
5.833433e+07
5.833431e+07
5.833429e+07
5.833427e+07
5.833425e+07
5.833423e+07
5.833421e+07
5.833419e+07
5.833417e+07
5.833415e+07
5.833412e+07
5.833410e+07
5.833408e+07
5.833406e+07
5.833404e+07
5.833402e+07
5.833399e+07
5.833397e+07
5.833395e+07
5.833393e+07
5.833390e+07
5.833388e+07
5.833386e+07
5.833383e+07
5.833381e+07
5.833379e+07
5.833376e+07
5.833374e+07
5.833372e+07
5.833369e+07
5.833367e+07
5.833364e+07
5.833362e+07
5.833359e+07
5.833357e+07
5.833354e+07
5.833352e+07
5.833349e+07
5.833346e+07
5.833344e+07
5.833341e+07
5.833338e+07
5.833336e+07
5.833333e+07
5.833330e+07
5.833327e+07
5.833325e+07
5.833322e+07
5.833319e+07
5.833316e+07
5.833313e+07
5.833310e+07
5.833307e+07
5.833304e+07
5.833301e+07
5.833298e+07
5.833295e+07
5.833292e+07
5.833289e+07
5.833286e+07
5.833283e+07
5.833280e+07
5.833277e+07
5.833273e+07
5.833270e+07
5.833267e+07
5.833263e+07
5.833260e+07
5.833257e+07
5.833253e+07
5.833250e+07
5.833246e+07
5.833243e+07
5.833239e+07
5.833235e+07
5.833232e+07
5.833228e+07
5.833224e+07
5.833220e+07
5.833217e+07
5.833213e+07
5.833209e+07
5.833205e+07
5.833201e+07
5.833197e+07
5.833192e+07
5.833188e+07
5.833184e+07
5.833180e+07
5.833175e+07
5.833171e+07
5.833167e+07
5.833162e+07
5.833158e+07
5.833153e+07
5.833148e+07
5.833143e+07
5.833139e+07
5.833134e+07
5.833129e+07
5.833124e+07
5.833119e+07
5.833113e+07
5.833108e+07
5.833103e+07
5.833097e+07
5.833092e+07
5.833086e+07
5.833081e+07
5.833075e+07
5.833069e+07
5.833063e+07
5.833057e+07
5.833051e+07
5.833045e+07
5.833038e+07
5.833032e+07
5.833025e+07
5.833019e+07
5.833012e+07
5.833005e+07
5.832998e+07
5.832991e+07
5.832983e+07
5.832976e+07
5.832968e+07
5.832961e+07
5.832953e+07
5.832945e+07
5.832937e+07
5.832928e+07
5.832920e+07
5.832911e+07
5.832903e+07
5.832894e+07
5.832884e+07
5.832875e+07
5.832866e+07
5.832856e+07
5.832846e+07
5.832836e+07
5.832825e+07
5.832815e+07
5.832804e+07
5.832793e+07
5.832782e+07
5.832770e+07
5.832758e+07
5.832746e+07
5.832734e+07
5.832721e+07
5.832709e+07
5.832695e+07
5.832682e+07
5.832668e+07
5.832654e+07
5.832640e+07
5.832625e+07
5.832610e+07
5.832594e+07
5.832579e+07
5.832562e+07
5.832546e+07
5.832529e+07
5.832511e+07
5.832493e+07
5.832475e+07
5.832456e+07
5.832437e+07
5.832418e+07
5.832397e+07
5.832377e+07
5.832355e+07
5.832334e+07
5.832311e+07
5.832288e+07
5.832265e+07
5.832241e+07
5.832216e+07
5.832191e+07
5.832165e+07
5.832138e+07
5.832110e+07
5.832082e+07
5.832053e+07
5.832024e+07
5.831993e+07
5.831962e+07
5.831930e+07
5.831897e+07
5.831863e+07
5.831828e+07
5.831792e+07
5.831755e+07
5.831717e+07
5.831679e+07
5.831639e+07
5.831598e+07
5.831555e+07
5.831512e+07
5.831467e+07
5.831422e+07
5.831374e+07
5.831326e+07
5.831276e+07
5.831225e+07
5.831172e+07
5.831118e+07
5.831062e+07
5.831005e+07
5.830946e+07
5.830885e+07
5.830823e+07
5.830759e+07
5.830693e+07
5.830625e+07
5.830555e+07
5.830483e+07
5.830409e+07
5.830332e+07
5.830254e+07
5.830173e+07
5.830090e+07
5.830005e+07
5.829917e+07
5.829826e+07
5.829733e+07
5.829637e+07
5.829538e+07
5.829436e+07
5.829331e+07
5.829223e+07
5.829112e+07
5.828998e+07
5.828880e+07
5.828759e+07
5.828634e+07
5.828505e+07
5.828373e+07
5.828236e+07
5.828096e+07
5.827951e+07
5.827802e+07
5.827648e+07
5.827490e+07
5.827327e+07
5.827159e+07
5.826986e+07
5.826808e+07
5.826625e+07
5.826436e+07
5.826241e+07
5.826041e+07
5.825834e+07
5.825621e+07
5.825402e+07
5.825176e+07
5.824943e+07
5.824703e+07
5.824456e+07
5.824201e+07
5.823939e+07
5.823669e+07
5.823390e+07
5.823103e+07
5.822807e+07
5.822502e+07
5.822188e+07
5.821864e+07
5.821530e+07
5.821186e+07
5.820832e+07
5.820467e+07
5.820090e+07
5.819702e+07
5.819302e+07
5.818890e+07
5.818465e+07
5.818028e+07
5.817576e+07
5.817111e+07
5.816632e+07
5.816138e+07
5.815629e+07
5.815104e+07
5.814563e+07
5.814005e+07
5.813430e+07
5.812837e+07
5.812226e+07
5.811597e+07
5.810948e+07
5.810278e+07
5.809589e+07
5.808877e+07
5.808144e+07
5.807389e+07
5.806610e+07
5.805806e+07
5.804978e+07
5.804125e+07
5.803245e+07
5.802337e+07
5.801402e+07
5.800437e+07
5.799443e+07
5.798418e+07
5.797361e+07
5.796271e+07
5.795148e+07
5.793989e+07
5.792795e+07
5.791563e+07
5.790294e+07
5.788984e+07
5.787634e+07
5.786242e+07
5.784807e+07
5.783327e+07
5.781801e+07
5.780227e+07
5.778604e+07
5.776931e+07
5.775205e+07
5.773426e+07
5.771591e+07
5.769698e+07
5.767747e+07
5.765734e+07
5.763659e+07
5.761519e+07
5.759311e+07
5.757035e+07
5.754687e+07
5.752266e+07
5.749768e+07
5.747193e+07
5.744536e+07
5.741796e+07
5.738970e+07
5.736055e+07
5.733049e+07
5.729947e+07
5.726748e+07
5.723449e+07
5.720045e+07
5.716534e+07
5.712912e+07
5.709175e+07
5.705321e+07
5.701344e+07
5.697242e+07
5.693009e+07
5.688643e+07
5.684137e+07
5.679489e+07
5.674693e+07
5.669745e+07
5.664639e+07
5.659370e+07
5.653934e+07
5.648323e+07
5.642534e+07
5.636559e+07
5.630393e+07
5.624029e+07
5.617462e+07
5.610683e+07
5.603686e+07
5.596464e+07
5.589009e+07
5.581313e+07
5.573368e+07
5.565167e+07
5.556699e+07
5.547957e+07
5.538930e+07
5.529609e+07
5.519984e+07
5.510044e+07
5.499779e+07
5.489178e+07
5.478228e+07
5.466917e+07
5.455234e+07
5.443164e+07
5.430694e+07
5.417810e+07
5.404497e+07
5.390739e+07
5.376522e+07
5.361827e+07
5.346638e+07
5.330937e+07
5.314704e+07
5.297920e+07
5.280565e+07
5.262617e+07
5.244053e+07
5.224850e+07
5.204984e+07
5.184429e+07
5.163158e+07
5.141143e+07
5.118354e+07
5.094761e+07
5.070330e+07
5.045029e+07
5.018820e+07
4.991665e+07
4.963526e+07
4.934359e+07
4.904121e+07
4.872764e+07
4.840238e+07
4.806491e+07
4.771467e+07
4.735106e+07
4.697344e+07
4.658115e+07
4.617345e+07
4.574958e+07
4.530871e+07
4.484995e+07
4.437233e+07
4.387483e+07
4.335632e+07
4.281558e+07
4.225128e+07
4.166199e+07
4.104609e+07
4.040186e+07
3.972734e+07
3.902037e+07
3.827857e+07
3.749920e+07
3.667922e+07
3.581512e+07
3.490290e+07
3.393789e+07
3.291463e+07
3.182664e+07
3.066613e+07
2.942354e+07
2.808699e+07
2.664127e+07
2.506643e+07
2.333531e+07
2.140924e+07
1.922983e+07
1.670179e+07
1.365281e+07
9.727898e+06
0.000000e+00
0.000000e+00
0.000000e+00
0.000000e+00
0.000000e+00
0.000000e+00
0.000000e+00
0.000000e+00
0.000000e+00
0.000000e+00
0.000000e+00
0.000000e+00
0.000000e+00
0.000000e+00
0.000000e+00
0.000000e+00
0.000000e+00
0.000000e+00
0.000000e+00
0.000000e+00
0.000000e+00
0.000000e+00
0.000000e+00
0.000000e+00
0.000000e+00
0.000000e+00
0.000000e+00
0.000000e+00
0.000000e+00
0.000000e+00
0.000000e+00
0.000000e+00
0.000000e+00
0.000000e+00
0.000000e+00
0.000000e+00
0.000000e+00
0.000000e+00
0.000000e+00
0.000000e+00
0.000000e+00
0.000000e+00
0.000000e+00
0.000000e+00
0.000000e+00
0.000000e+00
0.000000e+00
0.000000e+00
0.000000e+00
0.000000e+00
0.000000e+00
0.000000e+00
0.000000e+00
0.000000e+00
0.000000e+00
0.000000e+00
0.000000e+00
0.000000e+00
0.000000e+00
0.000000e+00
0.000000e+00
0.000000e+00
0.000000e+00
0.000000e+00
0.000000e+00
0.000000e+00
0.000000e+00
0.000000e+00
0.000000e+00
0.000000e+00
0.000000e+00
0.000000e+00
0.000000e+00
0.000000e+00
0.000000e+00
0.000000e+00
0.000000e+00
0.000000e+00
0.000000e+00
0.000000e+00
0.000000e+00
0.000000e+00
0.000000e+00
0.000000e+00
0.000000e+00
0.000000e+00
0.000000e+00
0.000000e+00
0.000000e+00
0.000000e+00
0.000000e+00
0.000000e+00
0.000000e+00
0.000000e+00
0.000000e+00
0.000000e+00
0.000000e+00
0.000000e+00
0.000000e+00
0.000000e+00
0.000000e+00
0.000000e+00
0.000000e+00
0.000000e+00
0.000000e+00
0.000000e+00
0.000000e+00
0.000000e+00
0.000000e+00
0.000000e+00
0.000000e+00
0.000000e+00
0.000000e+00
0.000000e+00
0.000000e+00
0.000000e+00
0.000000e+00
0.000000e+00
0.000000e+00
0.000000e+00
0.000000e+00
0.000000e+00
0.000000e+00
0.000000e+00
0.000000e+00
0.000000e+00
0.000000e+00
0.000000e+00
0.000000e+00
0.000000e+00
0.000000e+00
0.000000e+00
0.000000e+00
0.000000e+00
0.000000e+00
0.000000e+00
0.000000e+00
0.000000e+00
0.000000e+00
0.000000e+00
0.000000e+00
0.000000e+00
0.000000e+00
0.000000e+00
0.000000e+00
0.000000e+00
0.000000e+00
0.000000e+00
0.000000e+00
0.000000e+00
0.000000e+00
0.000000e+00
0.000000e+00
0.000000e+00
0.000000e+00
0.000000e+00
0.000000e+00
0.000000e+00
0.000000e+00
0.000000e+00
0.000000e+00
0.000000e+00
0.000000e+00
0.000000e+00
0.000000e+00
0.000000e+00
0.000000e+00
0.000000e+00
0.000000e+00
0.000000e+00
0.000000e+00
0.000000e+00
0.000000e+00
0.000000e+00
0.000000e+00
0.000000e+00
0.000000e+00
0.000000e+00
0.000000e+00
0.000000e+00
0.000000e+00
0.000000e+00
0.000000e+00
0.000000e+00
0.000000e+00
0.000000e+00
0.000000e+00
0.000000e+00
0.000000e+00
0.000000e+00
0.000000e+00
0.000000e+00
0.000000e+00
0.000000e+00
0.000000e+00
0.000000e+00
0.000000e+00
0.000000e+00
0.000000e+00
0.000000e+00
0.000000e+00
0.000000e+00
0.000000e+00
0.000000e+00
0.000000e+00
0.000000e+00
0.000000e+00
0.000000e+00
0.000000e+00
0.000000e+00
0.000000e+00
0.000000e+00
0.000000e+00
0.000000e+00
0.000000e+00
0.000000e+00
0.000000e+00
0.000000e+00
0.000000e+00
0.000000e+00
0.000000e+00
0.000000e+00
0.000000e+00
0.000000e+00
0.000000e+00
0.000000e+00
0.000000e+00
0.000000e+00
0.000000e+00
0.000000e+00
0.000000e+00
0.000000e+00
0.000000e+00
0.000000e+00
0.000000e+00
0.000000e+00
0.000000e+00
0.000000e+00
0.000000e+00
0.000000e+00
0.000000e+00
0.000000e+00
0.000000e+00
0.000000e+00
0.000000e+00
0.000000e+00
0.000000e+00
0.000000e+00
0.000000e+00
0.000000e+00
0.000000e+00
0.000000e+00
0.000000e+00
0.000000e+00
0.000000e+00
0.000000e+00
0.000000e+00
0.000000e+00
0.000000e+00
0.000000e+00
0.000000e+00
0.000000e+00
0.000000e+00
0.000000e+00
0.000000e+00
0.000000e+00
0.000000e+00
0.000000e+00
0.000000e+00
0.000000e+00
0.000000e+00
0.000000e+00
0.000000e+00
0.000000e+00
0.000000e+00
0.000000e+00
0.000000e+00
0.000000e+00
0.000000e+00
0.000000e+00
0.000000e+00
0.000000e+00
0.000000e+00
0.000000e+00
0.000000e+00
0.000000e+00
0.000000e+00
0.000000e+00
0.000000e+00
0.000000e+00
0.000000e+00
0.000000e+00
0.000000e+00
0.000000e+00
0.000000e+00
0.000000e+00
0.000000e+00
0.000000e+00
0.000000e+00
0.000000e+00
0.000000e+00
0.000000e+00
0.000000e+00
0.000000e+00
0.000000e+00
0.000000e+00
0.000000e+00
0.000000e+00
0.000000e+00
0.000000e+00
0.000000e+00
0.000000e+00
0.000000e+00
0.000000e+00
0.000000e+00
0.000000e+00
0.000000e+00
0.000000e+00
0.000000e+00
0.000000e+00
0.000000e+00
0.000000e+00
0.000000e+00
0.000000e+00
0.000000e+00
0.000000e+00
0.000000e+00
0.000000e+00
0.000000e+00
0.000000e+00
0.000000e+00
0.000000e+00
0.000000e+00
0.000000e+00
0.000000e+00
0.000000e+00
0.000000e+00
0.000000e+00
0.000000e+00
0.000000e+00
0.000000e+00
0.000000e+00
0.000000e+00
0.000000e+00
0.000000e+00
0.000000e+00
0.000000e+00
0.000000e+00
0.000000e+00
0.000000e+00
0.000000e+00
0.000000e+00
0.000000e+00
0.000000e+00
0.000000e+00
0.000000e+00
0.000000e+00
0.000000e+00
0.000000e+00
0.000000e+00
0.000000e+00
0.000000e+00
0.000000e+00
0.000000e+00
0.000000e+00
0.000000e+00
0.000000e+00
0.000000e+00
0.000000e+00
0.000000e+00
0.000000e+00
0.000000e+00
0.000000e+00
0.000000e+00
0.000000e+00
0.000000e+00
0.000000e+00
0.000000e+00
0.000000e+00
0.000000e+00
0.000000e+00
0.000000e+00
0.000000e+00
0.000000e+00
0.000000e+00
0.000000e+00
0.000000e+00
0.000000e+00
0.000000e+00
0.000000e+00
0.000000e+00
0.000000e+00
0.000000e+00
0.000000e+00
0.000000e+00
0.000000e+00
0.000000e+00
0.000000e+00
0.000000e+00
0.000000e+00
0.000000e+00
0.000000e+00
0.000000e+00
0.000000e+00
0.000000e+00
0.000000e+00
0.000000e+00
0.000000e+00
0.000000e+00
0.000000e+00
0.000000e+00
0.000000e+00
0.000000e+00
0.000000e+00
0.000000e+00
0.000000e+00
0.000000e+00
0.000000e+00
0.000000e+00
0.000000e+00
0.000000e+00
0.000000e+00
0.000000e+00
0.000000e+00
0.000000e+00
0.000000e+00
0.000000e+00
0.000000e+00
0.000000e+00
0.000000e+00
0.000000e+00
0.000000e+00
0.000000e+00
0.000000e+00
0.000000e+00
0.000000e+00
0.000000e+00
0.000000e+00
0.000000e+00
0.000000e+00
0.000000e+00
0.000000e+00
0.000000e+00
0.000000e+00
0.000000e+00
0.000000e+00
0.000000e+00
0.000000e+00
0.000000e+00
0.000000e+00
0.000000e+00
0.000000e+00
0.000000e+00
0.000000e+00
0.000000e+00
0.000000e+00
0.000000e+00
0.000000e+00
0.000000e+00
0.000000e+00
0.000000e+00
0.000000e+00
0.000000e+00
0.000000e+00
0.000000e+00
0.000000e+00
0.000000e+00
0.000000e+00
0.000000e+00
0.000000e+00
0.000000e+00
0.000000e+00
0.000000e+00
0.000000e+00
0.000000e+00
0.000000e+00
0.000000e+00
0.000000e+00
0.000000e+00
0.000000e+00
0.000000e+00
0.000000e+00
0.000000e+00
0.000000e+00
0.000000e+00
0.000000e+00
0.000000e+00
0.000000e+00
0.000000e+00
0.000000e+00
0.000000e+00
0.000000e+00
0.000000e+00
0.000000e+00
0.000000e+00
0.000000e+00
0.000000e+00
0.000000e+00
0.000000e+00
0.000000e+00
0.000000e+00
0.000000e+00
0.000000e+00
0.000000e+00
0.000000e+00
0.000000e+00
0.000000e+00
0.000000e+00
0.000000e+00
0.000000e+00
0.000000e+00
0.000000e+00
0.000000e+00
0.000000e+00
0.000000e+00
0.000000e+00
0.000000e+00
0.000000e+00
0.000000e+00
0.000000e+00
0.000000e+00
0.000000e+00
0.000000e+00
0.000000e+00
0.000000e+00
0.000000e+00
0.000000e+00
0.000000e+00
0.000000e+00
0.000000e+00
0.000000e+00
0.000000e+00
0.000000e+00
0.000000e+00
0.000000e+00
0.000000e+00
0.000000e+00
0.000000e+00
0.000000e+00
0.000000e+00
0.000000e+00
0.000000e+00
0.000000e+00
0.000000e+00
0.000000e+00
0.000000e+00
0.000000e+00
0.000000e+00
0.000000e+00
0.000000e+00
0.000000e+00
0.000000e+00
0.000000e+00
0.000000e+00
0.000000e+00
0.000000e+00
0.000000e+00
0.000000e+00
0.000000e+00
0.000000e+00
0.000000e+00
0.000000e+00
0.000000e+00
0.000000e+00
0.000000e+00
0.000000e+00
0.000000e+00
0.000000e+00
0.000000e+00
0.000000e+00
0.000000e+00
0.000000e+00
0.000000e+00
0.000000e+00
0.000000e+00
0.000000e+00
0.000000e+00
0.000000e+00
0.000000e+00
0.000000e+00
0.000000e+00
0.000000e+00
0.000000e+00
0.000000e+00
0.000000e+00
0.000000e+00
0.000000e+00
0.000000e+00
0.000000e+00
0.000000e+00
0.000000e+00
0.000000e+00
0.000000e+00
0.000000e+00
0.000000e+00
0.000000e+00
0.000000e+00
0.000000e+00
0.000000e+00
0.000000e+00
0.000000e+00
0.000000e+00
0.000000e+00
0.000000e+00
0.000000e+00
0.000000e+00
0.000000e+00
0.000000e+00
0.000000e+00
0.000000e+00
0.000000e+00
0.000000e+00
0.000000e+00
0.000000e+00
0.000000e+00
0.000000e+00
0.000000e+00
0.000000e+00
0.000000e+00
0.000000e+00
0.000000e+00
0.000000e+00
0.000000e+00
0.000000e+00
0.000000e+00
0.000000e+00
0.000000e+00
0.000000e+00
0.000000e+00
0.000000e+00
0.000000e+00
0.000000e+00
0.000000e+00
0.000000e+00
0.000000e+00
0.000000e+00
0.000000e+00
0.000000e+00
0.000000e+00
0.000000e+00
0.000000e+00
0.000000e+00
0.000000e+00
0.000000e+00
0.000000e+00
0.000000e+00
0.000000e+00
0.000000e+00
0.000000e+00
0.000000e+00
0.000000e+00
0.000000e+00
0.000000e+00
0.000000e+00
0.000000e+00
0.000000e+00
0.000000e+00
0.000000e+00
0.000000e+00
0.000000e+00
0.000000e+00
0.000000e+00
0.000000e+00
0.000000e+00
0.000000e+00
0.000000e+00
0.000000e+00
0.000000e+00
0.000000e+00
0.000000e+00
0.000000e+00
0.000000e+00
0.000000e+00
0.000000e+00
0.000000e+00
0.000000e+00
0.000000e+00
0.000000e+00
0.000000e+00
0.000000e+00
0.000000e+00
0.000000e+00
0.000000e+00
0.000000e+00
0.000000e+00
0.000000e+00
0.000000e+00
0.000000e+00
0.000000e+00
0.000000e+00
0.000000e+00
0.000000e+00
0.000000e+00
0.000000e+00
0.000000e+00
0.000000e+00
0.000000e+00
0.000000e+00
0.000000e+00
0.000000e+00
0.000000e+00
0.000000e+00
0.000000e+00
0.000000e+00
0.000000e+00
0.000000e+00
0.000000e+00
0.000000e+00
0.000000e+00
0.000000e+00
0.000000e+00
0.000000e+00
0.000000e+00
0.000000e+00
0.000000e+00
0.000000e+00
0.000000e+00
0.000000e+00
0.000000e+00
0.000000e+00
0.000000e+00
0.000000e+00
0.000000e+00
0.000000e+00
0.000000e+00
0.000000e+00
0.000000e+00
0.000000e+00
0.000000e+00
0.000000e+00
0.000000e+00
0.000000e+00
0.000000e+00
0.000000e+00
0.000000e+00
0.000000e+00
0.000000e+00
0.000000e+00
0.000000e+00
0.000000e+00
0.000000e+00
0.000000e+00
0.000000e+00
0.000000e+00
0.000000e+00
0.000000e+00
0.000000e+00
0.000000e+00
0.000000e+00
0.000000e+00
0.000000e+00
0.000000e+00
0.000000e+00
0.000000e+00
0.000000e+00
0.000000e+00
0.000000e+00
0.000000e+00
0.000000e+00
0.000000e+00
0.000000e+00
0.000000e+00
0.000000e+00
0.000000e+00
0.000000e+00
0.000000e+00
0.000000e+00
0.000000e+00
0.000000e+00
0.000000e+00
0.000000e+00
0.000000e+00
0.000000e+00
0.000000e+00
0.000000e+00
0.000000e+00
0.000000e+00
0.000000e+00
0.000000e+00
0.000000e+00
0.000000e+00
0.000000e+00
0.000000e+00
0.000000e+00
0.000000e+00
0.000000e+00
0.000000e+00
0.000000e+00
0.000000e+00
0.000000e+00
0.000000e+00
0.000000e+00
0.000000e+00
0.000000e+00
0.000000e+00
0.000000e+00
0.000000e+00
0.000000e+00
0.000000e+00
0.000000e+00
0.000000e+00
0.000000e+00
0.000000e+00
0.000000e+00
0.000000e+00
0.000000e+00
0.000000e+00
0.000000e+00
0.000000e+00
0.000000e+00
0.000000e+00
0.000000e+00
0.000000e+00
0.000000e+00
0.000000e+00
0.000000e+00
0.000000e+00
0.000000e+00
0.000000e+00
0.000000e+00
0.000000e+00
0.000000e+00
0.000000e+00
0.000000e+00
0.000000e+00
0.000000e+00
0.000000e+00
0.000000e+00
0.000000e+00
0.000000e+00
0.000000e+00
0.000000e+00
0.000000e+00
0.000000e+00
0.000000e+00
0.000000e+00
0.000000e+00
0.000000e+00
0.000000e+00
0.000000e+00
0.000000e+00
0.000000e+00
0.000000e+00
0.000000e+00
0.000000e+00
0.000000e+00
0.000000e+00
0.000000e+00
0.000000e+00
0.000000e+00
0.000000e+00
0.000000e+00
0.000000e+00
0.000000e+00
0.000000e+00
0.000000e+00
0.000000e+00
0.000000e+00
0.000000e+00
0.000000e+00
0.000000e+00
0.000000e+00
0.000000e+00
0.000000e+00
0.000000e+00
0.000000e+00
0.000000e+00
0.000000e+00
0.000000e+00
0.000000e+00
0.000000e+00
0.000000e+00
0.000000e+00
0.000000e+00
0.000000e+00
0.000000e+00
0.000000e+00
0.000000e+00
0.000000e+00
0.000000e+00
0.000000e+00
0.000000e+00
0.000000e+00
0.000000e+00
0.000000e+00
0.000000e+00
0.000000e+00
0.000000e+00
0.000000e+00
0.000000e+00
0.000000e+00
0.000000e+00
0.000000e+00
0.000000e+00
0.000000e+00
0.000000e+00
0.000000e+00
0.000000e+00
0.000000e+00
0.000000e+00
0.000000e+00
0.000000e+00
0.000000e+00
0.000000e+00
0.000000e+00
0.000000e+00
0.000000e+00
0.000000e+00
0.000000e+00
0.000000e+00
0.000000e+00
0.000000e+00
0.000000e+00
0.000000e+00
0.000000e+00
0.000000e+00
0.000000e+00
0.000000e+00
0.000000e+00
0.000000e+00
0.000000e+00
0.000000e+00
0.000000e+00
0.000000e+00
0.000000e+00
0.000000e+00
0.000000e+00
0.000000e+00
0.000000e+00
0.000000e+00
0.000000e+00
0.000000e+00
0.000000e+00
0.000000e+00
0.000000e+00
0.000000e+00
0.000000e+00
0.000000e+00
0.000000e+00
0.000000e+00
0.000000e+00
0.000000e+00
0.000000e+00
0.000000e+00
0.000000e+00
0.000000e+00
0.000000e+00
0.000000e+00
0.000000e+00
0.000000e+00
0.000000e+00
0.000000e+00
0.000000e+00
0.000000e+00
0.000000e+00
0.000000e+00
0.000000e+00
0.000000e+00
0.000000e+00
0.000000e+00
0.000000e+00
0.000000e+00
0.000000e+00
0.000000e+00
0.000000e+00
0.000000e+00
0.000000e+00
0.000000e+00
0.000000e+00
0.000000e+00
0.000000e+00
0.000000e+00
0.000000e+00
0.000000e+00
0.000000e+00
0.000000e+00
0.000000e+00
0.000000e+00
0.000000e+00
0.000000e+00
0.000000e+00
0.000000e+00
0.000000e+00
0.000000e+00
0.000000e+00
0.000000e+00
0.000000e+00
0.000000e+00
0.000000e+00
0.000000e+00
0.000000e+00
0.000000e+00
0.000000e+00
0.000000e+00
0.000000e+00
0.000000e+00
0.000000e+00
0.000000e+00
0.000000e+00
0.000000e+00
0.000000e+00
0.000000e+00
0.000000e+00
0.000000e+00
0.000000e+00
0.000000e+00
0.000000e+00
0.000000e+00
0.000000e+00
0.000000e+00
0.000000e+00
0.000000e+00
0.000000e+00
0.000000e+00
0.000000e+00
0.000000e+00
0.000000e+00
0.000000e+00
0.000000e+00
0.000000e+00
0.000000e+00
0.000000e+00
0.000000e+00
0.000000e+00
0.000000e+00
0.000000e+00
0.000000e+00
0.000000e+00
0.000000e+00
0.000000e+00
0.000000e+00
0.000000e+00
0.000000e+00
0.000000e+00
0.000000e+00
0.000000e+00
0.000000e+00
0.000000e+00
0.000000e+00
0.000000e+00
0.000000e+00
0.000000e+00
0.000000e+00
0.000000e+00
0.000000e+00
0.000000e+00
0.000000e+00
0.000000e+00
0.000000e+00
0.000000e+00
0.000000e+00
0.000000e+00
0.000000e+00
0.000000e+00
0.000000e+00
0.000000e+00
0.000000e+00
0.000000e+00
0.000000e+00
0.000000e+00
0.000000e+00
0.000000e+00
0.000000e+00
0.000000e+00
0.000000e+00
0.000000e+00
0.000000e+00
0.000000e+00
0.000000e+00
0.000000e+00
0.000000e+00
0.000000e+00
0.000000e+00
0.000000e+00
0.000000e+00
0.000000e+00
0.000000e+00
0.000000e+00
0.000000e+00
0.000000e+00
0.000000e+00
0.000000e+00
0.000000e+00
0.000000e+00
0.000000e+00
0.000000e+00
0.000000e+00
0.000000e+00
0.000000e+00
0.000000e+00
0.000000e+00
0.000000e+00
0.000000e+00
0.000000e+00
0.000000e+00
0.000000e+00
0.000000e+00
