5.798081e+07
5.798005e+07
5.797989e+07
5.797980e+07
5.797973e+07
5.797968e+07
5.797964e+07
5.797961e+07
5.797958e+07
5.797955e+07
5.797953e+07
5.797951e+07
5.797949e+07
5.797947e+07
5.797946e+07
5.797944e+07
5.797943e+07
5.797941e+07
5.797940e+07
5.797939e+07
5.797937e+07
5.797936e+07
5.797935e+07
5.797934e+07
5.797933e+07
5.797932e+07
5.797931e+07
5.797930e+07
5.797929e+07
5.797928e+07
5.797928e+07
5.797927e+07
5.797926e+07
5.797925e+07
5.797924e+07
5.797923e+07
5.797923e+07
5.797922e+07
5.797921e+07
5.797920e+07
5.797920e+07
5.797919e+07
5.797918e+07
5.797917e+07
5.797917e+07
5.797916e+07
5.797915e+07
5.797915e+07
5.797914e+07
5.797913e+07
5.797913e+07
5.797912e+07
5.797911e+07
5.797910e+07
5.797910e+07
5.797909e+07
5.797908e+07
5.797908e+07
5.797907e+07
5.797906e+07
5.797906e+07
5.797905e+07
5.797904e+07
5.797904e+07
5.797903e+07
5.797902e+07
5.797902e+07
5.797901e+07
5.797900e+07
5.797900e+07
5.797899e+07
5.797898e+07
5.797898e+07
5.797897e+07
5.797896e+07
5.797896e+07
5.797895e+07
5.797894e+07
5.797894e+07
5.797893e+07
5.797892e+07
5.797892e+07
5.797891e+07
5.797890e+07
5.797889e+07
5.797889e+07
5.797888e+07
5.797887e+07
5.797887e+07
5.797886e+07
5.797885e+07
5.797884e+07
5.797884e+07
5.797883e+07
5.797882e+07
5.797881e+07
5.797881e+07
5.797880e+07
5.797879e+07
5.797878e+07
5.797878e+07
5.797877e+07
5.797876e+07
5.797875e+07
5.797875e+07
5.797874e+07
5.797873e+07
5.797872e+07
5.797871e+07
5.797871e+07
5.797870e+07
5.797869e+07
5.797868e+07
5.797867e+07
5.797867e+07
5.797866e+07
5.797865e+07
5.797864e+07
5.797863e+07
5.797862e+07
5.797862e+07
5.797861e+07
5.797860e+07
5.797859e+07
5.797858e+07
5.797857e+07
5.797856e+07
5.797856e+07
5.797855e+07
5.797854e+07
5.797853e+07
5.797852e+07
5.797851e+07
5.797850e+07
5.797849e+07
5.797848e+07
5.797847e+07
5.797846e+07
5.797845e+07
5.797844e+07
5.797844e+07
5.797843e+07
5.797842e+07
5.797841e+07
5.797840e+07
5.797839e+07
5.797838e+07
5.797837e+07
5.797836e+07
5.797835e+07
5.797834e+07
5.797833e+07
5.797832e+07
5.797831e+07
5.797829e+07
5.797828e+07
5.797827e+07
5.797826e+07
5.797825e+07
5.797824e+07
5.797823e+07
5.797822e+07
5.797821e+07
5.797820e+07
5.797819e+07
5.797817e+07
5.797816e+07
5.797815e+07
5.797814e+07
5.797813e+07
5.797812e+07
5.797811e+07
5.797809e+07
5.797808e+07
5.797807e+07
5.797806e+07
5.797805e+07
5.797803e+07
5.797802e+07
5.797801e+07
5.797800e+07
5.797799e+07
5.797797e+07
5.797796e+07
5.797795e+07
5.797793e+07
5.797792e+07
5.797791e+07
5.797790e+07
5.797788e+07
5.797787e+07
5.797786e+07
5.797784e+07
5.797783e+07
5.797782e+07
5.797780e+07
5.797779e+07
5.797778e+07
5.797776e+07
5.797775e+07
5.797773e+07
5.797772e+07
5.797771e+07
5.797769e+07
5.797768e+07
5.797766e+07
5.797765e+07
5.797763e+07
5.797762e+07
5.797760e+07
5.797759e+07
5.797757e+07
5.797756e+07
5.797754e+07
5.797753e+07
5.797751e+07
5.797750e+07
5.797748e+07
5.797747e+07
5.797745e+07
5.797743e+07
5.797742e+07
5.797740e+07
5.797739e+07
5.797737e+07
5.797735e+07
5.797734e+07
5.797732e+07
5.797730e+07
5.797729e+07
5.797727e+07
5.797725e+07
5.797723e+07
5.797722e+07
5.797720e+07
5.797718e+07
5.797717e+07
5.797715e+07
5.797713e+07
5.797711e+07
5.797709e+07
5.797708e+07
5.797706e+07
5.797704e+07
5.797702e+07
5.797700e+07
5.797698e+07
5.797696e+07
5.797694e+07
5.797693e+07
5.797691e+07
5.797689e+07
5.797687e+07
5.797685e+07
5.797683e+07
5.797681e+07
5.797679e+07
5.797677e+07
5.797675e+07
5.797673e+07
5.797671e+07
5.797668e+07
5.797666e+07
5.797664e+07
5.797662e+07
5.797660e+07
5.797658e+07
5.797656e+07
5.797653e+07
5.797651e+07
5.797649e+07
5.797647e+07
5.797645e+07
5.797642e+07
5.797640e+07
5.797638e+07
5.797635e+07
5.797633e+07
5.797631e+07
5.797628e+07
5.797626e+07
5.797624e+07
5.797621e+07
5.797619e+07
5.797616e+07
5.797614e+07
5.797611e+07
5.797609e+07
5.797606e+07
5.797604e+07
5.797601e+07
5.797599e+07
5.797596e+07
5.797593e+07
5.797591e+07
5.797588e+07
5.797585e+07
5.797583e+07
5.797580e+07
5.797577e+07
5.797574e+07
5.797571e+07
5.797569e+07
5.797566e+07
5.797563e+07
5.797560e+07
5.797557e+07
5.797554e+07
5.797551e+07
5.797548e+07
5.797545e+07
5.797542e+07
5.797539e+07
5.797536e+07
5.797532e+07
5.797529e+07
5.797526e+07
5.797523e+07
5.797519e+07
5.797516e+07
5.797513e+07
5.797509e+07
5.797506e+07
5.797503e+07
5.797499e+07
5.797495e+07
5.797492e+07
5.797488e+07
5.797485e+07
5.797481e+07
5.797477e+07
5.797473e+07
5.797470e+07
5.797466e+07
5.797462e+07
5.797458e+07
5.797454e+07
5.797450e+07
5.797446e+07
5.797442e+07
5.797437e+07
5.797433e+07
5.797429e+07
5.797424e+07
5.797420e+07
5.797415e+07
5.797411e+07
5.797406e+07
5.797402e+07
5.797397e+07
5.797392e+07
5.797387e+07
5.797382e+07
5.797377e+07
5.797372e+07
5.797367e+07
5.797362e+07
5.797357e+07
5.797351e+07
5.797346e+07
5.797340e+07
5.797335e+07
5.797329e+07
5.797323e+07
5.797317e+07
5.797311e+07
5.797305e+07
5.797299e+07
5.797292e+07
5.797286e+07
5.797280e+07
5.797273e+07
5.797266e+07
5.797259e+07
5.797252e+07
5.797245e+07
5.797238e+07
5.797231e+07
5.797223e+07
5.797215e+07
5.797208e+07
5.797200e+07
5.797191e+07
5.797183e+07
5.797175e+07
5.797166e+07
5.797157e+07
5.797149e+07
5.797139e+07
5.797130e+07
5.797121e+07
5.797111e+07
5.797101e+07
5.797091e+07
5.797081e+07
5.797070e+07
5.797059e+07
5.797049e+07
5.797037e+07
5.797026e+07
5.797014e+07
5.797002e+07
5.796990e+07
5.796977e+07
5.796965e+07
5.796952e+07
5.796938e+07
5.796924e+07
5.796910e+07
5.796896e+07
5.796881e+07
5.796866e+07
5.796851e+07
5.796835e+07
5.796819e+07
5.796803e+07
5.796786e+07
5.796768e+07
5.796751e+07
5.796733e+07
5.796714e+07
5.796695e+07
5.796675e+07
5.796655e+07
5.796635e+07
5.796613e+07
5.796592e+07
5.796570e+07
5.796547e+07
5.796523e+07
5.796499e+07
5.796475e+07
5.796450e+07
5.796424e+07
5.796397e+07
5.796370e+07
5.796342e+07
5.796313e+07
5.796283e+07
5.796253e+07
5.796222e+07
5.796190e+07
5.796157e+07
5.796123e+07
5.796089e+07
5.796053e+07
5.796016e+07
5.795979e+07
5.795940e+07
5.795900e+07
5.795860e+07
5.795818e+07
5.795774e+07
5.795730e+07
5.795684e+07
5.795638e+07
5.795589e+07
5.795540e+07
5.795489e+07
5.795436e+07
5.795382e+07
5.795327e+07
5.795270e+07
5.795211e+07
5.795151e+07
5.795089e+07
5.795025e+07
5.794959e+07
5.794892e+07
5.794822e+07
5.794750e+07
5.794677e+07
5.794601e+07
5.794523e+07
5.794442e+07
5.794360e+07
5.794275e+07
5.794187e+07
5.794097e+07
5.794004e+07
5.793908e+07
5.793810e+07
5.793709e+07
5.793605e+07
5.793497e+07
5.793387e+07
5.793273e+07
5.793156e+07
5.793035e+07
5.792911e+07
5.792783e+07
5.792651e+07
5.792515e+07
5.792375e+07
5.792231e+07
5.792083e+07
5.791930e+07
5.791773e+07
5.791610e+07
5.791443e+07
5.791271e+07
5.791094e+07
5.790912e+07
5.790724e+07
5.790530e+07
5.790330e+07
5.790125e+07
5.789913e+07
5.789695e+07
5.789470e+07
5.789238e+07
5.788999e+07
5.788753e+07
5.788500e+07
5.788239e+07
5.787970e+07
5.787692e+07
5.787406e+07
5.787112e+07
5.786809e+07
5.786496e+07
5.786174e+07
5.785842e+07
5.785499e+07
5.785147e+07
5.784783e+07
5.784408e+07
5.784022e+07
5.783624e+07
5.783214e+07
5.782791e+07
5.782356e+07
5.781907e+07
5.781444e+07
5.780967e+07
5.780475e+07
5.779968e+07
5.779446e+07
5.778907e+07
5.778352e+07
5.777780e+07
5.777190e+07
5.776582e+07
5.775955e+07
5.775309e+07
5.774643e+07
5.773957e+07
5.773249e+07
5.772519e+07
5.771767e+07
5.770992e+07
5.770192e+07
5.769368e+07
5.768519e+07
5.767643e+07
5.766740e+07
5.765809e+07
5.764849e+07
5.763859e+07
5.762839e+07
5.761787e+07
5.760702e+07
5.759584e+07
5.758431e+07
5.757242e+07
5.756016e+07
5.754752e+07
5.753449e+07
5.752106e+07
5.750720e+07
5.749291e+07
5.747818e+07
5.746299e+07
5.744733e+07
5.743118e+07
5.741452e+07
5.739735e+07
5.737963e+07
5.736137e+07
5.734253e+07
5.732311e+07
5.730308e+07
5.728242e+07
5.726112e+07
5.723915e+07
5.721649e+07
5.719312e+07
5.716902e+07
5.714416e+07
5.711853e+07
5.709208e+07
5.706481e+07
5.703668e+07
5.700767e+07
5.697774e+07
5.694687e+07
5.691503e+07
5.688219e+07
5.684831e+07
5.681336e+07
5.677731e+07
5.674012e+07
5.670175e+07
5.666217e+07
5.662134e+07
5.657921e+07
5.653575e+07
5.649091e+07
5.644464e+07
5.639690e+07
5.634765e+07
5.629683e+07
5.624439e+07
5.619027e+07
5.613443e+07
5.607681e+07
5.601734e+07
5.595597e+07
5.589263e+07
5.582726e+07
5.575979e+07
5.569015e+07
5.561826e+07
5.554406e+07
5.546747e+07
5.538840e+07
5.530677e+07
5.522249e+07
5.513548e+07
5.504563e+07
5.495286e+07
5.485707e+07
5.475815e+07
5.465598e+07
5.455047e+07
5.444149e+07
5.432893e+07
5.421265e+07
5.409252e+07
5.396842e+07
5.384020e+07
5.370771e+07
5.357079e+07
5.342930e+07
5.328307e+07
5.313191e+07
5.297566e+07
5.281412e+07
5.264710e+07
5.247440e+07
5.229579e+07
5.211106e+07
5.191998e+07
5.172230e+07
5.151777e+07
5.130611e+07
5.108706e+07
5.086031e+07
5.062556e+07
5.038248e+07
5.013074e+07
4.986997e+07
4.959981e+07
4.931985e+07
4.902968e+07
4.872885e+07
4.841689e+07
4.809332e+07
4.775761e+07
4.740920e+07
4.704750e+07
4.667187e+07
4.628166e+07
4.587614e+07
4.545454e+07
4.501605e+07
4.455977e+07
4.408476e+07
4.358998e+07
4.307432e+07
4.253658e+07
4.197544e+07
4.138946e+07
4.077705e+07
4.013648e+07
3.946583e+07
3.876296e+07
3.802547e+07
3.725068e+07
3.643554e+07
3.557660e+07
3.466985e+07
3.371069e+07
3.269369e+07
3.161241e+07
3.045912e+07
2.922434e+07
2.789626e+07
2.645979e+07
2.489513e+07
2.317532e+07
2.126196e+07
1.909708e+07
1.658608e+07
1.355787e+07
9.659977e+06
0.000000e+00
0.000000e+00
0.000000e+00
0.000000e+00
0.000000e+00
0.000000e+00
0.000000e+00
0.000000e+00
0.000000e+00
0.000000e+00
0.000000e+00
0.000000e+00
0.000000e+00
0.000000e+00
0.000000e+00
0.000000e+00
0.000000e+00
0.000000e+00
0.000000e+00
0.000000e+00
0.000000e+00
0.000000e+00
0.000000e+00
0.000000e+00
0.000000e+00
0.000000e+00
0.000000e+00
0.000000e+00
0.000000e+00
0.000000e+00
0.000000e+00
0.000000e+00
0.000000e+00
0.000000e+00
0.000000e+00
0.000000e+00
0.000000e+00
0.000000e+00
0.000000e+00
0.000000e+00
0.000000e+00
0.000000e+00
0.000000e+00
0.000000e+00
0.000000e+00
0.000000e+00
0.000000e+00
0.000000e+00
0.000000e+00
0.000000e+00
0.000000e+00
0.000000e+00
0.000000e+00
0.000000e+00
0.000000e+00
0.000000e+00
0.000000e+00
0.000000e+00
0.000000e+00
0.000000e+00
0.000000e+00
0.000000e+00
0.000000e+00
0.000000e+00
0.000000e+00
0.000000e+00
0.000000e+00
0.000000e+00
0.000000e+00
0.000000e+00
0.000000e+00
0.000000e+00
0.000000e+00
0.000000e+00
0.000000e+00
0.000000e+00
0.000000e+00
0.000000e+00
0.000000e+00
0.000000e+00
0.000000e+00
0.000000e+00
0.000000e+00
0.000000e+00
0.000000e+00
0.000000e+00
0.000000e+00
0.000000e+00
0.000000e+00
0.000000e+00
0.000000e+00
0.000000e+00
0.000000e+00
0.000000e+00
0.000000e+00
0.000000e+00
0.000000e+00
0.000000e+00
0.000000e+00
0.000000e+00
0.000000e+00
0.000000e+00
0.000000e+00
0.000000e+00
0.000000e+00
0.000000e+00
0.000000e+00
0.000000e+00
0.000000e+00
0.000000e+00
0.000000e+00
0.000000e+00
0.000000e+00
0.000000e+00
0.000000e+00
0.000000e+00
0.000000e+00
0.000000e+00
0.000000e+00
0.000000e+00
0.000000e+00
0.000000e+00
0.000000e+00
0.000000e+00
0.000000e+00
0.000000e+00
0.000000e+00
0.000000e+00
0.000000e+00
0.000000e+00
0.000000e+00
0.000000e+00
0.000000e+00
0.000000e+00
0.000000e+00
0.000000e+00
0.000000e+00
0.000000e+00
0.000000e+00
0.000000e+00
0.000000e+00
0.000000e+00
0.000000e+00
0.000000e+00
0.000000e+00
0.000000e+00
0.000000e+00
0.000000e+00
0.000000e+00
0.000000e+00
0.000000e+00
0.000000e+00
0.000000e+00
0.000000e+00
0.000000e+00
0.000000e+00
0.000000e+00
0.000000e+00
0.000000e+00
0.000000e+00
0.000000e+00
0.000000e+00
0.000000e+00
0.000000e+00
0.000000e+00
0.000000e+00
0.000000e+00
0.000000e+00
0.000000e+00
0.000000e+00
0.000000e+00
0.000000e+00
0.000000e+00
0.000000e+00
0.000000e+00
0.000000e+00
0.000000e+00
0.000000e+00
0.000000e+00
0.000000e+00
0.000000e+00
0.000000e+00
0.000000e+00
0.000000e+00
0.000000e+00
0.000000e+00
0.000000e+00
0.000000e+00
0.000000e+00
0.000000e+00
0.000000e+00
0.000000e+00
0.000000e+00
0.000000e+00
0.000000e+00
0.000000e+00
0.000000e+00
0.000000e+00
0.000000e+00
0.000000e+00
0.000000e+00
0.000000e+00
0.000000e+00
0.000000e+00
0.000000e+00
0.000000e+00
0.000000e+00
0.000000e+00
0.000000e+00
0.000000e+00
0.000000e+00
0.000000e+00
0.000000e+00
0.000000e+00
0.000000e+00
0.000000e+00
0.000000e+00
0.000000e+00
0.000000e+00
0.000000e+00
0.000000e+00
0.000000e+00
0.000000e+00
0.000000e+00
0.000000e+00
0.000000e+00
0.000000e+00
0.000000e+00
0.000000e+00
0.000000e+00
0.000000e+00
0.000000e+00
0.000000e+00
0.000000e+00
0.000000e+00
0.000000e+00
0.000000e+00
0.000000e+00
0.000000e+00
0.000000e+00
0.000000e+00
0.000000e+00
0.000000e+00
0.000000e+00
0.000000e+00
0.000000e+00
0.000000e+00
0.000000e+00
0.000000e+00
0.000000e+00
0.000000e+00
0.000000e+00
0.000000e+00
0.000000e+00
0.000000e+00
0.000000e+00
0.000000e+00
0.000000e+00
0.000000e+00
0.000000e+00
0.000000e+00
0.000000e+00
0.000000e+00
0.000000e+00
0.000000e+00
0.000000e+00
0.000000e+00
0.000000e+00
0.000000e+00
0.000000e+00
0.000000e+00
0.000000e+00
0.000000e+00
0.000000e+00
0.000000e+00
0.000000e+00
0.000000e+00
0.000000e+00
0.000000e+00
0.000000e+00
0.000000e+00
0.000000e+00
0.000000e+00
0.000000e+00
0.000000e+00
0.000000e+00
0.000000e+00
0.000000e+00
0.000000e+00
0.000000e+00
0.000000e+00
0.000000e+00
0.000000e+00
0.000000e+00
0.000000e+00
0.000000e+00
0.000000e+00
0.000000e+00
0.000000e+00
0.000000e+00
0.000000e+00
0.000000e+00
0.000000e+00
0.000000e+00
0.000000e+00
0.000000e+00
0.000000e+00
0.000000e+00
0.000000e+00
0.000000e+00
0.000000e+00
0.000000e+00
0.000000e+00
0.000000e+00
0.000000e+00
0.000000e+00
0.000000e+00
0.000000e+00
0.000000e+00
0.000000e+00
0.000000e+00
0.000000e+00
0.000000e+00
0.000000e+00
0.000000e+00
0.000000e+00
0.000000e+00
0.000000e+00
0.000000e+00
0.000000e+00
0.000000e+00
0.000000e+00
0.000000e+00
0.000000e+00
0.000000e+00
0.000000e+00
0.000000e+00
0.000000e+00
0.000000e+00
0.000000e+00
0.000000e+00
0.000000e+00
0.000000e+00
0.000000e+00
0.000000e+00
0.000000e+00
0.000000e+00
0.000000e+00
0.000000e+00
0.000000e+00
0.000000e+00
0.000000e+00
0.000000e+00
0.000000e+00
0.000000e+00
0.000000e+00
0.000000e+00
0.000000e+00
0.000000e+00
0.000000e+00
0.000000e+00
0.000000e+00
0.000000e+00
0.000000e+00
0.000000e+00
0.000000e+00
0.000000e+00
0.000000e+00
0.000000e+00
0.000000e+00
0.000000e+00
0.000000e+00
0.000000e+00
0.000000e+00
0.000000e+00
0.000000e+00
0.000000e+00
0.000000e+00
0.000000e+00
0.000000e+00
0.000000e+00
0.000000e+00
0.000000e+00
0.000000e+00
0.000000e+00
0.000000e+00
0.000000e+00
0.000000e+00
0.000000e+00
0.000000e+00
0.000000e+00
0.000000e+00
0.000000e+00
0.000000e+00
0.000000e+00
0.000000e+00
0.000000e+00
0.000000e+00
0.000000e+00
0.000000e+00
0.000000e+00
0.000000e+00
0.000000e+00
0.000000e+00
0.000000e+00
0.000000e+00
0.000000e+00
0.000000e+00
0.000000e+00
0.000000e+00
0.000000e+00
0.000000e+00
0.000000e+00
0.000000e+00
0.000000e+00
0.000000e+00
0.000000e+00
0.000000e+00
0.000000e+00
0.000000e+00
0.000000e+00
0.000000e+00
0.000000e+00
0.000000e+00
0.000000e+00
0.000000e+00
0.000000e+00
0.000000e+00
0.000000e+00
0.000000e+00
0.000000e+00
0.000000e+00
0.000000e+00
0.000000e+00
0.000000e+00
0.000000e+00
0.000000e+00
0.000000e+00
0.000000e+00
0.000000e+00
0.000000e+00
0.000000e+00
0.000000e+00
0.000000e+00
0.000000e+00
0.000000e+00
0.000000e+00
0.000000e+00
0.000000e+00
0.000000e+00
0.000000e+00
0.000000e+00
0.000000e+00
0.000000e+00
0.000000e+00
0.000000e+00
0.000000e+00
0.000000e+00
0.000000e+00
0.000000e+00
0.000000e+00
0.000000e+00
0.000000e+00
0.000000e+00
0.000000e+00
0.000000e+00
0.000000e+00
0.000000e+00
0.000000e+00
0.000000e+00
0.000000e+00
0.000000e+00
0.000000e+00
0.000000e+00
0.000000e+00
0.000000e+00
0.000000e+00
0.000000e+00
0.000000e+00
0.000000e+00
0.000000e+00
0.000000e+00
0.000000e+00
0.000000e+00
0.000000e+00
0.000000e+00
0.000000e+00
0.000000e+00
0.000000e+00
0.000000e+00
0.000000e+00
0.000000e+00
0.000000e+00
0.000000e+00
0.000000e+00
0.000000e+00
0.000000e+00
0.000000e+00
0.000000e+00
0.000000e+00
0.000000e+00
0.000000e+00
0.000000e+00
0.000000e+00
0.000000e+00
0.000000e+00
0.000000e+00
0.000000e+00
0.000000e+00
0.000000e+00
0.000000e+00
0.000000e+00
0.000000e+00
0.000000e+00
0.000000e+00
0.000000e+00
0.000000e+00
0.000000e+00
0.000000e+00
0.000000e+00
0.000000e+00
0.000000e+00
0.000000e+00
0.000000e+00
0.000000e+00
0.000000e+00
0.000000e+00
0.000000e+00
0.000000e+00
0.000000e+00
0.000000e+00
0.000000e+00
0.000000e+00
0.000000e+00
0.000000e+00
0.000000e+00
0.000000e+00
0.000000e+00
0.000000e+00
0.000000e+00
0.000000e+00
0.000000e+00
0.000000e+00
0.000000e+00
0.000000e+00
0.000000e+00
0.000000e+00
0.000000e+00
0.000000e+00
0.000000e+00
0.000000e+00
0.000000e+00
0.000000e+00
0.000000e+00
0.000000e+00
0.000000e+00
0.000000e+00
0.000000e+00
0.000000e+00
0.000000e+00
0.000000e+00
0.000000e+00
0.000000e+00
0.000000e+00
0.000000e+00
0.000000e+00
0.000000e+00
0.000000e+00
0.000000e+00
0.000000e+00
0.000000e+00
0.000000e+00
0.000000e+00
0.000000e+00
0.000000e+00
0.000000e+00
0.000000e+00
0.000000e+00
0.000000e+00
0.000000e+00
0.000000e+00
0.000000e+00
0.000000e+00
0.000000e+00
0.000000e+00
0.000000e+00
0.000000e+00
0.000000e+00
0.000000e+00
0.000000e+00
0.000000e+00
0.000000e+00
0.000000e+00
0.000000e+00
0.000000e+00
0.000000e+00
0.000000e+00
0.000000e+00
0.000000e+00
0.000000e+00
0.000000e+00
0.000000e+00
0.000000e+00
0.000000e+00
0.000000e+00
0.000000e+00
0.000000e+00
0.000000e+00
0.000000e+00
0.000000e+00
0.000000e+00
0.000000e+00
0.000000e+00
0.000000e+00
0.000000e+00
0.000000e+00
0.000000e+00
0.000000e+00
0.000000e+00
0.000000e+00
0.000000e+00
0.000000e+00
0.000000e+00
0.000000e+00
0.000000e+00
0.000000e+00
0.000000e+00
0.000000e+00
0.000000e+00
0.000000e+00
0.000000e+00
0.000000e+00
0.000000e+00
0.000000e+00
0.000000e+00
0.000000e+00
0.000000e+00
0.000000e+00
0.000000e+00
0.000000e+00
0.000000e+00
0.000000e+00
0.000000e+00
0.000000e+00
0.000000e+00
0.000000e+00
0.000000e+00
0.000000e+00
0.000000e+00
0.000000e+00
0.000000e+00
0.000000e+00
0.000000e+00
0.000000e+00
0.000000e+00
0.000000e+00
0.000000e+00
0.000000e+00
0.000000e+00
0.000000e+00
0.000000e+00
0.000000e+00
0.000000e+00
0.000000e+00
0.000000e+00
0.000000e+00
0.000000e+00
0.000000e+00
0.000000e+00
0.000000e+00
0.000000e+00
0.000000e+00
0.000000e+00
0.000000e+00
0.000000e+00
0.000000e+00
0.000000e+00
0.000000e+00
0.000000e+00
0.000000e+00
0.000000e+00
0.000000e+00
0.000000e+00
0.000000e+00
0.000000e+00
0.000000e+00
0.000000e+00
0.000000e+00
0.000000e+00
0.000000e+00
0.000000e+00
0.000000e+00
0.000000e+00
0.000000e+00
0.000000e+00
0.000000e+00
0.000000e+00
0.000000e+00
0.000000e+00
0.000000e+00
0.000000e+00
0.000000e+00
0.000000e+00
0.000000e+00
0.000000e+00
0.000000e+00
0.000000e+00
0.000000e+00
0.000000e+00
0.000000e+00
0.000000e+00
0.000000e+00
0.000000e+00
0.000000e+00
0.000000e+00
0.000000e+00
0.000000e+00
0.000000e+00
0.000000e+00
0.000000e+00
0.000000e+00
0.000000e+00
0.000000e+00
0.000000e+00
0.000000e+00
0.000000e+00
0.000000e+00
0.000000e+00
0.000000e+00
0.000000e+00
0.000000e+00
0.000000e+00
0.000000e+00
0.000000e+00
0.000000e+00
0.000000e+00
0.000000e+00
0.000000e+00
0.000000e+00
0.000000e+00
0.000000e+00
0.000000e+00
0.000000e+00
0.000000e+00
0.000000e+00
0.000000e+00
0.000000e+00
0.000000e+00
0.000000e+00
0.000000e+00
0.000000e+00
0.000000e+00
0.000000e+00
0.000000e+00
0.000000e+00
0.000000e+00
0.000000e+00
0.000000e+00
0.000000e+00
0.000000e+00
0.000000e+00
0.000000e+00
0.000000e+00
0.000000e+00
0.000000e+00
0.000000e+00
0.000000e+00
0.000000e+00
0.000000e+00
0.000000e+00
0.000000e+00
0.000000e+00
0.000000e+00
0.000000e+00
0.000000e+00
0.000000e+00
0.000000e+00
0.000000e+00
0.000000e+00
0.000000e+00
0.000000e+00
0.000000e+00
0.000000e+00
0.000000e+00
0.000000e+00
0.000000e+00
0.000000e+00
0.000000e+00
0.000000e+00
0.000000e+00
0.000000e+00
0.000000e+00
0.000000e+00
0.000000e+00
0.000000e+00
0.000000e+00
0.000000e+00
0.000000e+00
0.000000e+00
0.000000e+00
0.000000e+00
0.000000e+00
0.000000e+00
0.000000e+00
0.000000e+00
0.000000e+00
0.000000e+00
0.000000e+00
0.000000e+00
0.000000e+00
0.000000e+00
0.000000e+00
0.000000e+00
0.000000e+00
0.000000e+00
0.000000e+00
0.000000e+00
0.000000e+00
0.000000e+00
0.000000e+00
0.000000e+00
0.000000e+00
0.000000e+00
0.000000e+00
0.000000e+00
0.000000e+00
0.000000e+00
0.000000e+00
0.000000e+00
0.000000e+00
0.000000e+00
0.000000e+00
0.000000e+00
0.000000e+00
0.000000e+00
0.000000e+00
0.000000e+00
0.000000e+00
0.000000e+00
0.000000e+00
0.000000e+00
0.000000e+00
0.000000e+00
0.000000e+00
0.000000e+00
0.000000e+00
0.000000e+00
0.000000e+00
0.000000e+00
0.000000e+00
0.000000e+00
0.000000e+00
0.000000e+00
0.000000e+00
0.000000e+00
0.000000e+00
0.000000e+00
0.000000e+00
0.000000e+00
0.000000e+00
0.000000e+00
0.000000e+00
0.000000e+00
0.000000e+00
0.000000e+00
0.000000e+00
0.000000e+00
0.000000e+00
0.000000e+00
0.000000e+00
0.000000e+00
0.000000e+00
0.000000e+00
0.000000e+00
0.000000e+00
0.000000e+00
0.000000e+00
0.000000e+00
0.000000e+00
0.000000e+00
0.000000e+00
0.000000e+00
0.000000e+00
0.000000e+00
0.000000e+00
0.000000e+00
0.000000e+00
0.000000e+00
0.000000e+00
0.000000e+00
0.000000e+00
0.000000e+00
0.000000e+00
0.000000e+00
0.000000e+00
0.000000e+00
0.000000e+00
0.000000e+00
0.000000e+00
0.000000e+00
0.000000e+00
0.000000e+00
0.000000e+00
0.000000e+00
0.000000e+00
0.000000e+00
0.000000e+00
0.000000e+00
0.000000e+00
0.000000e+00
0.000000e+00
0.000000e+00
0.000000e+00
0.000000e+00
0.000000e+00
0.000000e+00
0.000000e+00
0.000000e+00
0.000000e+00
0.000000e+00
0.000000e+00
0.000000e+00
0.000000e+00
0.000000e+00
0.000000e+00
0.000000e+00
0.000000e+00
0.000000e+00
0.000000e+00
0.000000e+00
0.000000e+00
0.000000e+00
0.000000e+00
0.000000e+00
0.000000e+00
0.000000e+00
0.000000e+00
0.000000e+00
0.000000e+00
0.000000e+00
0.000000e+00
0.000000e+00
0.000000e+00
0.000000e+00
0.000000e+00
0.000000e+00
0.000000e+00
0.000000e+00
0.000000e+00
0.000000e+00
0.000000e+00
0.000000e+00
0.000000e+00
0.000000e+00
0.000000e+00
0.000000e+00
0.000000e+00
0.000000e+00
0.000000e+00
0.000000e+00
0.000000e+00
0.000000e+00
0.000000e+00
0.000000e+00
0.000000e+00
0.000000e+00
0.000000e+00
0.000000e+00
0.000000e+00
0.000000e+00
0.000000e+00
0.000000e+00
0.000000e+00
0.000000e+00
0.000000e+00
0.000000e+00
0.000000e+00
0.000000e+00
0.000000e+00
0.000000e+00
0.000000e+00
0.000000e+00
0.000000e+00
0.000000e+00
0.000000e+00
0.000000e+00
0.000000e+00
0.000000e+00
0.000000e+00
0.000000e+00
0.000000e+00
0.000000e+00
0.000000e+00
0.000000e+00
0.000000e+00
0.000000e+00
0.000000e+00
0.000000e+00
0.000000e+00
0.000000e+00
0.000000e+00
0.000000e+00
0.000000e+00
0.000000e+00
0.000000e+00
0.000000e+00
0.000000e+00
0.000000e+00
0.000000e+00
0.000000e+00
0.000000e+00
0.000000e+00
0.000000e+00
0.000000e+00
0.000000e+00
0.000000e+00
0.000000e+00
0.000000e+00
0.000000e+00
0.000000e+00
0.000000e+00
0.000000e+00
0.000000e+00
0.000000e+00
0.000000e+00
0.000000e+00
0.000000e+00
0.000000e+00
0.000000e+00
0.000000e+00
0.000000e+00
0.000000e+00
0.000000e+00
0.000000e+00
0.000000e+00
0.000000e+00
0.000000e+00
0.000000e+00
0.000000e+00
0.000000e+00
0.000000e+00
0.000000e+00
0.000000e+00
0.000000e+00
0.000000e+00
0.000000e+00
0.000000e+00
0.000000e+00
0.000000e+00
0.000000e+00
0.000000e+00
0.000000e+00
0.000000e+00
0.000000e+00
0.000000e+00
0.000000e+00
0.000000e+00
0.000000e+00
0.000000e+00
0.000000e+00
0.000000e+00
0.000000e+00
0.000000e+00
0.000000e+00
0.000000e+00
0.000000e+00
0.000000e+00
0.000000e+00
0.000000e+00
0.000000e+00
0.000000e+00
0.000000e+00
0.000000e+00
0.000000e+00
0.000000e+00
0.000000e+00
0.000000e+00
0.000000e+00
0.000000e+00
0.000000e+00
0.000000e+00
0.000000e+00
0.000000e+00
0.000000e+00
0.000000e+00
0.000000e+00
0.000000e+00
0.000000e+00
0.000000e+00
0.000000e+00
0.000000e+00
0.000000e+00
0.000000e+00
0.000000e+00
0.000000e+00
