4.047696e+05
3.795580e+05
3.556230e+05
3.329634e+05
3.115782e+05
2.914662e+05
2.726261e+05
2.550569e+05
2.387571e+05
2.237255e+05
2.099607e+05
1.974615e+05
1.862264e+05
1.762540e+05
1.675427e+05
1.600912e+05
1.538978e+05
1.489610e+05
1.452792e+05
1.428507e+05
1.416738e+05
1.417468e+05
1.430680e+05
1.456355e+05
1.494474e+05
1.545020e+05
1.607973e+05
1.683312e+05
1.771019e+05
1.871072e+05
1.983452e+05
2.108135e+05
2.245102e+05
2.394329e+05
2.555794e+05
2.729474e+05
2.915346e+05
3.113386e+05
3.323569e+05
3.545871e+05
3.780266e+05
4.026729e+05
4.285234e+05
4.555754e+05
4.838261e+05
5.132729e+05
5.439130e+05
5.757435e+05
6.087614e+05
6.429639e+05
6.783480e+05
7.149106e+05
7.526486e+05
7.915589e+05
8.316383e+05
8.728835e+05
9.152913e+05
9.588583e+05
1.003581e+06
1.049456e+06
1.096480e+06
1.144650e+06
1.193961e+06
1.244410e+06
1.295993e+06
1.348707e+06
1.402548e+06
1.457512e+06
1.513594e+06
1.570792e+06
1.629100e+06
1.688515e+06
1.749033e+06
1.810650e+06
1.873361e+06
1.937161e+06
2.002047e+06
2.068014e+06
2.135058e+06
2.203173e+06
2.272357e+06
2.342603e+06
2.413906e+06
2.486264e+06
2.559669e+06
2.634118e+06
2.709606e+06
2.786127e+06
2.863677e+06
2.942249e+06
3.021841e+06
3.102444e+06
3.184056e+06
3.266669e+06
3.350279e+06
3.434881e+06
3.520468e+06
3.607035e+06
3.694576e+06
3.783086e+06
3.872559e+06
