2.618695e+05
2.449807e+05
2.292995e+05
2.148246e+05
2.015550e+05
1.894891e+05
1.786259e+05
1.689637e+05
1.605014e+05
1.532374e+05
1.471703e+05
1.422986e+05
1.386208e+05
1.361353e+05
1.348404e+05
1.347346e+05
1.358162e+05
1.380835e+05
1.415346e+05
1.461678e+05
1.519814e+05
1.589733e+05
1.671417e+05
1.764847e+05
1.870002e+05
1.986862e+05
2.115408e+05
2.255616e+05
2.407466e+05
2.570937e+05
2.746005e+05
2.932647e+05
3.130841e+05
3.340563e+05
3.561789e+05
3.794494e+05
4.038653e+05
4.294240e+05
4.561231e+05
4.839598e+05
5.129314e+05
5.430353e+05
5.742687e+05
6.066287e+05
6.401125e+05
6.747171e+05
7.104397e+05
7.472771e+05
7.852264e+05
8.242843e+05
8.644479e+05
9.057137e+05
9.480787e+05
9.915394e+05
1.036093e+06
1.081735e+06
1.128463e+06
1.176272e+06
1.225161e+06
1.275124e+06
1.326158e+06
1.378260e+06
1.431425e+06
1.485650e+06
1.540932e+06
1.597265e+06
1.654647e+06
1.713072e+06
1.772537e+06
1.833038e+06
1.894571e+06
1.957131e+06
2.020714e+06
2.085315e+06
2.150931e+06
2.217556e+06
2.285187e+06
2.353818e+06
2.423445e+06
2.494063e+06
2.565667e+06
2.638253e+06
2.711816e+06
2.786350e+06
2.861851e+06
2.938314e+06
3.015733e+06
3.094104e+06
3.173420e+06
3.253678e+06
3.334870e+06
3.416993e+06
3.500041e+06
3.584007e+06
3.668887e+06
3.754674e+06
3.841364e+06
3.928950e+06
4.017426e+06
4.106786e+06
4.197026e+06
