1.75791812
1.75795012
1.75798212
1.75801612
1.75805112
1.75808612
1.75812312
1.75816112
1.75820012
1.75824012
1.75828212
1.75832412
1.75836812
1.75841312
1.75846012
1.75850812
1.75855712
1.75860812
1.75866012
1.75871412
1.75876912
1.75882612
1.75888412
1.75894312
1.75900312
1.75906512
1.75912712
1.75919012
1.75925412
1.75931712
1.75938012
1.75944212
1.75950212
1.75956012
1.75961412
1.75966312
1.75970512
1.75973912
1.75976212
1.75977112
1.75976412
1.75973712
1.75968512
1.75960512
1.75949312
1.75934212
1.75915012
1.75891312
1.75862712
1.75829212
1.75791012
1.75748512
1.75702412
1.75653612
1.75603412
1.75552912
1.75503712
1.75456712
1.75413212
1.75373812
1.75339112
1.75309212
1.75284212
1.75263812
1.75247712
1.75235512
1.75226712
1.75220912
1.75217612
1.75216312
1.75216912
1.75218812
1.75221912
1.75226012
1.75230712
1.75236012
1.75241612
1.75247612
1.75253812
1.75260112
1.75266412
1.75272812
1.75279112
1.75285412
1.75291512
1.75297612
1.75303612
1.75309412
1.75315112
1.75320612
1.75326012
1.75331312
1.75336412
1.75341412
1.75346312
1.75351012
1.75355512
1.75360012
1.75364312
1.75368412
1.75372512
