1.75814512
1.75818112
1.75821812
1.75825612
1.75829512
1.75833612
1.75837712
1.75842012
1.75846512
1.75851012
1.75855712
1.75860612
1.75865512
1.75870712
1.75876012
1.75881412
1.75887012
1.75892712
1.75898612
1.75904612
1.75910812
1.75917112
1.75923612
1.75930112
1.75936812
1.75943512
1.75950212
1.75956912
1.75963612
1.75970112
1.75976412
1.75982412
1.75988012
1.75993012
1.75997212
1.76000412
1.76002512
1.76003012
1.76001612
1.75998012
1.75991712
1.75982212
1.75969112
1.75951912
1.75930112
1.75903412
1.75871512
1.75834512
1.75792612
1.75746312
1.75696512
1.75644212
1.75590712
1.75537412
1.75485812
1.75437112
1.75392212
1.75351912
1.75316612
1.75286512
1.75261512
1.75241412
1.75225612
1.75213812
1.75205512
1.75200112
1.75197312
1.75196612
1.75197712
1.75200212
1.75203812
1.75208312
1.75213512
1.75219212
1.75225312
1.75231712
1.75238312
1.75245012
1.75251712
1.75258512
1.75265212
1.75271812
1.75278312
1.75284712
1.75291012
1.75297112
1.75303112
1.75308912
1.75314612
1.75320212
1.75325512
1.75330812
1.75335912
1.75340812
1.75345612
1.75350312
1.75354812
1.75359212
1.75363412
1.75367612
1.75371612
