6.025487e+07
6.025408e+07
6.025391e+07
6.025382e+07
6.025375e+07
6.025370e+07
6.025366e+07
6.025362e+07
6.025359e+07
6.025357e+07
6.025354e+07
6.025352e+07
6.025350e+07
6.025348e+07
6.025346e+07
6.025345e+07
6.025343e+07
6.025342e+07
6.025340e+07
6.025339e+07
6.025338e+07
6.025337e+07
6.025336e+07
6.025334e+07
6.025333e+07
6.025332e+07
6.025331e+07
6.025330e+07
6.025329e+07
6.025328e+07
6.025327e+07
6.025327e+07
6.025326e+07
6.025325e+07
6.025324e+07
6.025323e+07
6.025322e+07
6.025321e+07
6.025321e+07
6.025320e+07
6.025319e+07
6.025318e+07
6.025317e+07
6.025317e+07
6.025316e+07
6.025315e+07
6.025314e+07
6.025314e+07
6.025313e+07
6.025312e+07
6.025311e+07
6.025311e+07
6.025310e+07
6.025309e+07
6.025308e+07
6.025308e+07
6.025307e+07
6.025306e+07
6.025305e+07
6.025305e+07
6.025304e+07
6.025303e+07
6.025303e+07
6.025302e+07
6.025301e+07
6.025300e+07
6.025300e+07
6.025299e+07
6.025298e+07
6.025297e+07
6.025297e+07
6.025296e+07
6.025295e+07
6.025294e+07
6.025294e+07
6.025293e+07
6.025292e+07
6.025291e+07
6.025291e+07
6.025290e+07
6.025289e+07
6.025288e+07
6.025287e+07
6.025287e+07
6.025286e+07
6.025285e+07
6.025284e+07
6.025284e+07
6.025283e+07
6.025282e+07
6.025281e+07
6.025280e+07
6.025280e+07
6.025279e+07
6.025278e+07
6.025277e+07
6.025276e+07
6.025275e+07
6.025275e+07
6.025274e+07
6.025273e+07
6.025272e+07
6.025271e+07
6.025270e+07
6.025269e+07
6.025269e+07
6.025268e+07
6.025267e+07
6.025266e+07
6.025265e+07
6.025264e+07
6.025263e+07
6.025262e+07
6.025261e+07
6.025260e+07
6.025259e+07
6.025259e+07
6.025258e+07
6.025257e+07
6.025256e+07
6.025255e+07
6.025254e+07
6.025253e+07
6.025252e+07
6.025251e+07
6.025250e+07
6.025249e+07
6.025248e+07
6.025247e+07
6.025246e+07
6.025245e+07
6.025244e+07
6.025243e+07
6.025242e+07
6.025241e+07
6.025240e+07
6.025239e+07
6.025237e+07
6.025236e+07
6.025235e+07
6.025234e+07
6.025233e+07
6.025232e+07
6.025231e+07
6.025230e+07
6.025229e+07
6.025228e+07
6.025226e+07
6.025225e+07
6.025224e+07
6.025223e+07
6.025222e+07
6.025221e+07
6.025219e+07
6.025218e+07
6.025217e+07
6.025216e+07
6.025215e+07
6.025213e+07
6.025212e+07
6.025211e+07
6.025210e+07
6.025208e+07
6.025207e+07
6.025206e+07
6.025205e+07
6.025203e+07
6.025202e+07
6.025201e+07
6.025199e+07
6.025198e+07
6.025197e+07
6.025195e+07
6.025194e+07
6.025193e+07
6.025191e+07
6.025190e+07
6.025189e+07
6.025187e+07
6.025186e+07
6.025185e+07
6.025183e+07
6.025182e+07
6.025180e+07
6.025179e+07
6.025177e+07
6.025176e+07
6.025174e+07
6.025173e+07
6.025171e+07
6.025170e+07
6.025168e+07
6.025167e+07
6.025165e+07
6.025164e+07
6.025162e+07
6.025161e+07
6.025159e+07
6.025158e+07
6.025156e+07
6.025154e+07
6.025153e+07
6.025151e+07
6.025150e+07
6.025148e+07
6.025146e+07
6.025145e+07
6.025143e+07
6.025141e+07
6.025140e+07
6.025138e+07
6.025136e+07
6.025135e+07
6.025133e+07
6.025131e+07
6.025129e+07
6.025128e+07
6.025126e+07
6.025124e+07
6.025122e+07
6.025120e+07
6.025119e+07
6.025117e+07
6.025115e+07
6.025113e+07
6.025111e+07
6.025109e+07
6.025107e+07
6.025105e+07
6.025103e+07
6.025102e+07
6.025100e+07
6.025098e+07
6.025096e+07
6.025094e+07
6.025092e+07
6.025090e+07
6.025088e+07
6.025086e+07
6.025084e+07
6.025081e+07
6.025079e+07
6.025077e+07
6.025075e+07
6.025073e+07
6.025071e+07
6.025069e+07
6.025067e+07
6.025064e+07
6.025062e+07
6.025060e+07
6.025058e+07
6.025056e+07
6.025053e+07
6.025051e+07
6.025049e+07
6.025046e+07
6.025044e+07
6.025042e+07
6.025039e+07
6.025037e+07
6.025035e+07
6.025032e+07
6.025030e+07
6.025027e+07
6.025025e+07
6.025022e+07
6.025020e+07
6.025017e+07
6.025015e+07
6.025012e+07
6.025010e+07
6.025007e+07
6.025004e+07
6.025002e+07
6.024999e+07
6.024996e+07
6.024994e+07
6.024991e+07
6.024988e+07
6.024986e+07
6.024983e+07
6.024980e+07
6.024977e+07
6.024974e+07
6.024971e+07
6.024968e+07
6.024965e+07
6.024963e+07
6.024960e+07
6.024957e+07
6.024954e+07
6.024950e+07
6.024947e+07
6.024944e+07
6.024941e+07
6.024938e+07
6.024935e+07
6.024931e+07
6.024928e+07
6.024925e+07
6.024922e+07
6.024918e+07
6.024915e+07
6.024911e+07
6.024908e+07
6.024904e+07
6.024901e+07
6.024897e+07
6.024894e+07
6.024890e+07
6.024886e+07
6.024883e+07
6.024879e+07
6.024875e+07
6.024871e+07
6.024867e+07
6.024863e+07
6.024859e+07
6.024855e+07
6.024851e+07
6.024847e+07
6.024843e+07
6.024839e+07
6.024835e+07
6.024830e+07
6.024826e+07
6.024821e+07
6.024817e+07
6.024812e+07
6.024808e+07
6.024803e+07
6.024798e+07
6.024794e+07
6.024789e+07
6.024784e+07
6.024779e+07
6.024774e+07
6.024769e+07
6.024763e+07
6.024758e+07
6.024753e+07
6.024747e+07
6.024742e+07
6.024736e+07
6.024731e+07
6.024725e+07
6.024719e+07
6.024713e+07
6.024707e+07
6.024701e+07
6.024695e+07
6.024688e+07
6.024682e+07
6.024675e+07
6.024669e+07
6.024662e+07
6.024655e+07
6.024648e+07
6.024641e+07
6.024634e+07
6.024626e+07
6.024619e+07
6.024611e+07
6.024603e+07
6.024595e+07
6.024587e+07
6.024579e+07
6.024570e+07
6.024562e+07
6.024553e+07
6.024544e+07
6.024535e+07
6.024526e+07
6.024516e+07
6.024507e+07
6.024497e+07
6.024487e+07
6.024477e+07
6.024466e+07
6.024456e+07
6.024445e+07
6.024433e+07
6.024422e+07
6.024410e+07
6.024399e+07
6.024386e+07
6.024374e+07
6.024361e+07
6.024348e+07
6.024335e+07
6.024322e+07
6.024308e+07
6.024294e+07
6.024279e+07
6.024264e+07
6.024249e+07
6.024233e+07
6.024217e+07
6.024201e+07
6.024184e+07
6.024167e+07
6.024150e+07
6.024132e+07
6.024113e+07
6.024095e+07
6.024075e+07
6.024056e+07
6.024035e+07
6.024014e+07
6.023993e+07
6.023971e+07
6.023949e+07
6.023926e+07
6.023902e+07
6.023878e+07
6.023853e+07
6.023828e+07
6.023802e+07
6.023775e+07
6.023747e+07
6.023719e+07
6.023690e+07
6.023660e+07
6.023630e+07
6.023598e+07
6.023566e+07
6.023533e+07
6.023499e+07
6.023464e+07
6.023428e+07
6.023391e+07
6.023353e+07
6.023315e+07
6.023275e+07
6.023233e+07
6.023191e+07
6.023148e+07
6.023103e+07
6.023057e+07
6.023010e+07
6.022962e+07
6.022912e+07
6.022861e+07
6.022808e+07
6.022754e+07
6.022698e+07
6.022641e+07
6.022582e+07
6.022521e+07
6.022459e+07
6.022395e+07
6.022329e+07
6.022261e+07
6.022191e+07
6.022119e+07
6.022045e+07
6.021969e+07
6.021890e+07
6.021810e+07
6.021727e+07
6.021641e+07
6.021553e+07
6.021463e+07
6.021370e+07
6.021274e+07
6.021175e+07
6.021073e+07
6.020969e+07
6.020861e+07
6.020750e+07
6.020636e+07
6.020519e+07
6.020397e+07
6.020273e+07
6.020144e+07
6.020012e+07
6.019876e+07
6.019736e+07
6.019592e+07
6.019443e+07
6.019290e+07
6.019132e+07
6.018970e+07
6.018802e+07
6.018630e+07
6.018452e+07
6.018269e+07
6.018081e+07
6.017887e+07
6.017687e+07
6.017481e+07
6.017269e+07
6.017050e+07
6.016825e+07
6.016593e+07
6.016354e+07
6.016107e+07
6.015853e+07
6.015592e+07
6.015322e+07
6.015045e+07
6.014759e+07
6.014464e+07
6.014160e+07
6.013847e+07
6.013524e+07
6.013192e+07
6.012849e+07
6.012496e+07
6.012132e+07
6.011757e+07
6.011371e+07
6.010973e+07
6.010562e+07
6.010139e+07
6.009703e+07
6.009254e+07
6.008791e+07
6.008313e+07
6.007821e+07
6.007314e+07
6.006791e+07
6.006253e+07
6.005697e+07
6.005125e+07
6.004535e+07
6.003927e+07
6.003300e+07
6.002653e+07
6.001987e+07
6.001300e+07
6.000593e+07
5.999863e+07
5.999111e+07
5.998335e+07
5.997536e+07
5.996711e+07
5.995862e+07
5.994986e+07
5.994083e+07
5.993152e+07
5.992192e+07
5.991203e+07
5.990182e+07
5.989131e+07
5.988046e+07
5.986928e+07
5.985776e+07
5.984587e+07
5.983362e+07
5.982098e+07
5.980796e+07
5.979453e+07
5.978068e+07
5.976640e+07
5.975167e+07
5.973649e+07
5.972083e+07
5.970469e+07
5.968804e+07
5.967088e+07
5.965318e+07
5.963493e+07
5.961610e+07
5.959669e+07
5.957668e+07
5.955604e+07
5.953475e+07
5.951280e+07
5.949016e+07
5.946681e+07
5.944273e+07
5.941789e+07
5.939228e+07
5.936586e+07
5.933861e+07
5.931051e+07
5.928153e+07
5.925163e+07
5.922079e+07
5.918899e+07
5.915618e+07
5.912233e+07
5.908742e+07
5.905141e+07
5.901427e+07
5.897594e+07
5.893641e+07
5.889563e+07
5.885355e+07
5.881015e+07
5.876536e+07
5.871916e+07
5.867148e+07
5.862230e+07
5.857154e+07
5.851918e+07
5.846514e+07
5.840938e+07
5.835184e+07
5.829246e+07
5.823118e+07
5.816793e+07
5.810266e+07
5.803530e+07
5.796576e+07
5.789400e+07
5.781992e+07
5.774344e+07
5.766450e+07
5.758301e+07
5.749888e+07
5.741201e+07
5.732233e+07
5.722972e+07
5.713410e+07
5.703536e+07
5.693338e+07
5.682807e+07
5.671930e+07
5.660695e+07
5.649089e+07
5.637101e+07
5.624716e+07
5.611919e+07
5.598698e+07
5.585035e+07
5.570916e+07
5.556324e+07
5.541242e+07
5.525652e+07
5.509535e+07
5.492872e+07
5.475642e+07
5.457824e+07
5.439397e+07
5.420337e+07
5.400619e+07
5.380219e+07
5.359110e+07
5.337265e+07
5.314654e+07
5.291246e+07
5.267010e+07
5.241912e+07
5.215917e+07
5.188987e+07
5.161084e+07
5.132166e+07
5.102189e+07
5.071108e+07
5.038873e+07
5.005434e+07
4.970735e+07
4.934719e+07
4.897324e+07
4.858483e+07
4.818128e+07
4.776183e+07
4.732569e+07
4.687198e+07
4.639979e+07
4.590813e+07
4.539591e+07
4.486197e+07
4.430506e+07
4.372379e+07
4.311665e+07
4.248200e+07
4.181801e+07
4.112267e+07
4.039375e+07
3.962873e+07
3.882481e+07
3.797880e+07
3.708707e+07
3.614545e+07
3.514910e+07
3.409233e+07
3.296842e+07
3.176926e+07
3.048494e+07
2.910308e+07
2.760791e+07
2.597870e+07
2.418724e+07
2.219338e+07
1.993649e+07
1.731765e+07
1.415804e+07
1.008927e+07
0.000000e+00
0.000000e+00
0.000000e+00
0.000000e+00
0.000000e+00
0.000000e+00
0.000000e+00
0.000000e+00
0.000000e+00
0.000000e+00
0.000000e+00
0.000000e+00
0.000000e+00
0.000000e+00
0.000000e+00
0.000000e+00
0.000000e+00
0.000000e+00
0.000000e+00
0.000000e+00
0.000000e+00
0.000000e+00
0.000000e+00
0.000000e+00
0.000000e+00
0.000000e+00
0.000000e+00
0.000000e+00
0.000000e+00
0.000000e+00
0.000000e+00
0.000000e+00
0.000000e+00
0.000000e+00
0.000000e+00
0.000000e+00
0.000000e+00
0.000000e+00
0.000000e+00
0.000000e+00
0.000000e+00
0.000000e+00
0.000000e+00
0.000000e+00
0.000000e+00
0.000000e+00
0.000000e+00
0.000000e+00
0.000000e+00
0.000000e+00
0.000000e+00
0.000000e+00
0.000000e+00
0.000000e+00
0.000000e+00
0.000000e+00
0.000000e+00
0.000000e+00
0.000000e+00
0.000000e+00
0.000000e+00
0.000000e+00
0.000000e+00
0.000000e+00
0.000000e+00
0.000000e+00
0.000000e+00
0.000000e+00
0.000000e+00
0.000000e+00
0.000000e+00
0.000000e+00
0.000000e+00
0.000000e+00
0.000000e+00
0.000000e+00
0.000000e+00
0.000000e+00
0.000000e+00
0.000000e+00
0.000000e+00
0.000000e+00
0.000000e+00
0.000000e+00
0.000000e+00
0.000000e+00
0.000000e+00
0.000000e+00
0.000000e+00
0.000000e+00
0.000000e+00
0.000000e+00
0.000000e+00
0.000000e+00
0.000000e+00
0.000000e+00
0.000000e+00
0.000000e+00
0.000000e+00
0.000000e+00
0.000000e+00
0.000000e+00
0.000000e+00
0.000000e+00
0.000000e+00
0.000000e+00
0.000000e+00
0.000000e+00
0.000000e+00
0.000000e+00
0.000000e+00
0.000000e+00
0.000000e+00
0.000000e+00
0.000000e+00
0.000000e+00
0.000000e+00
0.000000e+00
0.000000e+00
0.000000e+00
0.000000e+00
0.000000e+00
0.000000e+00
0.000000e+00
0.000000e+00
0.000000e+00
0.000000e+00
0.000000e+00
0.000000e+00
0.000000e+00
0.000000e+00
0.000000e+00
0.000000e+00
0.000000e+00
0.000000e+00
0.000000e+00
0.000000e+00
0.000000e+00
0.000000e+00
0.000000e+00
0.000000e+00
0.000000e+00
0.000000e+00
0.000000e+00
0.000000e+00
0.000000e+00
0.000000e+00
0.000000e+00
0.000000e+00
0.000000e+00
0.000000e+00
0.000000e+00
0.000000e+00
0.000000e+00
0.000000e+00
0.000000e+00
0.000000e+00
0.000000e+00
0.000000e+00
0.000000e+00
0.000000e+00
0.000000e+00
0.000000e+00
0.000000e+00
0.000000e+00
0.000000e+00
0.000000e+00
0.000000e+00
0.000000e+00
0.000000e+00
0.000000e+00
0.000000e+00
0.000000e+00
0.000000e+00
0.000000e+00
0.000000e+00
0.000000e+00
0.000000e+00
0.000000e+00
0.000000e+00
0.000000e+00
0.000000e+00
0.000000e+00
0.000000e+00
0.000000e+00
0.000000e+00
0.000000e+00
0.000000e+00
0.000000e+00
0.000000e+00
0.000000e+00
0.000000e+00
0.000000e+00
0.000000e+00
0.000000e+00
0.000000e+00
0.000000e+00
0.000000e+00
0.000000e+00
0.000000e+00
0.000000e+00
0.000000e+00
0.000000e+00
0.000000e+00
0.000000e+00
0.000000e+00
0.000000e+00
0.000000e+00
0.000000e+00
0.000000e+00
0.000000e+00
0.000000e+00
0.000000e+00
0.000000e+00
0.000000e+00
0.000000e+00
0.000000e+00
0.000000e+00
0.000000e+00
0.000000e+00
0.000000e+00
0.000000e+00
0.000000e+00
0.000000e+00
0.000000e+00
0.000000e+00
0.000000e+00
0.000000e+00
0.000000e+00
0.000000e+00
0.000000e+00
0.000000e+00
0.000000e+00
0.000000e+00
0.000000e+00
0.000000e+00
0.000000e+00
0.000000e+00
0.000000e+00
0.000000e+00
0.000000e+00
0.000000e+00
0.000000e+00
0.000000e+00
0.000000e+00
0.000000e+00
0.000000e+00
0.000000e+00
0.000000e+00
0.000000e+00
0.000000e+00
0.000000e+00
0.000000e+00
0.000000e+00
0.000000e+00
0.000000e+00
0.000000e+00
0.000000e+00
0.000000e+00
0.000000e+00
0.000000e+00
0.000000e+00
0.000000e+00
0.000000e+00
0.000000e+00
0.000000e+00
0.000000e+00
0.000000e+00
0.000000e+00
0.000000e+00
0.000000e+00
0.000000e+00
0.000000e+00
0.000000e+00
0.000000e+00
0.000000e+00
0.000000e+00
0.000000e+00
0.000000e+00
0.000000e+00
0.000000e+00
0.000000e+00
0.000000e+00
0.000000e+00
0.000000e+00
0.000000e+00
0.000000e+00
0.000000e+00
0.000000e+00
0.000000e+00
0.000000e+00
0.000000e+00
0.000000e+00
0.000000e+00
0.000000e+00
0.000000e+00
0.000000e+00
0.000000e+00
0.000000e+00
0.000000e+00
0.000000e+00
0.000000e+00
0.000000e+00
0.000000e+00
0.000000e+00
0.000000e+00
0.000000e+00
0.000000e+00
0.000000e+00
0.000000e+00
0.000000e+00
0.000000e+00
0.000000e+00
0.000000e+00
0.000000e+00
0.000000e+00
0.000000e+00
0.000000e+00
0.000000e+00
0.000000e+00
0.000000e+00
0.000000e+00
0.000000e+00
0.000000e+00
0.000000e+00
0.000000e+00
0.000000e+00
0.000000e+00
0.000000e+00
0.000000e+00
0.000000e+00
0.000000e+00
0.000000e+00
0.000000e+00
0.000000e+00
0.000000e+00
0.000000e+00
0.000000e+00
0.000000e+00
0.000000e+00
0.000000e+00
0.000000e+00
0.000000e+00
0.000000e+00
0.000000e+00
0.000000e+00
0.000000e+00
0.000000e+00
0.000000e+00
0.000000e+00
0.000000e+00
0.000000e+00
0.000000e+00
0.000000e+00
0.000000e+00
0.000000e+00
0.000000e+00
0.000000e+00
0.000000e+00
0.000000e+00
0.000000e+00
0.000000e+00
0.000000e+00
0.000000e+00
0.000000e+00
0.000000e+00
0.000000e+00
0.000000e+00
0.000000e+00
0.000000e+00
0.000000e+00
0.000000e+00
0.000000e+00
0.000000e+00
0.000000e+00
0.000000e+00
0.000000e+00
0.000000e+00
0.000000e+00
0.000000e+00
0.000000e+00
0.000000e+00
0.000000e+00
0.000000e+00
0.000000e+00
0.000000e+00
0.000000e+00
0.000000e+00
0.000000e+00
0.000000e+00
0.000000e+00
0.000000e+00
0.000000e+00
0.000000e+00
0.000000e+00
0.000000e+00
0.000000e+00
0.000000e+00
0.000000e+00
0.000000e+00
0.000000e+00
0.000000e+00
0.000000e+00
0.000000e+00
0.000000e+00
0.000000e+00
0.000000e+00
0.000000e+00
0.000000e+00
0.000000e+00
0.000000e+00
0.000000e+00
0.000000e+00
0.000000e+00
0.000000e+00
0.000000e+00
0.000000e+00
0.000000e+00
0.000000e+00
0.000000e+00
0.000000e+00
0.000000e+00
0.000000e+00
0.000000e+00
0.000000e+00
0.000000e+00
0.000000e+00
0.000000e+00
0.000000e+00
0.000000e+00
0.000000e+00
0.000000e+00
0.000000e+00
0.000000e+00
0.000000e+00
0.000000e+00
0.000000e+00
0.000000e+00
0.000000e+00
0.000000e+00
0.000000e+00
0.000000e+00
0.000000e+00
0.000000e+00
0.000000e+00
0.000000e+00
0.000000e+00
0.000000e+00
0.000000e+00
0.000000e+00
0.000000e+00
0.000000e+00
0.000000e+00
0.000000e+00
0.000000e+00
0.000000e+00
0.000000e+00
0.000000e+00
0.000000e+00
0.000000e+00
0.000000e+00
0.000000e+00
0.000000e+00
0.000000e+00
0.000000e+00
0.000000e+00
0.000000e+00
0.000000e+00
0.000000e+00
0.000000e+00
0.000000e+00
0.000000e+00
0.000000e+00
0.000000e+00
0.000000e+00
0.000000e+00
0.000000e+00
0.000000e+00
0.000000e+00
0.000000e+00
0.000000e+00
0.000000e+00
0.000000e+00
0.000000e+00
0.000000e+00
0.000000e+00
0.000000e+00
0.000000e+00
0.000000e+00
0.000000e+00
0.000000e+00
0.000000e+00
0.000000e+00
0.000000e+00
0.000000e+00
0.000000e+00
0.000000e+00
0.000000e+00
0.000000e+00
0.000000e+00
0.000000e+00
0.000000e+00
0.000000e+00
0.000000e+00
0.000000e+00
0.000000e+00
0.000000e+00
0.000000e+00
0.000000e+00
0.000000e+00
0.000000e+00
0.000000e+00
0.000000e+00
0.000000e+00
0.000000e+00
0.000000e+00
0.000000e+00
0.000000e+00
0.000000e+00
0.000000e+00
0.000000e+00
0.000000e+00
0.000000e+00
0.000000e+00
0.000000e+00
0.000000e+00
0.000000e+00
0.000000e+00
0.000000e+00
0.000000e+00
0.000000e+00
0.000000e+00
0.000000e+00
0.000000e+00
0.000000e+00
0.000000e+00
0.000000e+00
0.000000e+00
0.000000e+00
0.000000e+00
0.000000e+00
0.000000e+00
0.000000e+00
0.000000e+00
0.000000e+00
0.000000e+00
0.000000e+00
0.000000e+00
0.000000e+00
0.000000e+00
0.000000e+00
0.000000e+00
0.000000e+00
0.000000e+00
0.000000e+00
0.000000e+00
0.000000e+00
0.000000e+00
0.000000e+00
0.000000e+00
0.000000e+00
0.000000e+00
0.000000e+00
0.000000e+00
0.000000e+00
0.000000e+00
0.000000e+00
0.000000e+00
0.000000e+00
0.000000e+00
0.000000e+00
0.000000e+00
0.000000e+00
0.000000e+00
0.000000e+00
0.000000e+00
0.000000e+00
0.000000e+00
0.000000e+00
0.000000e+00
0.000000e+00
0.000000e+00
0.000000e+00
0.000000e+00
0.000000e+00
0.000000e+00
0.000000e+00
0.000000e+00
0.000000e+00
0.000000e+00
0.000000e+00
0.000000e+00
0.000000e+00
0.000000e+00
0.000000e+00
0.000000e+00
0.000000e+00
0.000000e+00
0.000000e+00
0.000000e+00
0.000000e+00
0.000000e+00
0.000000e+00
0.000000e+00
0.000000e+00
0.000000e+00
0.000000e+00
0.000000e+00
0.000000e+00
0.000000e+00
0.000000e+00
0.000000e+00
0.000000e+00
0.000000e+00
0.000000e+00
0.000000e+00
0.000000e+00
0.000000e+00
0.000000e+00
0.000000e+00
0.000000e+00
0.000000e+00
0.000000e+00
0.000000e+00
0.000000e+00
0.000000e+00
0.000000e+00
0.000000e+00
0.000000e+00
0.000000e+00
0.000000e+00
0.000000e+00
0.000000e+00
0.000000e+00
0.000000e+00
0.000000e+00
0.000000e+00
0.000000e+00
0.000000e+00
0.000000e+00
0.000000e+00
0.000000e+00
0.000000e+00
0.000000e+00
0.000000e+00
0.000000e+00
0.000000e+00
0.000000e+00
0.000000e+00
0.000000e+00
0.000000e+00
0.000000e+00
0.000000e+00
0.000000e+00
0.000000e+00
0.000000e+00
0.000000e+00
0.000000e+00
0.000000e+00
0.000000e+00
0.000000e+00
0.000000e+00
0.000000e+00
0.000000e+00
0.000000e+00
0.000000e+00
0.000000e+00
0.000000e+00
0.000000e+00
0.000000e+00
0.000000e+00
0.000000e+00
0.000000e+00
0.000000e+00
0.000000e+00
0.000000e+00
0.000000e+00
0.000000e+00
0.000000e+00
0.000000e+00
0.000000e+00
0.000000e+00
0.000000e+00
0.000000e+00
0.000000e+00
0.000000e+00
0.000000e+00
0.000000e+00
0.000000e+00
0.000000e+00
0.000000e+00
0.000000e+00
0.000000e+00
0.000000e+00
0.000000e+00
0.000000e+00
0.000000e+00
0.000000e+00
0.000000e+00
0.000000e+00
0.000000e+00
0.000000e+00
0.000000e+00
0.000000e+00
0.000000e+00
0.000000e+00
0.000000e+00
0.000000e+00
0.000000e+00
0.000000e+00
0.000000e+00
0.000000e+00
0.000000e+00
0.000000e+00
0.000000e+00
0.000000e+00
0.000000e+00
0.000000e+00
0.000000e+00
0.000000e+00
0.000000e+00
0.000000e+00
0.000000e+00
0.000000e+00
0.000000e+00
0.000000e+00
0.000000e+00
0.000000e+00
0.000000e+00
0.000000e+00
0.000000e+00
0.000000e+00
0.000000e+00
0.000000e+00
0.000000e+00
0.000000e+00
0.000000e+00
0.000000e+00
0.000000e+00
0.000000e+00
0.000000e+00
0.000000e+00
0.000000e+00
0.000000e+00
0.000000e+00
0.000000e+00
0.000000e+00
0.000000e+00
0.000000e+00
0.000000e+00
0.000000e+00
0.000000e+00
0.000000e+00
0.000000e+00
0.000000e+00
0.000000e+00
0.000000e+00
0.000000e+00
0.000000e+00
0.000000e+00
0.000000e+00
0.000000e+00
0.000000e+00
0.000000e+00
0.000000e+00
0.000000e+00
0.000000e+00
0.000000e+00
0.000000e+00
0.000000e+00
0.000000e+00
0.000000e+00
0.000000e+00
0.000000e+00
0.000000e+00
0.000000e+00
0.000000e+00
0.000000e+00
0.000000e+00
0.000000e+00
0.000000e+00
0.000000e+00
0.000000e+00
0.000000e+00
0.000000e+00
0.000000e+00
0.000000e+00
0.000000e+00
0.000000e+00
0.000000e+00
0.000000e+00
0.000000e+00
0.000000e+00
0.000000e+00
0.000000e+00
0.000000e+00
0.000000e+00
0.000000e+00
0.000000e+00
0.000000e+00
0.000000e+00
0.000000e+00
0.000000e+00
0.000000e+00
0.000000e+00
0.000000e+00
0.000000e+00
0.000000e+00
0.000000e+00
0.000000e+00
0.000000e+00
0.000000e+00
0.000000e+00
0.000000e+00
0.000000e+00
0.000000e+00
0.000000e+00
0.000000e+00
0.000000e+00
0.000000e+00
0.000000e+00
0.000000e+00
0.000000e+00
0.000000e+00
0.000000e+00
0.000000e+00
0.000000e+00
0.000000e+00
0.000000e+00
0.000000e+00
0.000000e+00
0.000000e+00
0.000000e+00
0.000000e+00
0.000000e+00
0.000000e+00
0.000000e+00
0.000000e+00
0.000000e+00
0.000000e+00
0.000000e+00
0.000000e+00
0.000000e+00
0.000000e+00
0.000000e+00
0.000000e+00
0.000000e+00
0.000000e+00
0.000000e+00
0.000000e+00
0.000000e+00
0.000000e+00
0.000000e+00
0.000000e+00
0.000000e+00
0.000000e+00
0.000000e+00
0.000000e+00
0.000000e+00
0.000000e+00
0.000000e+00
0.000000e+00
0.000000e+00
0.000000e+00
0.000000e+00
0.000000e+00
0.000000e+00
0.000000e+00
0.000000e+00
0.000000e+00
0.000000e+00
0.000000e+00
0.000000e+00
0.000000e+00
0.000000e+00
0.000000e+00
0.000000e+00
0.000000e+00
0.000000e+00
0.000000e+00
0.000000e+00
0.000000e+00
0.000000e+00
0.000000e+00
0.000000e+00
0.000000e+00
0.000000e+00
0.000000e+00
0.000000e+00
0.000000e+00
0.000000e+00
0.000000e+00
0.000000e+00
0.000000e+00
0.000000e+00
0.000000e+00
0.000000e+00
0.000000e+00
0.000000e+00
0.000000e+00
0.000000e+00
0.000000e+00
0.000000e+00
0.000000e+00
0.000000e+00
0.000000e+00
0.000000e+00
0.000000e+00
0.000000e+00
0.000000e+00
0.000000e+00
0.000000e+00
0.000000e+00
0.000000e+00
0.000000e+00
0.000000e+00
0.000000e+00
0.000000e+00
0.000000e+00
0.000000e+00
0.000000e+00
0.000000e+00
0.000000e+00
0.000000e+00
0.000000e+00
0.000000e+00
0.000000e+00
0.000000e+00
0.000000e+00
0.000000e+00
0.000000e+00
0.000000e+00
0.000000e+00
0.000000e+00
0.000000e+00
0.000000e+00
0.000000e+00
0.000000e+00
0.000000e+00
0.000000e+00
0.000000e+00
0.000000e+00
0.000000e+00
0.000000e+00
0.000000e+00
0.000000e+00
0.000000e+00
0.000000e+00
0.000000e+00
0.000000e+00
0.000000e+00
0.000000e+00
0.000000e+00
0.000000e+00
0.000000e+00
0.000000e+00
0.000000e+00
0.000000e+00
0.000000e+00
0.000000e+00
0.000000e+00
0.000000e+00
0.000000e+00
0.000000e+00
0.000000e+00
0.000000e+00
0.000000e+00
0.000000e+00
0.000000e+00
0.000000e+00
0.000000e+00
0.000000e+00
0.000000e+00
0.000000e+00
0.000000e+00
0.000000e+00
0.000000e+00
0.000000e+00
0.000000e+00
0.000000e+00
0.000000e+00
0.000000e+00
0.000000e+00
0.000000e+00
0.000000e+00
0.000000e+00
0.000000e+00
0.000000e+00
0.000000e+00
0.000000e+00
0.000000e+00
0.000000e+00
0.000000e+00
0.000000e+00
0.000000e+00
0.000000e+00
0.000000e+00
0.000000e+00
0.000000e+00
0.000000e+00
0.000000e+00
0.000000e+00
0.000000e+00
0.000000e+00
0.000000e+00
0.000000e+00
0.000000e+00
0.000000e+00
0.000000e+00
0.000000e+00
0.000000e+00
0.000000e+00
0.000000e+00
0.000000e+00
0.000000e+00
0.000000e+00
0.000000e+00
0.000000e+00
0.000000e+00
0.000000e+00
0.000000e+00
0.000000e+00
0.000000e+00
0.000000e+00
0.000000e+00
0.000000e+00
0.000000e+00
0.000000e+00
0.000000e+00
0.000000e+00
0.000000e+00
0.000000e+00
0.000000e+00
0.000000e+00
0.000000e+00
0.000000e+00
0.000000e+00
0.000000e+00
0.000000e+00
0.000000e+00
0.000000e+00
0.000000e+00
0.000000e+00
0.000000e+00
0.000000e+00
0.000000e+00
0.000000e+00
0.000000e+00
0.000000e+00
0.000000e+00
0.000000e+00
0.000000e+00
0.000000e+00
0.000000e+00
0.000000e+00
0.000000e+00
0.000000e+00
0.000000e+00
0.000000e+00
0.000000e+00
0.000000e+00
0.000000e+00
0.000000e+00
0.000000e+00
0.000000e+00
0.000000e+00
0.000000e+00
0.000000e+00
0.000000e+00
0.000000e+00
0.000000e+00
0.000000e+00
0.000000e+00
0.000000e+00
0.000000e+00
0.000000e+00
0.000000e+00
0.000000e+00
0.000000e+00
0.000000e+00
0.000000e+00
0.000000e+00
0.000000e+00
0.000000e+00
0.000000e+00
0.000000e+00
0.000000e+00
0.000000e+00
0.000000e+00
0.000000e+00
0.000000e+00
0.000000e+00
0.000000e+00
0.000000e+00
0.000000e+00
0.000000e+00
0.000000e+00
0.000000e+00
0.000000e+00
0.000000e+00
0.000000e+00
0.000000e+00
0.000000e+00
0.000000e+00
0.000000e+00
0.000000e+00
0.000000e+00
0.000000e+00
0.000000e+00
