6.030592e+07
6.030513e+07
6.030496e+07
6.030487e+07
6.030480e+07
6.030475e+07
6.030471e+07
6.030467e+07
6.030464e+07
6.030461e+07
6.030459e+07
6.030457e+07
6.030455e+07
6.030453e+07
6.030451e+07
6.030449e+07
6.030448e+07
6.030447e+07
6.030445e+07
6.030444e+07
6.030443e+07
6.030441e+07
6.030440e+07
6.030439e+07
6.030438e+07
6.030437e+07
6.030436e+07
6.030435e+07
6.030434e+07
6.030433e+07
6.030432e+07
6.030431e+07
6.030430e+07
6.030429e+07
6.030429e+07
6.030428e+07
6.030427e+07
6.030426e+07
6.030425e+07
6.030425e+07
6.030424e+07
6.030423e+07
6.030422e+07
6.030421e+07
6.030421e+07
6.030420e+07
6.030419e+07
6.030418e+07
6.030418e+07
6.030417e+07
6.030416e+07
6.030415e+07
6.030415e+07
6.030414e+07
6.030413e+07
6.030412e+07
6.030412e+07
6.030411e+07
6.030410e+07
6.030410e+07
6.030409e+07
6.030408e+07
6.030407e+07
6.030407e+07
6.030406e+07
6.030405e+07
6.030404e+07
6.030404e+07
6.030403e+07
6.030402e+07
6.030401e+07
6.030401e+07
6.030400e+07
6.030399e+07
6.030398e+07
6.030398e+07
6.030397e+07
6.030396e+07
6.030395e+07
6.030395e+07
6.030394e+07
6.030393e+07
6.030392e+07
6.030392e+07
6.030391e+07
6.030390e+07
6.030389e+07
6.030389e+07
6.030388e+07
6.030387e+07
6.030386e+07
6.030385e+07
6.030385e+07
6.030384e+07
6.030383e+07
6.030382e+07
6.030381e+07
6.030380e+07
6.030380e+07
6.030379e+07
6.030378e+07
6.030377e+07
6.030376e+07
6.030375e+07
6.030374e+07
6.030374e+07
6.030373e+07
6.030372e+07
6.030371e+07
6.030370e+07
6.030369e+07
6.030368e+07
6.030367e+07
6.030366e+07
6.030366e+07
6.030365e+07
6.030364e+07
6.030363e+07
6.030362e+07
6.030361e+07
6.030360e+07
6.030359e+07
6.030358e+07
6.030357e+07
6.030356e+07
6.030355e+07
6.030354e+07
6.030353e+07
6.030352e+07
6.030351e+07
6.030350e+07
6.030349e+07
6.030348e+07
6.030347e+07
6.030346e+07
6.030345e+07
6.030344e+07
6.030343e+07
6.030342e+07
6.030341e+07
6.030340e+07
6.030339e+07
6.030338e+07
6.030336e+07
6.030335e+07
6.030334e+07
6.030333e+07
6.030332e+07
6.030331e+07
6.030330e+07
6.030329e+07
6.030327e+07
6.030326e+07
6.030325e+07
6.030324e+07
6.030323e+07
6.030322e+07
6.030320e+07
6.030319e+07
6.030318e+07
6.030317e+07
6.030315e+07
6.030314e+07
6.030313e+07
6.030312e+07
6.030310e+07
6.030309e+07
6.030308e+07
6.030307e+07
6.030305e+07
6.030304e+07
6.030303e+07
6.030301e+07
6.030300e+07
6.030299e+07
6.030297e+07
6.030296e+07
6.030295e+07
6.030293e+07
6.030292e+07
6.030291e+07
6.030289e+07
6.030288e+07
6.030286e+07
6.030285e+07
6.030284e+07
6.030282e+07
6.030281e+07
6.030279e+07
6.030278e+07
6.030276e+07
6.030275e+07
6.030273e+07
6.030272e+07
6.030270e+07
6.030269e+07
6.030267e+07
6.030266e+07
6.030264e+07
6.030262e+07
6.030261e+07
6.030259e+07
6.030258e+07
6.030256e+07
6.030254e+07
6.030253e+07
6.030251e+07
6.030250e+07
6.030248e+07
6.030246e+07
6.030245e+07
6.030243e+07
6.030241e+07
6.030239e+07
6.030238e+07
6.030236e+07
6.030234e+07
6.030232e+07
6.030231e+07
6.030229e+07
6.030227e+07
6.030225e+07
6.030224e+07
6.030222e+07
6.030220e+07
6.030218e+07
6.030216e+07
6.030214e+07
6.030212e+07
6.030211e+07
6.030209e+07
6.030207e+07
6.030205e+07
6.030203e+07
6.030201e+07
6.030199e+07
6.030197e+07
6.030195e+07
6.030193e+07
6.030191e+07
6.030189e+07
6.030187e+07
6.030185e+07
6.030183e+07
6.030180e+07
6.030178e+07
6.030176e+07
6.030174e+07
6.030172e+07
6.030170e+07
6.030168e+07
6.030165e+07
6.030163e+07
6.030161e+07
6.030159e+07
6.030156e+07
6.030154e+07
6.030152e+07
6.030150e+07
6.030147e+07
6.030145e+07
6.030143e+07
6.030140e+07
6.030138e+07
6.030135e+07
6.030133e+07
6.030130e+07
6.030128e+07
6.030126e+07
6.030123e+07
6.030120e+07
6.030118e+07
6.030115e+07
6.030113e+07
6.030110e+07
6.030108e+07
6.030105e+07
6.030102e+07
6.030100e+07
6.030097e+07
6.030094e+07
6.030091e+07
6.030089e+07
6.030086e+07
6.030083e+07
6.030080e+07
6.030077e+07
6.030074e+07
6.030072e+07
6.030069e+07
6.030066e+07
6.030063e+07
6.030060e+07
6.030057e+07
6.030054e+07
6.030050e+07
6.030047e+07
6.030044e+07
6.030041e+07
6.030038e+07
6.030035e+07
6.030031e+07
6.030028e+07
6.030025e+07
6.030021e+07
6.030018e+07
6.030014e+07
6.030011e+07
6.030008e+07
6.030004e+07
6.030000e+07
6.029997e+07
6.029993e+07
6.029989e+07
6.029986e+07
6.029982e+07
6.029978e+07
6.029974e+07
6.029970e+07
6.029967e+07
6.029963e+07
6.029958e+07
6.029954e+07
6.029950e+07
6.029946e+07
6.029942e+07
6.029938e+07
6.029933e+07
6.029929e+07
6.029924e+07
6.029920e+07
6.029915e+07
6.029911e+07
6.029906e+07
6.029901e+07
6.029897e+07
6.029892e+07
6.029887e+07
6.029882e+07
6.029877e+07
6.029872e+07
6.029867e+07
6.029861e+07
6.029856e+07
6.029850e+07
6.029845e+07
6.029839e+07
6.029834e+07
6.029828e+07
6.029822e+07
6.029816e+07
6.029810e+07
6.029804e+07
6.029798e+07
6.029791e+07
6.029785e+07
6.029778e+07
6.029772e+07
6.029765e+07
6.029758e+07
6.029751e+07
6.029744e+07
6.029736e+07
6.029729e+07
6.029722e+07
6.029714e+07
6.029706e+07
6.029698e+07
6.029690e+07
6.029682e+07
6.029673e+07
6.029665e+07
6.029656e+07
6.029647e+07
6.029638e+07
6.029629e+07
6.029619e+07
6.029610e+07
6.029600e+07
6.029590e+07
6.029579e+07
6.029569e+07
6.029558e+07
6.029547e+07
6.029536e+07
6.029525e+07
6.029513e+07
6.029501e+07
6.029489e+07
6.029477e+07
6.029464e+07
6.029451e+07
6.029438e+07
6.029424e+07
6.029410e+07
6.029396e+07
6.029382e+07
6.029367e+07
6.029351e+07
6.029336e+07
6.029320e+07
6.029304e+07
6.029287e+07
6.029270e+07
6.029252e+07
6.029234e+07
6.029216e+07
6.029197e+07
6.029178e+07
6.029158e+07
6.029138e+07
6.029117e+07
6.029095e+07
6.029073e+07
6.029051e+07
6.029028e+07
6.029004e+07
6.028980e+07
6.028955e+07
6.028930e+07
6.028904e+07
6.028877e+07
6.028849e+07
6.028821e+07
6.028792e+07
6.028762e+07
6.028732e+07
6.028700e+07
6.028668e+07
6.028635e+07
6.028601e+07
6.028566e+07
6.028530e+07
6.028493e+07
6.028455e+07
6.028416e+07
6.028376e+07
6.028335e+07
6.028293e+07
6.028249e+07
6.028204e+07
6.028158e+07
6.028111e+07
6.028063e+07
6.028013e+07
6.027961e+07
6.027909e+07
6.027854e+07
6.027799e+07
6.027741e+07
6.027682e+07
6.027621e+07
6.027559e+07
6.027495e+07
6.027429e+07
6.027361e+07
6.027291e+07
6.027219e+07
6.027144e+07
6.027068e+07
6.026990e+07
6.026909e+07
6.026826e+07
6.026740e+07
6.026652e+07
6.026562e+07
6.026468e+07
6.026372e+07
6.026274e+07
6.026172e+07
6.026067e+07
6.025959e+07
6.025848e+07
6.025734e+07
6.025616e+07
6.025495e+07
6.025370e+07
6.025241e+07
6.025109e+07
6.024973e+07
6.024832e+07
6.024688e+07
6.024539e+07
6.024385e+07
6.024227e+07
6.024065e+07
6.023897e+07
6.023724e+07
6.023547e+07
6.023363e+07
6.023175e+07
6.022980e+07
6.022780e+07
6.022574e+07
6.022361e+07
6.022142e+07
6.021917e+07
6.021684e+07
6.021445e+07
6.021198e+07
6.020944e+07
6.020682e+07
6.020412e+07
6.020134e+07
6.019847e+07
6.019552e+07
6.019247e+07
6.018934e+07
6.018611e+07
6.018278e+07
6.017935e+07
6.017581e+07
6.017216e+07
6.016841e+07
6.016454e+07
6.016055e+07
6.015644e+07
6.015220e+07
6.014783e+07
6.014333e+07
6.013869e+07
6.013391e+07
6.012898e+07
6.012390e+07
6.011867e+07
6.011327e+07
6.010771e+07
6.010197e+07
6.009606e+07
6.008997e+07
6.008369e+07
6.007721e+07
6.007054e+07
6.006366e+07
6.005657e+07
6.004926e+07
6.004173e+07
6.003396e+07
6.002595e+07
6.001769e+07
6.000918e+07
6.000041e+07
5.999136e+07
5.998204e+07
5.997242e+07
5.996251e+07
5.995229e+07
5.994175e+07
5.993089e+07
5.991969e+07
5.990814e+07
5.989624e+07
5.988396e+07
5.987131e+07
5.985826e+07
5.984480e+07
5.983093e+07
5.981662e+07
5.980187e+07
5.978666e+07
5.977098e+07
5.975481e+07
5.973813e+07
5.972093e+07
5.970320e+07
5.968492e+07
5.966606e+07
5.964662e+07
5.962656e+07
5.960588e+07
5.958456e+07
5.956257e+07
5.953988e+07
5.951649e+07
5.949237e+07
5.946749e+07
5.944183e+07
5.941536e+07
5.938807e+07
5.935991e+07
5.933088e+07
5.930093e+07
5.927003e+07
5.923817e+07
5.920530e+07
5.917139e+07
5.913642e+07
5.910034e+07
5.906313e+07
5.902474e+07
5.898513e+07
5.894427e+07
5.890212e+07
5.885864e+07
5.881377e+07
5.876748e+07
5.871972e+07
5.867044e+07
5.861960e+07
5.856713e+07
5.851300e+07
5.845714e+07
5.839949e+07
5.834000e+07
5.827861e+07
5.821525e+07
5.814986e+07
5.808237e+07
5.801271e+07
5.794081e+07
5.786660e+07
5.778999e+07
5.771091e+07
5.762927e+07
5.754498e+07
5.745796e+07
5.736811e+07
5.727534e+07
5.717955e+07
5.708063e+07
5.697847e+07
5.687297e+07
5.676400e+07
5.665145e+07
5.653519e+07
5.641509e+07
5.629102e+07
5.616283e+07
5.603038e+07
5.589352e+07
5.575208e+07
5.560591e+07
5.545483e+07
5.529866e+07
5.513721e+07
5.497029e+07
5.479770e+07
5.461922e+07
5.443463e+07
5.424371e+07
5.404620e+07
5.384186e+07
5.363043e+07
5.341161e+07
5.318512e+07
5.295067e+07
5.270791e+07
5.245653e+07
5.219616e+07
5.192644e+07
5.164697e+07
5.135734e+07
5.105711e+07
5.074582e+07
5.042298e+07
5.008809e+07
4.974058e+07
4.937989e+07
4.900539e+07
4.861643e+07
4.821231e+07
4.779227e+07
4.735552e+07
4.690119e+07
4.642837e+07
4.593605e+07
4.542317e+07
4.488855e+07
4.433094e+07
4.374895e+07
4.314108e+07
4.250568e+07
4.184093e+07
4.114481e+07
4.041508e+07
3.964925e+07
3.884450e+07
3.799764e+07
3.710505e+07
3.616254e+07
3.516529e+07
3.410761e+07
3.298277e+07
3.178266e+07
3.049738e+07
2.911454e+07
2.761838e+07
2.598816e+07
2.419567e+07
2.220075e+07
1.994278e+07
1.732281e+07
1.416200e+07
1.009190e+07
0.000000e+00
0.000000e+00
0.000000e+00
0.000000e+00
0.000000e+00
0.000000e+00
0.000000e+00
0.000000e+00
0.000000e+00
0.000000e+00
0.000000e+00
0.000000e+00
0.000000e+00
0.000000e+00
0.000000e+00
0.000000e+00
0.000000e+00
0.000000e+00
0.000000e+00
0.000000e+00
0.000000e+00
0.000000e+00
0.000000e+00
0.000000e+00
0.000000e+00
0.000000e+00
0.000000e+00
0.000000e+00
0.000000e+00
0.000000e+00
0.000000e+00
0.000000e+00
0.000000e+00
0.000000e+00
0.000000e+00
0.000000e+00
0.000000e+00
0.000000e+00
0.000000e+00
0.000000e+00
0.000000e+00
0.000000e+00
0.000000e+00
0.000000e+00
0.000000e+00
0.000000e+00
0.000000e+00
0.000000e+00
0.000000e+00
0.000000e+00
0.000000e+00
0.000000e+00
0.000000e+00
0.000000e+00
0.000000e+00
0.000000e+00
0.000000e+00
0.000000e+00
0.000000e+00
0.000000e+00
0.000000e+00
0.000000e+00
0.000000e+00
0.000000e+00
0.000000e+00
0.000000e+00
0.000000e+00
0.000000e+00
0.000000e+00
0.000000e+00
0.000000e+00
0.000000e+00
0.000000e+00
0.000000e+00
0.000000e+00
0.000000e+00
0.000000e+00
0.000000e+00
0.000000e+00
0.000000e+00
0.000000e+00
0.000000e+00
0.000000e+00
0.000000e+00
0.000000e+00
0.000000e+00
0.000000e+00
0.000000e+00
0.000000e+00
0.000000e+00
0.000000e+00
0.000000e+00
0.000000e+00
0.000000e+00
0.000000e+00
0.000000e+00
0.000000e+00
0.000000e+00
0.000000e+00
0.000000e+00
0.000000e+00
0.000000e+00
0.000000e+00
0.000000e+00
0.000000e+00
0.000000e+00
0.000000e+00
0.000000e+00
0.000000e+00
0.000000e+00
0.000000e+00
0.000000e+00
0.000000e+00
0.000000e+00
0.000000e+00
0.000000e+00
0.000000e+00
0.000000e+00
0.000000e+00
0.000000e+00
0.000000e+00
0.000000e+00
0.000000e+00
0.000000e+00
0.000000e+00
0.000000e+00
0.000000e+00
0.000000e+00
0.000000e+00
0.000000e+00
0.000000e+00
0.000000e+00
0.000000e+00
0.000000e+00
0.000000e+00
0.000000e+00
0.000000e+00
0.000000e+00
0.000000e+00
0.000000e+00
0.000000e+00
0.000000e+00
0.000000e+00
0.000000e+00
0.000000e+00
0.000000e+00
0.000000e+00
0.000000e+00
0.000000e+00
0.000000e+00
0.000000e+00
0.000000e+00
0.000000e+00
0.000000e+00
0.000000e+00
0.000000e+00
0.000000e+00
0.000000e+00
0.000000e+00
0.000000e+00
0.000000e+00
0.000000e+00
0.000000e+00
0.000000e+00
0.000000e+00
0.000000e+00
0.000000e+00
0.000000e+00
0.000000e+00
0.000000e+00
0.000000e+00
0.000000e+00
0.000000e+00
0.000000e+00
0.000000e+00
0.000000e+00
0.000000e+00
0.000000e+00
0.000000e+00
0.000000e+00
0.000000e+00
0.000000e+00
0.000000e+00
0.000000e+00
0.000000e+00
0.000000e+00
0.000000e+00
0.000000e+00
0.000000e+00
0.000000e+00
0.000000e+00
0.000000e+00
0.000000e+00
0.000000e+00
0.000000e+00
0.000000e+00
0.000000e+00
0.000000e+00
0.000000e+00
0.000000e+00
0.000000e+00
0.000000e+00
0.000000e+00
0.000000e+00
0.000000e+00
0.000000e+00
0.000000e+00
0.000000e+00
0.000000e+00
0.000000e+00
0.000000e+00
0.000000e+00
0.000000e+00
0.000000e+00
0.000000e+00
0.000000e+00
0.000000e+00
0.000000e+00
0.000000e+00
0.000000e+00
0.000000e+00
0.000000e+00
0.000000e+00
0.000000e+00
0.000000e+00
0.000000e+00
0.000000e+00
0.000000e+00
0.000000e+00
0.000000e+00
0.000000e+00
0.000000e+00
0.000000e+00
0.000000e+00
0.000000e+00
0.000000e+00
0.000000e+00
0.000000e+00
0.000000e+00
0.000000e+00
0.000000e+00
0.000000e+00
0.000000e+00
0.000000e+00
0.000000e+00
0.000000e+00
0.000000e+00
0.000000e+00
0.000000e+00
0.000000e+00
0.000000e+00
0.000000e+00
0.000000e+00
0.000000e+00
0.000000e+00
0.000000e+00
0.000000e+00
0.000000e+00
0.000000e+00
0.000000e+00
0.000000e+00
0.000000e+00
0.000000e+00
0.000000e+00
0.000000e+00
0.000000e+00
0.000000e+00
0.000000e+00
0.000000e+00
0.000000e+00
0.000000e+00
0.000000e+00
0.000000e+00
0.000000e+00
0.000000e+00
0.000000e+00
0.000000e+00
0.000000e+00
0.000000e+00
0.000000e+00
0.000000e+00
0.000000e+00
0.000000e+00
0.000000e+00
0.000000e+00
0.000000e+00
0.000000e+00
0.000000e+00
0.000000e+00
0.000000e+00
0.000000e+00
0.000000e+00
0.000000e+00
0.000000e+00
0.000000e+00
0.000000e+00
0.000000e+00
0.000000e+00
0.000000e+00
0.000000e+00
0.000000e+00
0.000000e+00
0.000000e+00
0.000000e+00
0.000000e+00
0.000000e+00
0.000000e+00
0.000000e+00
0.000000e+00
0.000000e+00
0.000000e+00
0.000000e+00
0.000000e+00
0.000000e+00
0.000000e+00
0.000000e+00
0.000000e+00
0.000000e+00
0.000000e+00
0.000000e+00
0.000000e+00
0.000000e+00
0.000000e+00
0.000000e+00
0.000000e+00
0.000000e+00
0.000000e+00
0.000000e+00
0.000000e+00
0.000000e+00
0.000000e+00
0.000000e+00
0.000000e+00
0.000000e+00
0.000000e+00
0.000000e+00
0.000000e+00
0.000000e+00
0.000000e+00
0.000000e+00
0.000000e+00
0.000000e+00
0.000000e+00
0.000000e+00
0.000000e+00
0.000000e+00
0.000000e+00
0.000000e+00
0.000000e+00
0.000000e+00
0.000000e+00
0.000000e+00
0.000000e+00
0.000000e+00
0.000000e+00
0.000000e+00
0.000000e+00
0.000000e+00
0.000000e+00
0.000000e+00
0.000000e+00
0.000000e+00
0.000000e+00
0.000000e+00
0.000000e+00
0.000000e+00
0.000000e+00
0.000000e+00
0.000000e+00
0.000000e+00
0.000000e+00
0.000000e+00
0.000000e+00
0.000000e+00
0.000000e+00
0.000000e+00
0.000000e+00
0.000000e+00
0.000000e+00
0.000000e+00
0.000000e+00
0.000000e+00
0.000000e+00
0.000000e+00
0.000000e+00
0.000000e+00
0.000000e+00
0.000000e+00
0.000000e+00
0.000000e+00
0.000000e+00
0.000000e+00
0.000000e+00
0.000000e+00
0.000000e+00
0.000000e+00
0.000000e+00
0.000000e+00
0.000000e+00
0.000000e+00
0.000000e+00
0.000000e+00
0.000000e+00
0.000000e+00
0.000000e+00
0.000000e+00
0.000000e+00
0.000000e+00
0.000000e+00
0.000000e+00
0.000000e+00
0.000000e+00
0.000000e+00
0.000000e+00
0.000000e+00
0.000000e+00
0.000000e+00
0.000000e+00
0.000000e+00
0.000000e+00
0.000000e+00
0.000000e+00
0.000000e+00
0.000000e+00
0.000000e+00
0.000000e+00
0.000000e+00
0.000000e+00
0.000000e+00
0.000000e+00
0.000000e+00
0.000000e+00
0.000000e+00
0.000000e+00
0.000000e+00
0.000000e+00
0.000000e+00
0.000000e+00
0.000000e+00
0.000000e+00
0.000000e+00
0.000000e+00
0.000000e+00
0.000000e+00
0.000000e+00
0.000000e+00
0.000000e+00
0.000000e+00
0.000000e+00
0.000000e+00
0.000000e+00
0.000000e+00
0.000000e+00
0.000000e+00
0.000000e+00
0.000000e+00
0.000000e+00
0.000000e+00
0.000000e+00
0.000000e+00
0.000000e+00
0.000000e+00
0.000000e+00
0.000000e+00
0.000000e+00
0.000000e+00
0.000000e+00
0.000000e+00
0.000000e+00
0.000000e+00
0.000000e+00
0.000000e+00
0.000000e+00
0.000000e+00
0.000000e+00
0.000000e+00
0.000000e+00
0.000000e+00
0.000000e+00
0.000000e+00
0.000000e+00
0.000000e+00
0.000000e+00
0.000000e+00
0.000000e+00
0.000000e+00
0.000000e+00
0.000000e+00
0.000000e+00
0.000000e+00
0.000000e+00
0.000000e+00
0.000000e+00
0.000000e+00
0.000000e+00
0.000000e+00
0.000000e+00
0.000000e+00
0.000000e+00
0.000000e+00
0.000000e+00
0.000000e+00
0.000000e+00
0.000000e+00
0.000000e+00
0.000000e+00
0.000000e+00
0.000000e+00
0.000000e+00
0.000000e+00
0.000000e+00
0.000000e+00
0.000000e+00
0.000000e+00
0.000000e+00
0.000000e+00
0.000000e+00
0.000000e+00
0.000000e+00
0.000000e+00
0.000000e+00
0.000000e+00
0.000000e+00
0.000000e+00
0.000000e+00
0.000000e+00
0.000000e+00
0.000000e+00
0.000000e+00
0.000000e+00
0.000000e+00
0.000000e+00
0.000000e+00
0.000000e+00
0.000000e+00
0.000000e+00
0.000000e+00
0.000000e+00
0.000000e+00
0.000000e+00
0.000000e+00
0.000000e+00
0.000000e+00
0.000000e+00
0.000000e+00
0.000000e+00
0.000000e+00
0.000000e+00
0.000000e+00
0.000000e+00
0.000000e+00
0.000000e+00
0.000000e+00
0.000000e+00
0.000000e+00
0.000000e+00
0.000000e+00
0.000000e+00
0.000000e+00
0.000000e+00
0.000000e+00
0.000000e+00
0.000000e+00
0.000000e+00
0.000000e+00
0.000000e+00
0.000000e+00
0.000000e+00
0.000000e+00
0.000000e+00
0.000000e+00
0.000000e+00
0.000000e+00
0.000000e+00
0.000000e+00
0.000000e+00
0.000000e+00
0.000000e+00
0.000000e+00
0.000000e+00
0.000000e+00
0.000000e+00
0.000000e+00
0.000000e+00
0.000000e+00
0.000000e+00
0.000000e+00
0.000000e+00
0.000000e+00
0.000000e+00
0.000000e+00
0.000000e+00
0.000000e+00
0.000000e+00
0.000000e+00
0.000000e+00
0.000000e+00
0.000000e+00
0.000000e+00
0.000000e+00
0.000000e+00
0.000000e+00
0.000000e+00
0.000000e+00
0.000000e+00
0.000000e+00
0.000000e+00
0.000000e+00
0.000000e+00
0.000000e+00
0.000000e+00
0.000000e+00
0.000000e+00
0.000000e+00
0.000000e+00
0.000000e+00
0.000000e+00
0.000000e+00
0.000000e+00
0.000000e+00
0.000000e+00
0.000000e+00
0.000000e+00
0.000000e+00
0.000000e+00
0.000000e+00
0.000000e+00
0.000000e+00
0.000000e+00
0.000000e+00
0.000000e+00
0.000000e+00
0.000000e+00
0.000000e+00
0.000000e+00
0.000000e+00
0.000000e+00
0.000000e+00
0.000000e+00
0.000000e+00
0.000000e+00
0.000000e+00
0.000000e+00
0.000000e+00
0.000000e+00
0.000000e+00
0.000000e+00
0.000000e+00
0.000000e+00
0.000000e+00
0.000000e+00
0.000000e+00
0.000000e+00
0.000000e+00
0.000000e+00
0.000000e+00
0.000000e+00
0.000000e+00
0.000000e+00
0.000000e+00
0.000000e+00
0.000000e+00
0.000000e+00
0.000000e+00
0.000000e+00
0.000000e+00
0.000000e+00
0.000000e+00
0.000000e+00
0.000000e+00
0.000000e+00
0.000000e+00
0.000000e+00
0.000000e+00
0.000000e+00
0.000000e+00
0.000000e+00
0.000000e+00
0.000000e+00
0.000000e+00
0.000000e+00
0.000000e+00
0.000000e+00
0.000000e+00
0.000000e+00
0.000000e+00
0.000000e+00
0.000000e+00
0.000000e+00
0.000000e+00
0.000000e+00
0.000000e+00
0.000000e+00
0.000000e+00
0.000000e+00
0.000000e+00
0.000000e+00
0.000000e+00
0.000000e+00
0.000000e+00
0.000000e+00
0.000000e+00
0.000000e+00
0.000000e+00
0.000000e+00
0.000000e+00
0.000000e+00
0.000000e+00
0.000000e+00
0.000000e+00
0.000000e+00
0.000000e+00
0.000000e+00
0.000000e+00
0.000000e+00
0.000000e+00
0.000000e+00
0.000000e+00
0.000000e+00
0.000000e+00
0.000000e+00
0.000000e+00
0.000000e+00
0.000000e+00
0.000000e+00
0.000000e+00
0.000000e+00
0.000000e+00
0.000000e+00
0.000000e+00
0.000000e+00
0.000000e+00
0.000000e+00
0.000000e+00
0.000000e+00
0.000000e+00
0.000000e+00
0.000000e+00
0.000000e+00
0.000000e+00
0.000000e+00
0.000000e+00
0.000000e+00
0.000000e+00
0.000000e+00
0.000000e+00
0.000000e+00
0.000000e+00
0.000000e+00
0.000000e+00
0.000000e+00
0.000000e+00
0.000000e+00
0.000000e+00
0.000000e+00
0.000000e+00
0.000000e+00
0.000000e+00
0.000000e+00
0.000000e+00
0.000000e+00
0.000000e+00
0.000000e+00
0.000000e+00
0.000000e+00
0.000000e+00
0.000000e+00
0.000000e+00
0.000000e+00
0.000000e+00
0.000000e+00
0.000000e+00
0.000000e+00
0.000000e+00
0.000000e+00
0.000000e+00
0.000000e+00
0.000000e+00
0.000000e+00
0.000000e+00
0.000000e+00
0.000000e+00
0.000000e+00
0.000000e+00
0.000000e+00
0.000000e+00
0.000000e+00
0.000000e+00
0.000000e+00
0.000000e+00
0.000000e+00
0.000000e+00
0.000000e+00
0.000000e+00
0.000000e+00
0.000000e+00
0.000000e+00
0.000000e+00
0.000000e+00
0.000000e+00
0.000000e+00
0.000000e+00
0.000000e+00
0.000000e+00
0.000000e+00
0.000000e+00
0.000000e+00
0.000000e+00
0.000000e+00
0.000000e+00
0.000000e+00
0.000000e+00
0.000000e+00
0.000000e+00
0.000000e+00
0.000000e+00
0.000000e+00
0.000000e+00
0.000000e+00
0.000000e+00
0.000000e+00
0.000000e+00
0.000000e+00
0.000000e+00
0.000000e+00
0.000000e+00
0.000000e+00
0.000000e+00
0.000000e+00
0.000000e+00
0.000000e+00
0.000000e+00
0.000000e+00
0.000000e+00
0.000000e+00
0.000000e+00
0.000000e+00
0.000000e+00
0.000000e+00
0.000000e+00
0.000000e+00
0.000000e+00
0.000000e+00
0.000000e+00
0.000000e+00
0.000000e+00
0.000000e+00
0.000000e+00
0.000000e+00
0.000000e+00
0.000000e+00
0.000000e+00
0.000000e+00
0.000000e+00
0.000000e+00
0.000000e+00
0.000000e+00
0.000000e+00
0.000000e+00
0.000000e+00
0.000000e+00
0.000000e+00
0.000000e+00
0.000000e+00
0.000000e+00
0.000000e+00
0.000000e+00
0.000000e+00
0.000000e+00
0.000000e+00
0.000000e+00
0.000000e+00
0.000000e+00
0.000000e+00
0.000000e+00
0.000000e+00
0.000000e+00
0.000000e+00
0.000000e+00
0.000000e+00
0.000000e+00
0.000000e+00
0.000000e+00
0.000000e+00
0.000000e+00
0.000000e+00
0.000000e+00
0.000000e+00
0.000000e+00
0.000000e+00
0.000000e+00
0.000000e+00
0.000000e+00
0.000000e+00
0.000000e+00
0.000000e+00
0.000000e+00
0.000000e+00
0.000000e+00
0.000000e+00
0.000000e+00
0.000000e+00
0.000000e+00
0.000000e+00
0.000000e+00
0.000000e+00
0.000000e+00
0.000000e+00
0.000000e+00
0.000000e+00
0.000000e+00
0.000000e+00
0.000000e+00
0.000000e+00
0.000000e+00
0.000000e+00
0.000000e+00
0.000000e+00
0.000000e+00
0.000000e+00
0.000000e+00
0.000000e+00
0.000000e+00
0.000000e+00
0.000000e+00
0.000000e+00
0.000000e+00
0.000000e+00
0.000000e+00
0.000000e+00
0.000000e+00
0.000000e+00
0.000000e+00
0.000000e+00
0.000000e+00
0.000000e+00
0.000000e+00
0.000000e+00
0.000000e+00
0.000000e+00
0.000000e+00
0.000000e+00
0.000000e+00
0.000000e+00
0.000000e+00
0.000000e+00
0.000000e+00
0.000000e+00
0.000000e+00
0.000000e+00
0.000000e+00
0.000000e+00
0.000000e+00
0.000000e+00
0.000000e+00
0.000000e+00
0.000000e+00
0.000000e+00
0.000000e+00
0.000000e+00
0.000000e+00
0.000000e+00
0.000000e+00
0.000000e+00
0.000000e+00
0.000000e+00
0.000000e+00
0.000000e+00
0.000000e+00
0.000000e+00
0.000000e+00
0.000000e+00
0.000000e+00
0.000000e+00
0.000000e+00
0.000000e+00
0.000000e+00
0.000000e+00
0.000000e+00
0.000000e+00
0.000000e+00
0.000000e+00
0.000000e+00
0.000000e+00
0.000000e+00
0.000000e+00
0.000000e+00
0.000000e+00
0.000000e+00
0.000000e+00
0.000000e+00
0.000000e+00
0.000000e+00
0.000000e+00
0.000000e+00
0.000000e+00
0.000000e+00
0.000000e+00
0.000000e+00
0.000000e+00
0.000000e+00
0.000000e+00
0.000000e+00
0.000000e+00
0.000000e+00
0.000000e+00
0.000000e+00
0.000000e+00
0.000000e+00
0.000000e+00
0.000000e+00
0.000000e+00
0.000000e+00
0.000000e+00
0.000000e+00
0.000000e+00
0.000000e+00
0.000000e+00
0.000000e+00
0.000000e+00
0.000000e+00
0.000000e+00
0.000000e+00
0.000000e+00
0.000000e+00
0.000000e+00
0.000000e+00
0.000000e+00
0.000000e+00
0.000000e+00
0.000000e+00
0.000000e+00
0.000000e+00
0.000000e+00
0.000000e+00
0.000000e+00
0.000000e+00
0.000000e+00
0.000000e+00
0.000000e+00
0.000000e+00
0.000000e+00
0.000000e+00
0.000000e+00
0.000000e+00
0.000000e+00
0.000000e+00
0.000000e+00
0.000000e+00
0.000000e+00
0.000000e+00
0.000000e+00
0.000000e+00
0.000000e+00
0.000000e+00
0.000000e+00
0.000000e+00
0.000000e+00
0.000000e+00
0.000000e+00
0.000000e+00
0.000000e+00
0.000000e+00
0.000000e+00
0.000000e+00
0.000000e+00
0.000000e+00
0.000000e+00
0.000000e+00
0.000000e+00
0.000000e+00
0.000000e+00
0.000000e+00
0.000000e+00
0.000000e+00
0.000000e+00
0.000000e+00
0.000000e+00
0.000000e+00
0.000000e+00
0.000000e+00
0.000000e+00
0.000000e+00
0.000000e+00
0.000000e+00
0.000000e+00
0.000000e+00
0.000000e+00
0.000000e+00
0.000000e+00
0.000000e+00
0.000000e+00
0.000000e+00
0.000000e+00
0.000000e+00
0.000000e+00
0.000000e+00
0.000000e+00
0.000000e+00
0.000000e+00
0.000000e+00
0.000000e+00
0.000000e+00
0.000000e+00
0.000000e+00
0.000000e+00
0.000000e+00
