2.728064e+06
2.634720e+06
2.543142e+06
2.453327e+06
2.365277e+06
2.278989e+06
2.194465e+06
2.111703e+06
2.030702e+06
1.951463e+06
1.873984e+06
1.798264e+06
1.724304e+06
1.652102e+06
1.581657e+06
1.512969e+06
1.446037e+06
1.380859e+06
1.317436e+06
1.255766e+06
1.195848e+06
1.137682e+06
1.081266e+06
1.026599e+06
9.736796e+05
9.225076e+05
8.730814e+05
8.253999e+05
7.794618e+05
7.352659e+05
6.928108e+05
6.520954e+05
6.131181e+05
5.758777e+05
5.403726e+05
5.066015e+05
4.745627e+05
4.442547e+05
4.156760e+05
3.888249e+05
3.636998e+05
3.402989e+05
3.186204e+05
2.986627e+05
2.804238e+05
2.639019e+05
2.490951e+05
2.360014e+05
2.246187e+05
2.149452e+05
2.069785e+05
2.007167e+05
1.961575e+05
1.932987e+05
1.921381e+05
1.926732e+05
1.949018e+05
1.988214e+05
2.044296e+05
2.117237e+05
2.207014e+05
2.313599e+05
2.436966e+05
2.577089e+05
2.733938e+05
2.907487e+05
3.097706e+05
3.304566e+05
3.528038e+05
3.768091e+05
4.024695e+05
4.297819e+05
4.587430e+05
4.893496e+05
5.215984e+05
5.554861e+05
5.910092e+05
6.281644e+05
6.669480e+05
7.073565e+05
7.493864e+05
7.930338e+05
8.382950e+05
8.851663e+05
9.336437e+05
9.837233e+05
1.035401e+06
1.088673e+06
1.143535e+06
1.199983e+06
1.258013e+06
1.317620e+06
1.378800e+06
1.441549e+06
1.505862e+06
1.571734e+06
1.639162e+06
1.708139e+06
1.778662e+06
1.850726e+06
1.924326e+06
