2.376041e+06
2.291722e+06
2.209069e+06
2.128081e+06
2.048757e+06
1.971098e+06
1.895102e+06
1.820768e+06
1.748097e+06
1.677088e+06
1.607739e+06
1.540050e+06
1.474021e+06
1.409651e+06
1.346939e+06
1.285883e+06
1.226485e+06
1.168741e+06
1.112652e+06
1.058217e+06
1.005434e+06
9.543026e+05
9.048220e+05
8.569910e+05
8.108085e+05
7.662733e+05
7.233843e+05
6.821402e+05
6.425400e+05
6.045823e+05
5.682658e+05
5.335891e+05
5.005511e+05
4.691501e+05
4.393849e+05
4.112539e+05
3.847556e+05
3.598885e+05
3.366510e+05
3.150414e+05
2.950581e+05
2.766994e+05
2.599636e+05
2.448488e+05
2.313533e+05
2.194752e+05
2.092125e+05
2.005633e+05
1.935257e+05
1.880976e+05
1.842769e+05
1.820615e+05
1.814492e+05
1.824379e+05
1.850253e+05
1.892090e+05
1.949867e+05
2.023561e+05
2.113147e+05
2.218600e+05
2.339894e+05
2.477005e+05
2.629906e+05
2.798569e+05
2.982968e+05
3.183075e+05
3.398861e+05
3.630299e+05
3.877358e+05
4.140009e+05
4.418221e+05
4.711964e+05
5.021206e+05
5.345915e+05
5.686060e+05
6.041607e+05
6.412522e+05
6.798771e+05
7.200321e+05
7.617135e+05
8.049178e+05
8.496413e+05
8.958805e+05
9.436315e+05
9.928906e+05
1.043654e+06
1.095917e+06
1.149677e+06
1.204929e+06
1.261670e+06
1.319894e+06
1.379598e+06
1.440778e+06
1.503428e+06
1.567546e+06
1.633126e+06
1.700164e+06
1.768655e+06
1.838595e+06
1.909978e+06
1.982801e+06
