1.75349612
1.75268712
1.75196312
1.75133012
1.75079112
1.75034312
1.74998312
1.74970212
1.74949312
1.74934612
1.74925212
1.74920412
1.74919412
1.74921612
1.74926212
1.74932912
1.74941212
1.74950712
1.74961212
1.74972312
1.74984012
1.74995912
1.75008112
1.75020312
1.75032512
1.75044612
1.75056612
1.75068412
1.75080112
1.75091412
1.75102512
1.75113412
1.75124012
1.75134312
1.75144312
1.75154112
1.75163612
1.75172812
1.75181712
1.75190412
1.75198912
1.75207112
1.75215012
1.75222712
1.75230212
1.75237512
1.75244612
1.75251412
1.75258112
1.75264612
1.75270912
1.75277012
1.75283012
1.75288712
1.75294412
1.75299912
1.75305212
1.75310412
1.75315412
1.75320412
1.75325112
1.75329812
1.75334412
1.75338812
1.75343112
1.75347412
1.75351512
1.75355512
1.75359412
1.75363312
1.75367012
1.75370712
1.75374212
1.75377712
1.75381212
1.75384512
1.75387812
1.75391012
1.75394112
1.75397112
1.75400112
1.75403112
1.75406012
1.75408812
1.75411512
1.75414212
1.75416912
1.75419512
1.75422012
1.75424512
1.75427012
1.75429412
1.75431712
1.75434112
1.75436312
1.75438612
1.75440812
1.75442912
1.75445012
1.75447112
1.75449112
