1.74900012
1.74893412
1.74891112
1.74892312
1.74896312
1.74902612
1.74910812
1.74920312
1.74931012
1.74942512
1.74954512
1.74966912
1.74979612
1.74992412
1.75005212
1.75018012
1.75030612
1.75043012
1.75055312
1.75067312
1.75079012
1.75090512
1.75101712
1.75112612
1.75123212
1.75133512
1.75143612
1.75153312
1.75162812
1.75172012
1.75180912
1.75189612
1.75198012
1.75206212
1.75214112
1.75221912
1.75229312
1.75236612
1.75243712
1.75250512
1.75257212
1.75263712
1.75270012
1.75276112
1.75282112
1.75287812
1.75293512
1.75299012
1.75304312
1.75309512
1.75314612
1.75319512
1.75324412
1.75329112
1.75333612
1.75338112
1.75342512
1.75346712
1.75350912
1.75354912
1.75358912
1.75362712
1.75366512
1.75370212
1.75373812
1.75377312
1.75380812
1.75384212
1.75387512
1.75390712
1.75393912
1.75397012
1.75400012
1.75403012
1.75405912
1.75408812
1.75411512
1.75414312
1.75417012
1.75419612
1.75422212
1.75424712
1.75427212
1.75429712
1.75432112
1.75434412
1.75436812
1.75439012
1.75441312
1.75443512
1.75445612
1.75447712
1.75449812
1.75451912
1.75453912
1.75455912
1.75457812
1.75459712
1.75461612
1.75463512
1.75465312
