5.661613e+07
5.661540e+07
5.661523e+07
5.661514e+07
5.661508e+07
5.661503e+07
5.661499e+07
5.661496e+07
5.661493e+07
5.661491e+07
5.661489e+07
5.661486e+07
5.661485e+07
5.661483e+07
5.661481e+07
5.661480e+07
5.661478e+07
5.661477e+07
5.661476e+07
5.661475e+07
5.661473e+07
5.661472e+07
5.661471e+07
5.661470e+07
5.661469e+07
5.661468e+07
5.661467e+07
5.661466e+07
5.661465e+07
5.661465e+07
5.661464e+07
5.661463e+07
5.661462e+07
5.661461e+07
5.661461e+07
5.661460e+07
5.661459e+07
5.661458e+07
5.661458e+07
5.661457e+07
5.661456e+07
5.661456e+07
5.661455e+07
5.661454e+07
5.661453e+07
5.661453e+07
5.661452e+07
5.661451e+07
5.661451e+07
5.661450e+07
5.661450e+07
5.661449e+07
5.661448e+07
5.661448e+07
5.661447e+07
5.661446e+07
5.661446e+07
5.661445e+07
5.661444e+07
5.661444e+07
5.661443e+07
5.661443e+07
5.661442e+07
5.661441e+07
5.661441e+07
5.661440e+07
5.661439e+07
5.661439e+07
5.661438e+07
5.661438e+07
5.661437e+07
5.661436e+07
5.661436e+07
5.661435e+07
5.661434e+07
5.661434e+07
5.661433e+07
5.661433e+07
5.661432e+07
5.661431e+07
5.661431e+07
5.661430e+07
5.661429e+07
5.661429e+07
5.661428e+07
5.661427e+07
5.661427e+07
5.661426e+07
5.661425e+07
5.661425e+07
5.661424e+07
5.661423e+07
5.661423e+07
5.661422e+07
5.661421e+07
5.661421e+07
5.661420e+07
5.661419e+07
5.661419e+07
5.661418e+07
5.661417e+07
5.661417e+07
5.661416e+07
5.661415e+07
5.661414e+07
5.661414e+07
5.661413e+07
5.661412e+07
5.661412e+07
5.661411e+07
5.661410e+07
5.661409e+07
5.661409e+07
5.661408e+07
5.661407e+07
5.661406e+07
5.661406e+07
5.661405e+07
5.661404e+07
5.661403e+07
5.661403e+07
5.661402e+07
5.661401e+07
5.661400e+07
5.661400e+07
5.661399e+07
5.661398e+07
5.661397e+07
5.661396e+07
5.661396e+07
5.661395e+07
5.661394e+07
5.661393e+07
5.661392e+07
5.661391e+07
5.661391e+07
5.661390e+07
5.661389e+07
5.661388e+07
5.661387e+07
5.661386e+07
5.661385e+07
5.661384e+07
5.661384e+07
5.661383e+07
5.661382e+07
5.661381e+07
5.661380e+07
5.661379e+07
5.661378e+07
5.661377e+07
5.661376e+07
5.661375e+07
5.661374e+07
5.661373e+07
5.661373e+07
5.661372e+07
5.661371e+07
5.661370e+07
5.661369e+07
5.661368e+07
5.661367e+07
5.661366e+07
5.661365e+07
5.661364e+07
5.661363e+07
5.661362e+07
5.661361e+07
5.661360e+07
5.661359e+07
5.661358e+07
5.661356e+07
5.661355e+07
5.661354e+07
5.661353e+07
5.661352e+07
5.661351e+07
5.661350e+07
5.661349e+07
5.661348e+07
5.661347e+07
5.661346e+07
5.661344e+07
5.661343e+07
5.661342e+07
5.661341e+07
5.661340e+07
5.661339e+07
5.661337e+07
5.661336e+07
5.661335e+07
5.661334e+07
5.661333e+07
5.661332e+07
5.661330e+07
5.661329e+07
5.661328e+07
5.661327e+07
5.661325e+07
5.661324e+07
5.661323e+07
5.661322e+07
5.661320e+07
5.661319e+07
5.661318e+07
5.661316e+07
5.661315e+07
5.661314e+07
5.661312e+07
5.661311e+07
5.661310e+07
5.661308e+07
5.661307e+07
5.661306e+07
5.661304e+07
5.661303e+07
5.661301e+07
5.661300e+07
5.661299e+07
5.661297e+07
5.661296e+07
5.661294e+07
5.661293e+07
5.661291e+07
5.661290e+07
5.661288e+07
5.661287e+07
5.661285e+07
5.661284e+07
5.661282e+07
5.661281e+07
5.661279e+07
5.661278e+07
5.661276e+07
5.661275e+07
5.661273e+07
5.661272e+07
5.661270e+07
5.661268e+07
5.661267e+07
5.661265e+07
5.661263e+07
5.661262e+07
5.661260e+07
5.661258e+07
5.661257e+07
5.661255e+07
5.661253e+07
5.661252e+07
5.661250e+07
5.661248e+07
5.661246e+07
5.661245e+07
5.661243e+07
5.661241e+07
5.661239e+07
5.661238e+07
5.661236e+07
5.661234e+07
5.661232e+07
5.661230e+07
5.661228e+07
5.661226e+07
5.661225e+07
5.661223e+07
5.661221e+07
5.661219e+07
5.661217e+07
5.661215e+07
5.661213e+07
5.661211e+07
5.661209e+07
5.661207e+07
5.661205e+07
5.661203e+07
5.661201e+07
5.661199e+07
5.661197e+07
5.661195e+07
5.661192e+07
5.661190e+07
5.661188e+07
5.661186e+07
5.661184e+07
5.661182e+07
5.661179e+07
5.661177e+07
5.661175e+07
5.661173e+07
5.661170e+07
5.661168e+07
5.661166e+07
5.661164e+07
5.661161e+07
5.661159e+07
5.661156e+07
5.661154e+07
5.661152e+07
5.661149e+07
5.661147e+07
5.661144e+07
5.661142e+07
5.661139e+07
5.661137e+07
5.661134e+07
5.661132e+07
5.661129e+07
5.661126e+07
5.661124e+07
5.661121e+07
5.661118e+07
5.661116e+07
5.661113e+07
5.661110e+07
5.661108e+07
5.661105e+07
5.661102e+07
5.661099e+07
5.661096e+07
5.661093e+07
5.661090e+07
5.661087e+07
5.661084e+07
5.661081e+07
5.661078e+07
5.661075e+07
5.661072e+07
5.661069e+07
5.661066e+07
5.661063e+07
5.661060e+07
5.661056e+07
5.661053e+07
5.661050e+07
5.661046e+07
5.661043e+07
5.661040e+07
5.661036e+07
5.661033e+07
5.661029e+07
5.661026e+07
5.661022e+07
5.661018e+07
5.661015e+07
5.661011e+07
5.661007e+07
5.661003e+07
5.660999e+07
5.660996e+07
5.660992e+07
5.660988e+07
5.660984e+07
5.660979e+07
5.660975e+07
5.660971e+07
5.660967e+07
5.660962e+07
5.660958e+07
5.660954e+07
5.660949e+07
5.660945e+07
5.660940e+07
5.660935e+07
5.660931e+07
5.660926e+07
5.660921e+07
5.660916e+07
5.660911e+07
5.660906e+07
5.660901e+07
5.660895e+07
5.660890e+07
5.660884e+07
5.660879e+07
5.660873e+07
5.660868e+07
5.660862e+07
5.660856e+07
5.660850e+07
5.660844e+07
5.660838e+07
5.660831e+07
5.660825e+07
5.660819e+07
5.660812e+07
5.660805e+07
5.660798e+07
5.660791e+07
5.660784e+07
5.660777e+07
5.660770e+07
5.660762e+07
5.660755e+07
5.660747e+07
5.660739e+07
5.660731e+07
5.660723e+07
5.660714e+07
5.660706e+07
5.660697e+07
5.660688e+07
5.660679e+07
5.660669e+07
5.660660e+07
5.660650e+07
5.660640e+07
5.660630e+07
5.660620e+07
5.660609e+07
5.660599e+07
5.660588e+07
5.660576e+07
5.660565e+07
5.660553e+07
5.660541e+07
5.660529e+07
5.660516e+07
5.660504e+07
5.660490e+07
5.660477e+07
5.660463e+07
5.660449e+07
5.660435e+07
5.660420e+07
5.660405e+07
5.660389e+07
5.660374e+07
5.660357e+07
5.660341e+07
5.660324e+07
5.660306e+07
5.660288e+07
5.660270e+07
5.660251e+07
5.660232e+07
5.660212e+07
5.660192e+07
5.660171e+07
5.660150e+07
5.660128e+07
5.660106e+07
5.660083e+07
5.660059e+07
5.660035e+07
5.660010e+07
5.659985e+07
5.659959e+07
5.659932e+07
5.659904e+07
5.659876e+07
5.659847e+07
5.659817e+07
5.659786e+07
5.659755e+07
5.659722e+07
5.659689e+07
5.659655e+07
5.659620e+07
5.659584e+07
5.659547e+07
5.659509e+07
5.659470e+07
5.659430e+07
5.659388e+07
5.659346e+07
5.659302e+07
5.659257e+07
5.659211e+07
5.659164e+07
5.659115e+07
5.659065e+07
5.659013e+07
5.658960e+07
5.658905e+07
5.658849e+07
5.658791e+07
5.658732e+07
5.658671e+07
5.658608e+07
5.658543e+07
5.658476e+07
5.658408e+07
5.658337e+07
5.658264e+07
5.658190e+07
5.658113e+07
5.658034e+07
5.657952e+07
5.657868e+07
5.657782e+07
5.657693e+07
5.657602e+07
5.657507e+07
5.657410e+07
5.657311e+07
5.657208e+07
5.657102e+07
5.656993e+07
5.656881e+07
5.656765e+07
5.656646e+07
5.656524e+07
5.656397e+07
5.656267e+07
5.656134e+07
5.655996e+07
5.655854e+07
5.655707e+07
5.655557e+07
5.655402e+07
5.655242e+07
5.655077e+07
5.654907e+07
5.654733e+07
5.654553e+07
5.654367e+07
5.654176e+07
5.653979e+07
5.653776e+07
5.653567e+07
5.653352e+07
5.653130e+07
5.652902e+07
5.652666e+07
5.652423e+07
5.652173e+07
5.651916e+07
5.651650e+07
5.651377e+07
5.651095e+07
5.650804e+07
5.650505e+07
5.650196e+07
5.649878e+07
5.649550e+07
5.649213e+07
5.648865e+07
5.648506e+07
5.648136e+07
5.647755e+07
5.647362e+07
5.646958e+07
5.646540e+07
5.646110e+07
5.645667e+07
5.645210e+07
5.644739e+07
5.644254e+07
5.643754e+07
5.643238e+07
5.642707e+07
5.642159e+07
5.641594e+07
5.641012e+07
5.640411e+07
5.639793e+07
5.639155e+07
5.638497e+07
5.637820e+07
5.637121e+07
5.636401e+07
5.635658e+07
5.634892e+07
5.634103e+07
5.633289e+07
5.632451e+07
5.631586e+07
5.630694e+07
5.629775e+07
5.628827e+07
5.627850e+07
5.626842e+07
5.625804e+07
5.624733e+07
5.623628e+07
5.622490e+07
5.621316e+07
5.620106e+07
5.618858e+07
5.617571e+07
5.616244e+07
5.614876e+07
5.613465e+07
5.612010e+07
5.610510e+07
5.608963e+07
5.607368e+07
5.605723e+07
5.604027e+07
5.602278e+07
5.600474e+07
5.598614e+07
5.596696e+07
5.594717e+07
5.592677e+07
5.590573e+07
5.588403e+07
5.586166e+07
5.583858e+07
5.581477e+07
5.579023e+07
5.576491e+07
5.573879e+07
5.571186e+07
5.568408e+07
5.565542e+07
5.562587e+07
5.559538e+07
5.556394e+07
5.553150e+07
5.549804e+07
5.546352e+07
5.542792e+07
5.539119e+07
5.535330e+07
5.531421e+07
5.527389e+07
5.523229e+07
5.518937e+07
5.514508e+07
5.509940e+07
5.505226e+07
5.500362e+07
5.495344e+07
5.490166e+07
5.484822e+07
5.479309e+07
5.473619e+07
5.467747e+07
5.461688e+07
5.455434e+07
5.448981e+07
5.442319e+07
5.435444e+07
5.428348e+07
5.421023e+07
5.413462e+07
5.405657e+07
5.397599e+07
5.389281e+07
5.380693e+07
5.371826e+07
5.362670e+07
5.353217e+07
5.343455e+07
5.333374e+07
5.322963e+07
5.312210e+07
5.301104e+07
5.289632e+07
5.277782e+07
5.265540e+07
5.252893e+07
5.239825e+07
5.226322e+07
5.212369e+07
5.197948e+07
5.183044e+07
5.167639e+07
5.151713e+07
5.135249e+07
5.118225e+07
5.100622e+07
5.082417e+07
5.063588e+07
5.044111e+07
5.023960e+07
5.003110e+07
4.981534e+07
4.959203e+07
4.936086e+07
4.912152e+07
4.887369e+07
4.861701e+07
4.835111e+07
4.807562e+07
4.779012e+07
4.749417e+07
4.718734e+07
4.686913e+07
4.653904e+07
4.619652e+07
4.584101e+07
4.547188e+07
4.508849e+07
4.469014e+07
4.427609e+07
4.384554e+07
4.339763e+07
4.293143e+07
4.244596e+07
4.194013e+07
4.141277e+07
4.086261e+07
4.028825e+07
3.968816e+07
3.906066e+07
3.840390e+07
3.771579e+07
3.699404e+07
3.623603e+07
3.543883e+07
3.459908e+07
3.371293e+07
3.277591e+07
3.178278e+07
3.072731e+07
2.960202e+07
2.839774e+07
2.710304e+07
2.570334e+07
2.417945e+07
2.250527e+07
2.064362e+07
1.853836e+07
1.609782e+07
1.315620e+07
9.371822e+06
0.000000e+00
0.000000e+00
0.000000e+00
0.000000e+00
0.000000e+00
0.000000e+00
0.000000e+00
0.000000e+00
0.000000e+00
0.000000e+00
0.000000e+00
0.000000e+00
0.000000e+00
0.000000e+00
0.000000e+00
0.000000e+00
0.000000e+00
0.000000e+00
0.000000e+00
0.000000e+00
0.000000e+00
0.000000e+00
0.000000e+00
0.000000e+00
0.000000e+00
0.000000e+00
0.000000e+00
0.000000e+00
0.000000e+00
0.000000e+00
0.000000e+00
0.000000e+00
0.000000e+00
0.000000e+00
0.000000e+00
0.000000e+00
0.000000e+00
0.000000e+00
0.000000e+00
0.000000e+00
0.000000e+00
0.000000e+00
0.000000e+00
0.000000e+00
0.000000e+00
0.000000e+00
0.000000e+00
0.000000e+00
0.000000e+00
0.000000e+00
0.000000e+00
0.000000e+00
0.000000e+00
0.000000e+00
0.000000e+00
0.000000e+00
0.000000e+00
0.000000e+00
0.000000e+00
0.000000e+00
0.000000e+00
0.000000e+00
0.000000e+00
0.000000e+00
0.000000e+00
0.000000e+00
0.000000e+00
0.000000e+00
0.000000e+00
0.000000e+00
0.000000e+00
0.000000e+00
0.000000e+00
0.000000e+00
0.000000e+00
0.000000e+00
0.000000e+00
0.000000e+00
0.000000e+00
0.000000e+00
0.000000e+00
0.000000e+00
0.000000e+00
0.000000e+00
0.000000e+00
0.000000e+00
0.000000e+00
0.000000e+00
0.000000e+00
0.000000e+00
0.000000e+00
0.000000e+00
0.000000e+00
0.000000e+00
0.000000e+00
0.000000e+00
0.000000e+00
0.000000e+00
0.000000e+00
0.000000e+00
0.000000e+00
0.000000e+00
0.000000e+00
0.000000e+00
0.000000e+00
0.000000e+00
0.000000e+00
0.000000e+00
0.000000e+00
0.000000e+00
0.000000e+00
0.000000e+00
0.000000e+00
0.000000e+00
0.000000e+00
0.000000e+00
0.000000e+00
0.000000e+00
0.000000e+00
0.000000e+00
0.000000e+00
0.000000e+00
0.000000e+00
0.000000e+00
0.000000e+00
0.000000e+00
0.000000e+00
0.000000e+00
0.000000e+00
0.000000e+00
0.000000e+00
0.000000e+00
0.000000e+00
0.000000e+00
0.000000e+00
0.000000e+00
0.000000e+00
0.000000e+00
0.000000e+00
0.000000e+00
0.000000e+00
0.000000e+00
0.000000e+00
0.000000e+00
0.000000e+00
0.000000e+00
0.000000e+00
0.000000e+00
0.000000e+00
0.000000e+00
0.000000e+00
0.000000e+00
0.000000e+00
0.000000e+00
0.000000e+00
0.000000e+00
0.000000e+00
0.000000e+00
0.000000e+00
0.000000e+00
0.000000e+00
0.000000e+00
0.000000e+00
0.000000e+00
0.000000e+00
0.000000e+00
0.000000e+00
0.000000e+00
0.000000e+00
0.000000e+00
0.000000e+00
0.000000e+00
0.000000e+00
0.000000e+00
0.000000e+00
0.000000e+00
0.000000e+00
0.000000e+00
0.000000e+00
0.000000e+00
0.000000e+00
0.000000e+00
0.000000e+00
0.000000e+00
0.000000e+00
0.000000e+00
0.000000e+00
0.000000e+00
0.000000e+00
0.000000e+00
0.000000e+00
0.000000e+00
0.000000e+00
0.000000e+00
0.000000e+00
0.000000e+00
0.000000e+00
0.000000e+00
0.000000e+00
0.000000e+00
0.000000e+00
0.000000e+00
0.000000e+00
0.000000e+00
0.000000e+00
0.000000e+00
0.000000e+00
0.000000e+00
0.000000e+00
0.000000e+00
0.000000e+00
0.000000e+00
0.000000e+00
0.000000e+00
0.000000e+00
0.000000e+00
0.000000e+00
0.000000e+00
0.000000e+00
0.000000e+00
0.000000e+00
0.000000e+00
0.000000e+00
0.000000e+00
0.000000e+00
0.000000e+00
0.000000e+00
0.000000e+00
0.000000e+00
0.000000e+00
0.000000e+00
0.000000e+00
0.000000e+00
0.000000e+00
0.000000e+00
0.000000e+00
0.000000e+00
0.000000e+00
0.000000e+00
0.000000e+00
0.000000e+00
0.000000e+00
0.000000e+00
0.000000e+00
0.000000e+00
0.000000e+00
0.000000e+00
0.000000e+00
0.000000e+00
0.000000e+00
0.000000e+00
0.000000e+00
0.000000e+00
0.000000e+00
0.000000e+00
0.000000e+00
0.000000e+00
0.000000e+00
0.000000e+00
0.000000e+00
0.000000e+00
0.000000e+00
0.000000e+00
0.000000e+00
0.000000e+00
0.000000e+00
0.000000e+00
0.000000e+00
0.000000e+00
0.000000e+00
0.000000e+00
0.000000e+00
0.000000e+00
0.000000e+00
0.000000e+00
0.000000e+00
0.000000e+00
0.000000e+00
0.000000e+00
0.000000e+00
0.000000e+00
0.000000e+00
0.000000e+00
0.000000e+00
0.000000e+00
0.000000e+00
0.000000e+00
0.000000e+00
0.000000e+00
0.000000e+00
0.000000e+00
0.000000e+00
0.000000e+00
0.000000e+00
0.000000e+00
0.000000e+00
0.000000e+00
0.000000e+00
0.000000e+00
0.000000e+00
0.000000e+00
0.000000e+00
0.000000e+00
0.000000e+00
0.000000e+00
0.000000e+00
0.000000e+00
0.000000e+00
0.000000e+00
0.000000e+00
0.000000e+00
0.000000e+00
0.000000e+00
0.000000e+00
0.000000e+00
0.000000e+00
0.000000e+00
0.000000e+00
0.000000e+00
0.000000e+00
0.000000e+00
0.000000e+00
0.000000e+00
0.000000e+00
0.000000e+00
0.000000e+00
0.000000e+00
0.000000e+00
0.000000e+00
0.000000e+00
0.000000e+00
0.000000e+00
0.000000e+00
0.000000e+00
0.000000e+00
0.000000e+00
0.000000e+00
0.000000e+00
0.000000e+00
0.000000e+00
0.000000e+00
0.000000e+00
0.000000e+00
0.000000e+00
0.000000e+00
0.000000e+00
0.000000e+00
0.000000e+00
0.000000e+00
0.000000e+00
0.000000e+00
0.000000e+00
0.000000e+00
0.000000e+00
0.000000e+00
0.000000e+00
0.000000e+00
0.000000e+00
0.000000e+00
0.000000e+00
0.000000e+00
0.000000e+00
0.000000e+00
0.000000e+00
0.000000e+00
0.000000e+00
0.000000e+00
0.000000e+00
0.000000e+00
0.000000e+00
0.000000e+00
0.000000e+00
0.000000e+00
0.000000e+00
0.000000e+00
0.000000e+00
0.000000e+00
0.000000e+00
0.000000e+00
0.000000e+00
0.000000e+00
0.000000e+00
0.000000e+00
0.000000e+00
0.000000e+00
0.000000e+00
0.000000e+00
0.000000e+00
0.000000e+00
0.000000e+00
0.000000e+00
0.000000e+00
0.000000e+00
0.000000e+00
0.000000e+00
0.000000e+00
0.000000e+00
0.000000e+00
0.000000e+00
0.000000e+00
0.000000e+00
0.000000e+00
0.000000e+00
0.000000e+00
0.000000e+00
0.000000e+00
0.000000e+00
0.000000e+00
0.000000e+00
0.000000e+00
0.000000e+00
0.000000e+00
0.000000e+00
0.000000e+00
0.000000e+00
0.000000e+00
0.000000e+00
0.000000e+00
0.000000e+00
0.000000e+00
0.000000e+00
0.000000e+00
0.000000e+00
0.000000e+00
0.000000e+00
0.000000e+00
0.000000e+00
0.000000e+00
0.000000e+00
0.000000e+00
0.000000e+00
0.000000e+00
0.000000e+00
0.000000e+00
0.000000e+00
0.000000e+00
0.000000e+00
0.000000e+00
0.000000e+00
0.000000e+00
0.000000e+00
0.000000e+00
0.000000e+00
0.000000e+00
0.000000e+00
0.000000e+00
0.000000e+00
0.000000e+00
0.000000e+00
0.000000e+00
0.000000e+00
0.000000e+00
0.000000e+00
0.000000e+00
0.000000e+00
0.000000e+00
0.000000e+00
0.000000e+00
0.000000e+00
0.000000e+00
0.000000e+00
0.000000e+00
0.000000e+00
0.000000e+00
0.000000e+00
0.000000e+00
0.000000e+00
0.000000e+00
0.000000e+00
0.000000e+00
0.000000e+00
0.000000e+00
0.000000e+00
0.000000e+00
0.000000e+00
0.000000e+00
0.000000e+00
0.000000e+00
0.000000e+00
0.000000e+00
0.000000e+00
0.000000e+00
0.000000e+00
0.000000e+00
0.000000e+00
0.000000e+00
0.000000e+00
0.000000e+00
0.000000e+00
0.000000e+00
0.000000e+00
0.000000e+00
0.000000e+00
0.000000e+00
0.000000e+00
0.000000e+00
0.000000e+00
0.000000e+00
0.000000e+00
0.000000e+00
0.000000e+00
0.000000e+00
0.000000e+00
0.000000e+00
0.000000e+00
0.000000e+00
0.000000e+00
0.000000e+00
0.000000e+00
0.000000e+00
0.000000e+00
0.000000e+00
0.000000e+00
0.000000e+00
0.000000e+00
0.000000e+00
0.000000e+00
0.000000e+00
0.000000e+00
0.000000e+00
0.000000e+00
0.000000e+00
0.000000e+00
0.000000e+00
0.000000e+00
0.000000e+00
0.000000e+00
0.000000e+00
0.000000e+00
0.000000e+00
0.000000e+00
0.000000e+00
0.000000e+00
0.000000e+00
0.000000e+00
0.000000e+00
0.000000e+00
0.000000e+00
0.000000e+00
0.000000e+00
0.000000e+00
0.000000e+00
0.000000e+00
0.000000e+00
0.000000e+00
0.000000e+00
0.000000e+00
0.000000e+00
0.000000e+00
0.000000e+00
0.000000e+00
0.000000e+00
0.000000e+00
0.000000e+00
0.000000e+00
0.000000e+00
0.000000e+00
0.000000e+00
0.000000e+00
0.000000e+00
0.000000e+00
0.000000e+00
0.000000e+00
0.000000e+00
0.000000e+00
0.000000e+00
0.000000e+00
0.000000e+00
0.000000e+00
0.000000e+00
0.000000e+00
0.000000e+00
0.000000e+00
0.000000e+00
0.000000e+00
0.000000e+00
0.000000e+00
0.000000e+00
0.000000e+00
0.000000e+00
0.000000e+00
0.000000e+00
0.000000e+00
0.000000e+00
0.000000e+00
0.000000e+00
0.000000e+00
0.000000e+00
0.000000e+00
0.000000e+00
0.000000e+00
0.000000e+00
0.000000e+00
0.000000e+00
0.000000e+00
0.000000e+00
0.000000e+00
0.000000e+00
0.000000e+00
0.000000e+00
0.000000e+00
0.000000e+00
0.000000e+00
0.000000e+00
0.000000e+00
0.000000e+00
0.000000e+00
0.000000e+00
0.000000e+00
0.000000e+00
0.000000e+00
0.000000e+00
0.000000e+00
0.000000e+00
0.000000e+00
0.000000e+00
0.000000e+00
0.000000e+00
0.000000e+00
0.000000e+00
0.000000e+00
0.000000e+00
0.000000e+00
0.000000e+00
0.000000e+00
0.000000e+00
0.000000e+00
0.000000e+00
0.000000e+00
0.000000e+00
0.000000e+00
0.000000e+00
0.000000e+00
0.000000e+00
0.000000e+00
0.000000e+00
0.000000e+00
0.000000e+00
0.000000e+00
0.000000e+00
0.000000e+00
0.000000e+00
0.000000e+00
0.000000e+00
0.000000e+00
0.000000e+00
0.000000e+00
0.000000e+00
0.000000e+00
0.000000e+00
0.000000e+00
0.000000e+00
0.000000e+00
0.000000e+00
0.000000e+00
0.000000e+00
0.000000e+00
0.000000e+00
0.000000e+00
0.000000e+00
0.000000e+00
0.000000e+00
0.000000e+00
0.000000e+00
0.000000e+00
0.000000e+00
0.000000e+00
0.000000e+00
0.000000e+00
0.000000e+00
0.000000e+00
0.000000e+00
0.000000e+00
0.000000e+00
0.000000e+00
0.000000e+00
0.000000e+00
0.000000e+00
0.000000e+00
0.000000e+00
0.000000e+00
0.000000e+00
0.000000e+00
0.000000e+00
0.000000e+00
0.000000e+00
0.000000e+00
0.000000e+00
0.000000e+00
0.000000e+00
0.000000e+00
0.000000e+00
0.000000e+00
0.000000e+00
0.000000e+00
0.000000e+00
0.000000e+00
0.000000e+00
0.000000e+00
0.000000e+00
0.000000e+00
0.000000e+00
0.000000e+00
0.000000e+00
0.000000e+00
0.000000e+00
0.000000e+00
0.000000e+00
0.000000e+00
0.000000e+00
0.000000e+00
0.000000e+00
0.000000e+00
0.000000e+00
0.000000e+00
0.000000e+00
0.000000e+00
0.000000e+00
0.000000e+00
0.000000e+00
0.000000e+00
0.000000e+00
0.000000e+00
0.000000e+00
0.000000e+00
0.000000e+00
0.000000e+00
0.000000e+00
0.000000e+00
0.000000e+00
0.000000e+00
0.000000e+00
0.000000e+00
0.000000e+00
0.000000e+00
0.000000e+00
0.000000e+00
0.000000e+00
0.000000e+00
0.000000e+00
0.000000e+00
0.000000e+00
0.000000e+00
0.000000e+00
0.000000e+00
0.000000e+00
0.000000e+00
0.000000e+00
0.000000e+00
0.000000e+00
0.000000e+00
0.000000e+00
0.000000e+00
0.000000e+00
0.000000e+00
0.000000e+00
0.000000e+00
0.000000e+00
0.000000e+00
0.000000e+00
0.000000e+00
0.000000e+00
0.000000e+00
0.000000e+00
0.000000e+00
0.000000e+00
0.000000e+00
0.000000e+00
0.000000e+00
0.000000e+00
0.000000e+00
0.000000e+00
0.000000e+00
0.000000e+00
0.000000e+00
0.000000e+00
0.000000e+00
0.000000e+00
0.000000e+00
0.000000e+00
0.000000e+00
0.000000e+00
0.000000e+00
0.000000e+00
0.000000e+00
0.000000e+00
0.000000e+00
0.000000e+00
0.000000e+00
0.000000e+00
0.000000e+00
0.000000e+00
0.000000e+00
0.000000e+00
0.000000e+00
0.000000e+00
0.000000e+00
0.000000e+00
0.000000e+00
0.000000e+00
0.000000e+00
0.000000e+00
0.000000e+00
0.000000e+00
0.000000e+00
0.000000e+00
0.000000e+00
0.000000e+00
0.000000e+00
0.000000e+00
0.000000e+00
0.000000e+00
0.000000e+00
0.000000e+00
0.000000e+00
0.000000e+00
0.000000e+00
0.000000e+00
0.000000e+00
0.000000e+00
0.000000e+00
0.000000e+00
0.000000e+00
0.000000e+00
0.000000e+00
0.000000e+00
0.000000e+00
0.000000e+00
0.000000e+00
0.000000e+00
0.000000e+00
0.000000e+00
0.000000e+00
0.000000e+00
0.000000e+00
0.000000e+00
0.000000e+00
0.000000e+00
0.000000e+00
0.000000e+00
0.000000e+00
0.000000e+00
0.000000e+00
0.000000e+00
0.000000e+00
0.000000e+00
0.000000e+00
0.000000e+00
0.000000e+00
0.000000e+00
0.000000e+00
0.000000e+00
0.000000e+00
0.000000e+00
0.000000e+00
0.000000e+00
0.000000e+00
0.000000e+00
0.000000e+00
0.000000e+00
0.000000e+00
0.000000e+00
0.000000e+00
0.000000e+00
0.000000e+00
0.000000e+00
0.000000e+00
0.000000e+00
0.000000e+00
0.000000e+00
0.000000e+00
0.000000e+00
0.000000e+00
0.000000e+00
0.000000e+00
0.000000e+00
0.000000e+00
0.000000e+00
0.000000e+00
0.000000e+00
0.000000e+00
0.000000e+00
0.000000e+00
0.000000e+00
0.000000e+00
0.000000e+00
0.000000e+00
0.000000e+00
0.000000e+00
0.000000e+00
0.000000e+00
0.000000e+00
0.000000e+00
0.000000e+00
0.000000e+00
0.000000e+00
0.000000e+00
0.000000e+00
0.000000e+00
0.000000e+00
0.000000e+00
0.000000e+00
0.000000e+00
0.000000e+00
0.000000e+00
0.000000e+00
0.000000e+00
0.000000e+00
0.000000e+00
0.000000e+00
0.000000e+00
0.000000e+00
0.000000e+00
0.000000e+00
0.000000e+00
0.000000e+00
0.000000e+00
0.000000e+00
0.000000e+00
0.000000e+00
0.000000e+00
0.000000e+00
0.000000e+00
0.000000e+00
0.000000e+00
0.000000e+00
0.000000e+00
0.000000e+00
0.000000e+00
0.000000e+00
0.000000e+00
0.000000e+00
0.000000e+00
0.000000e+00
0.000000e+00
0.000000e+00
0.000000e+00
0.000000e+00
0.000000e+00
0.000000e+00
0.000000e+00
0.000000e+00
0.000000e+00
0.000000e+00
0.000000e+00
0.000000e+00
0.000000e+00
0.000000e+00
0.000000e+00
0.000000e+00
0.000000e+00
0.000000e+00
0.000000e+00
0.000000e+00
0.000000e+00
0.000000e+00
0.000000e+00
0.000000e+00
0.000000e+00
0.000000e+00
0.000000e+00
0.000000e+00
0.000000e+00
0.000000e+00
0.000000e+00
0.000000e+00
0.000000e+00
0.000000e+00
0.000000e+00
0.000000e+00
0.000000e+00
0.000000e+00
0.000000e+00
0.000000e+00
0.000000e+00
0.000000e+00
0.000000e+00
0.000000e+00
0.000000e+00
0.000000e+00
0.000000e+00
0.000000e+00
0.000000e+00
0.000000e+00
0.000000e+00
0.000000e+00
0.000000e+00
0.000000e+00
0.000000e+00
0.000000e+00
0.000000e+00
0.000000e+00
0.000000e+00
0.000000e+00
0.000000e+00
0.000000e+00
0.000000e+00
0.000000e+00
0.000000e+00
0.000000e+00
0.000000e+00
0.000000e+00
0.000000e+00
0.000000e+00
0.000000e+00
0.000000e+00
0.000000e+00
0.000000e+00
0.000000e+00
0.000000e+00
0.000000e+00
0.000000e+00
0.000000e+00
0.000000e+00
0.000000e+00
0.000000e+00
0.000000e+00
0.000000e+00
0.000000e+00
0.000000e+00
0.000000e+00
0.000000e+00
0.000000e+00
0.000000e+00
0.000000e+00
0.000000e+00
0.000000e+00
0.000000e+00
0.000000e+00
0.000000e+00
0.000000e+00
0.000000e+00
0.000000e+00
0.000000e+00
0.000000e+00
0.000000e+00
0.000000e+00
0.000000e+00
0.000000e+00
0.000000e+00
0.000000e+00
0.000000e+00
0.000000e+00
0.000000e+00
0.000000e+00
0.000000e+00
0.000000e+00
0.000000e+00
0.000000e+00
0.000000e+00
0.000000e+00
0.000000e+00
0.000000e+00
0.000000e+00
0.000000e+00
0.000000e+00
0.000000e+00
0.000000e+00
0.000000e+00
0.000000e+00
0.000000e+00
0.000000e+00
0.000000e+00
0.000000e+00
0.000000e+00
0.000000e+00
0.000000e+00
0.000000e+00
0.000000e+00
0.000000e+00
0.000000e+00
0.000000e+00
0.000000e+00
0.000000e+00
0.000000e+00
0.000000e+00
0.000000e+00
0.000000e+00
0.000000e+00
0.000000e+00
0.000000e+00
0.000000e+00
0.000000e+00
