5.741996e+07
5.741921e+07
5.741905e+07
5.741896e+07
5.741889e+07
5.741884e+07
5.741880e+07
5.741877e+07
5.741874e+07
5.741872e+07
5.741869e+07
5.741867e+07
5.741865e+07
5.741864e+07
5.741862e+07
5.741860e+07
5.741859e+07
5.741858e+07
5.741856e+07
5.741855e+07
5.741854e+07
5.741853e+07
5.741852e+07
5.741851e+07
5.741850e+07
5.741849e+07
5.741848e+07
5.741847e+07
5.741846e+07
5.741845e+07
5.741844e+07
5.741843e+07
5.741843e+07
5.741842e+07
5.741841e+07
5.741840e+07
5.741839e+07
5.741839e+07
5.741838e+07
5.741837e+07
5.741837e+07
5.741836e+07
5.741835e+07
5.741834e+07
5.741834e+07
5.741833e+07
5.741832e+07
5.741832e+07
5.741831e+07
5.741830e+07
5.741830e+07
5.741829e+07
5.741828e+07
5.741828e+07
5.741827e+07
5.741826e+07
5.741826e+07
5.741825e+07
5.741825e+07
5.741824e+07
5.741823e+07
5.741823e+07
5.741822e+07
5.741821e+07
5.741821e+07
5.741820e+07
5.741819e+07
5.741819e+07
5.741818e+07
5.741817e+07
5.741817e+07
5.741816e+07
5.741816e+07
5.741815e+07
5.741814e+07
5.741814e+07
5.741813e+07
5.741812e+07
5.741812e+07
5.741811e+07
5.741810e+07
5.741810e+07
5.741809e+07
5.741808e+07
5.741808e+07
5.741807e+07
5.741806e+07
5.741806e+07
5.741805e+07
5.741804e+07
5.741804e+07
5.741803e+07
5.741802e+07
5.741802e+07
5.741801e+07
5.741800e+07
5.741800e+07
5.741799e+07
5.741798e+07
5.741797e+07
5.741797e+07
5.741796e+07
5.741795e+07
5.741795e+07
5.741794e+07
5.741793e+07
5.741792e+07
5.741792e+07
5.741791e+07
5.741790e+07
5.741789e+07
5.741789e+07
5.741788e+07
5.741787e+07
5.741786e+07
5.741786e+07
5.741785e+07
5.741784e+07
5.741783e+07
5.741782e+07
5.741782e+07
5.741781e+07
5.741780e+07
5.741779e+07
5.741778e+07
5.741778e+07
5.741777e+07
5.741776e+07
5.741775e+07
5.741774e+07
5.741774e+07
5.741773e+07
5.741772e+07
5.741771e+07
5.741770e+07
5.741769e+07
5.741768e+07
5.741768e+07
5.741767e+07
5.741766e+07
5.741765e+07
5.741764e+07
5.741763e+07
5.741762e+07
5.741761e+07
5.741760e+07
5.741759e+07
5.741758e+07
5.741758e+07
5.741757e+07
5.741756e+07
5.741755e+07
5.741754e+07
5.741753e+07
5.741752e+07
5.741751e+07
5.741750e+07
5.741749e+07
5.741748e+07
5.741747e+07
5.741746e+07
5.741745e+07
5.741744e+07
5.741743e+07
5.741742e+07
5.741741e+07
5.741740e+07
5.741739e+07
5.741737e+07
5.741736e+07
5.741735e+07
5.741734e+07
5.741733e+07
5.741732e+07
5.741731e+07
5.741730e+07
5.741729e+07
5.741728e+07
5.741726e+07
5.741725e+07
5.741724e+07
5.741723e+07
5.741722e+07
5.741721e+07
5.741720e+07
5.741718e+07
5.741717e+07
5.741716e+07
5.741715e+07
5.741714e+07
5.741712e+07
5.741711e+07
5.741710e+07
5.741709e+07
5.741707e+07
5.741706e+07
5.741705e+07
5.741704e+07
5.741702e+07
5.741701e+07
5.741700e+07
5.741698e+07
5.741697e+07
5.741696e+07
5.741694e+07
5.741693e+07
5.741692e+07
5.741690e+07
5.741689e+07
5.741688e+07
5.741686e+07
5.741685e+07
5.741683e+07
5.741682e+07
5.741681e+07
5.741679e+07
5.741678e+07
5.741676e+07
5.741675e+07
5.741673e+07
5.741672e+07
5.741670e+07
5.741669e+07
5.741667e+07
5.741666e+07
5.741664e+07
5.741663e+07
5.741661e+07
5.741660e+07
5.741658e+07
5.741657e+07
5.741655e+07
5.741653e+07
5.741652e+07
5.741650e+07
5.741649e+07
5.741647e+07
5.741645e+07
5.741644e+07
5.741642e+07
5.741640e+07
5.741639e+07
5.741637e+07
5.741635e+07
5.741634e+07
5.741632e+07
5.741630e+07
5.741628e+07
5.741627e+07
5.741625e+07
5.741623e+07
5.741621e+07
5.741619e+07
5.741618e+07
5.741616e+07
5.741614e+07
5.741612e+07
5.741610e+07
5.741608e+07
5.741606e+07
5.741604e+07
5.741602e+07
5.741601e+07
5.741599e+07
5.741597e+07
5.741595e+07
5.741593e+07
5.741591e+07
5.741589e+07
5.741587e+07
5.741585e+07
5.741583e+07
5.741580e+07
5.741578e+07
5.741576e+07
5.741574e+07
5.741572e+07
5.741570e+07
5.741568e+07
5.741566e+07
5.741563e+07
5.741561e+07
5.741559e+07
5.741557e+07
5.741554e+07
5.741552e+07
5.741550e+07
5.741548e+07
5.741545e+07
5.741543e+07
5.741541e+07
5.741538e+07
5.741536e+07
5.741533e+07
5.741531e+07
5.741529e+07
5.741526e+07
5.741524e+07
5.741521e+07
5.741519e+07
5.741516e+07
5.741513e+07
5.741511e+07
5.741508e+07
5.741506e+07
5.741503e+07
5.741500e+07
5.741498e+07
5.741495e+07
5.741492e+07
5.741489e+07
5.741487e+07
5.741484e+07
5.741481e+07
5.741478e+07
5.741475e+07
5.741472e+07
5.741469e+07
5.741466e+07
5.741463e+07
5.741460e+07
5.741457e+07
5.741454e+07
5.741451e+07
5.741448e+07
5.741445e+07
5.741442e+07
5.741439e+07
5.741435e+07
5.741432e+07
5.741429e+07
5.741425e+07
5.741422e+07
5.741418e+07
5.741415e+07
5.741411e+07
5.741408e+07
5.741404e+07
5.741401e+07
5.741397e+07
5.741393e+07
5.741390e+07
5.741386e+07
5.741382e+07
5.741378e+07
5.741374e+07
5.741370e+07
5.741366e+07
5.741362e+07
5.741358e+07
5.741354e+07
5.741350e+07
5.741345e+07
5.741341e+07
5.741337e+07
5.741332e+07
5.741328e+07
5.741323e+07
5.741319e+07
5.741314e+07
5.741309e+07
5.741304e+07
5.741299e+07
5.741294e+07
5.741289e+07
5.741284e+07
5.741279e+07
5.741274e+07
5.741269e+07
5.741263e+07
5.741258e+07
5.741252e+07
5.741246e+07
5.741241e+07
5.741235e+07
5.741229e+07
5.741223e+07
5.741217e+07
5.741210e+07
5.741204e+07
5.741197e+07
5.741191e+07
5.741184e+07
5.741177e+07
5.741170e+07
5.741163e+07
5.741156e+07
5.741149e+07
5.741141e+07
5.741134e+07
5.741126e+07
5.741118e+07
5.741110e+07
5.741102e+07
5.741093e+07
5.741085e+07
5.741076e+07
5.741067e+07
5.741058e+07
5.741049e+07
5.741040e+07
5.741030e+07
5.741020e+07
5.741010e+07
5.741000e+07
5.740990e+07
5.740979e+07
5.740968e+07
5.740957e+07
5.740945e+07
5.740934e+07
5.740922e+07
5.740910e+07
5.740897e+07
5.740885e+07
5.740872e+07
5.740858e+07
5.740845e+07
5.740831e+07
5.740816e+07
5.740802e+07
5.740787e+07
5.740772e+07
5.740756e+07
5.740740e+07
5.740723e+07
5.740707e+07
5.740689e+07
5.740672e+07
5.740654e+07
5.740635e+07
5.740616e+07
5.740597e+07
5.740577e+07
5.740556e+07
5.740535e+07
5.740513e+07
5.740491e+07
5.740469e+07
5.740445e+07
5.740422e+07
5.740397e+07
5.740372e+07
5.740346e+07
5.740320e+07
5.740292e+07
5.740264e+07
5.740236e+07
5.740206e+07
5.740176e+07
5.740145e+07
5.740113e+07
5.740080e+07
5.740047e+07
5.740012e+07
5.739977e+07
5.739940e+07
5.739903e+07
5.739864e+07
5.739825e+07
5.739784e+07
5.739742e+07
5.739699e+07
5.739655e+07
5.739609e+07
5.739563e+07
5.739515e+07
5.739465e+07
5.739414e+07
5.739362e+07
5.739308e+07
5.739253e+07
5.739196e+07
5.739138e+07
5.739077e+07
5.739015e+07
5.738952e+07
5.738886e+07
5.738819e+07
5.738749e+07
5.738678e+07
5.738604e+07
5.738529e+07
5.738451e+07
5.738371e+07
5.738288e+07
5.738203e+07
5.738116e+07
5.738026e+07
5.737933e+07
5.737838e+07
5.737740e+07
5.737639e+07
5.737535e+07
5.737428e+07
5.737317e+07
5.737204e+07
5.737087e+07
5.736966e+07
5.736842e+07
5.736714e+07
5.736583e+07
5.736447e+07
5.736308e+07
5.736164e+07
5.736016e+07
5.735863e+07
5.735706e+07
5.735544e+07
5.735378e+07
5.735206e+07
5.735029e+07
5.734847e+07
5.734659e+07
5.734466e+07
5.734267e+07
5.734061e+07
5.733850e+07
5.733632e+07
5.733407e+07
5.733176e+07
5.732938e+07
5.732692e+07
5.732439e+07
5.732178e+07
5.731909e+07
5.731632e+07
5.731347e+07
5.731053e+07
5.730750e+07
5.730438e+07
5.730116e+07
5.729784e+07
5.729442e+07
5.729090e+07
5.728727e+07
5.728353e+07
5.727967e+07
5.727570e+07
5.727160e+07
5.726738e+07
5.726303e+07
5.725854e+07
5.725392e+07
5.724915e+07
5.724424e+07
5.723918e+07
5.723396e+07
5.722858e+07
5.722303e+07
5.721732e+07
5.721142e+07
5.720535e+07
5.719909e+07
5.719263e+07
5.718598e+07
5.717912e+07
5.717205e+07
5.716476e+07
5.715724e+07
5.714950e+07
5.714151e+07
5.713327e+07
5.712478e+07
5.711603e+07
5.710701e+07
5.709771e+07
5.708811e+07
5.707823e+07
5.706803e+07
5.705752e+07
5.704668e+07
5.703550e+07
5.702398e+07
5.701210e+07
5.699985e+07
5.698722e+07
5.697420e+07
5.696077e+07
5.694693e+07
5.693265e+07
5.691793e+07
5.690275e+07
5.688709e+07
5.687095e+07
5.685431e+07
5.683714e+07
5.681944e+07
5.680119e+07
5.678236e+07
5.676295e+07
5.674293e+07
5.672229e+07
5.670099e+07
5.667904e+07
5.665639e+07
5.663304e+07
5.660895e+07
5.658411e+07
5.655848e+07
5.653206e+07
5.650480e+07
5.647669e+07
5.644769e+07
5.641778e+07
5.638693e+07
5.635511e+07
5.632228e+07
5.628842e+07
5.625349e+07
5.621746e+07
5.618029e+07
5.614195e+07
5.610239e+07
5.606159e+07
5.601948e+07
5.597605e+07
5.593124e+07
5.588500e+07
5.583730e+07
5.578808e+07
5.573729e+07
5.568489e+07
5.563081e+07
5.557501e+07
5.551743e+07
5.545801e+07
5.539668e+07
5.533340e+07
5.526808e+07
5.520067e+07
5.513109e+07
5.505927e+07
5.498514e+07
5.490861e+07
5.482962e+07
5.474807e+07
5.466388e+07
5.457696e+07
5.448721e+07
5.439455e+07
5.429887e+07
5.420006e+07
5.409803e+07
5.399265e+07
5.388381e+07
5.377140e+07
5.365529e+07
5.353534e+07
5.341142e+07
5.328340e+07
5.315112e+07
5.301444e+07
5.287319e+07
5.272722e+07
5.257634e+07
5.242039e+07
5.225917e+07
5.209249e+07
5.192015e+07
5.174194e+07
5.155763e+07
5.136700e+07
5.116980e+07
5.096579e+07
5.075468e+07
5.053622e+07
5.031011e+07
5.007604e+07
4.983369e+07
4.958273e+07
4.932281e+07
4.905354e+07
4.877455e+07
4.848542e+07
4.818570e+07
4.787494e+07
4.755265e+07
4.721832e+07
4.687139e+07
4.651128e+07
4.613737e+07
4.574899e+07
4.534545e+07
4.492598e+07
4.448978e+07
4.403597e+07
4.356361e+07
4.307170e+07
4.255914e+07
4.202473e+07
4.146719e+07
4.088509e+07
4.027689e+07
3.964087e+07
3.897515e+07
3.827762e+07
3.754592e+07
3.677743e+07
3.596915e+07
3.511767e+07
3.421909e+07
3.326884e+07
3.226162e+07
3.119109e+07
3.004964e+07
2.882798e+07
2.751448e+07
2.609432e+07
2.454802e+07
2.284906e+07
2.095968e+07
1.882284e+07
1.634543e+07
1.335906e+07
9.516710e+06
0.000000e+00
0.000000e+00
0.000000e+00
0.000000e+00
0.000000e+00
0.000000e+00
0.000000e+00
0.000000e+00
0.000000e+00
0.000000e+00
0.000000e+00
0.000000e+00
0.000000e+00
0.000000e+00
0.000000e+00
0.000000e+00
0.000000e+00
0.000000e+00
0.000000e+00
0.000000e+00
0.000000e+00
0.000000e+00
0.000000e+00
0.000000e+00
0.000000e+00
0.000000e+00
0.000000e+00
0.000000e+00
0.000000e+00
0.000000e+00
0.000000e+00
0.000000e+00
0.000000e+00
0.000000e+00
0.000000e+00
0.000000e+00
0.000000e+00
0.000000e+00
0.000000e+00
0.000000e+00
0.000000e+00
0.000000e+00
0.000000e+00
0.000000e+00
0.000000e+00
0.000000e+00
0.000000e+00
0.000000e+00
0.000000e+00
0.000000e+00
0.000000e+00
0.000000e+00
0.000000e+00
0.000000e+00
0.000000e+00
0.000000e+00
0.000000e+00
0.000000e+00
0.000000e+00
0.000000e+00
0.000000e+00
0.000000e+00
0.000000e+00
0.000000e+00
0.000000e+00
0.000000e+00
0.000000e+00
0.000000e+00
0.000000e+00
0.000000e+00
0.000000e+00
0.000000e+00
0.000000e+00
0.000000e+00
0.000000e+00
0.000000e+00
0.000000e+00
0.000000e+00
0.000000e+00
0.000000e+00
0.000000e+00
0.000000e+00
0.000000e+00
0.000000e+00
0.000000e+00
0.000000e+00
0.000000e+00
0.000000e+00
0.000000e+00
0.000000e+00
0.000000e+00
0.000000e+00
0.000000e+00
0.000000e+00
0.000000e+00
0.000000e+00
0.000000e+00
0.000000e+00
0.000000e+00
0.000000e+00
0.000000e+00
0.000000e+00
0.000000e+00
0.000000e+00
0.000000e+00
0.000000e+00
0.000000e+00
0.000000e+00
0.000000e+00
0.000000e+00
0.000000e+00
0.000000e+00
0.000000e+00
0.000000e+00
0.000000e+00
0.000000e+00
0.000000e+00
0.000000e+00
0.000000e+00
0.000000e+00
0.000000e+00
0.000000e+00
0.000000e+00
0.000000e+00
0.000000e+00
0.000000e+00
0.000000e+00
0.000000e+00
0.000000e+00
0.000000e+00
0.000000e+00
0.000000e+00
0.000000e+00
0.000000e+00
0.000000e+00
0.000000e+00
0.000000e+00
0.000000e+00
0.000000e+00
0.000000e+00
0.000000e+00
0.000000e+00
0.000000e+00
0.000000e+00
0.000000e+00
0.000000e+00
0.000000e+00
0.000000e+00
0.000000e+00
0.000000e+00
0.000000e+00
0.000000e+00
0.000000e+00
0.000000e+00
0.000000e+00
0.000000e+00
0.000000e+00
0.000000e+00
0.000000e+00
0.000000e+00
0.000000e+00
0.000000e+00
0.000000e+00
0.000000e+00
0.000000e+00
0.000000e+00
0.000000e+00
0.000000e+00
0.000000e+00
0.000000e+00
0.000000e+00
0.000000e+00
0.000000e+00
0.000000e+00
0.000000e+00
0.000000e+00
0.000000e+00
0.000000e+00
0.000000e+00
0.000000e+00
0.000000e+00
0.000000e+00
0.000000e+00
0.000000e+00
0.000000e+00
0.000000e+00
0.000000e+00
0.000000e+00
0.000000e+00
0.000000e+00
0.000000e+00
0.000000e+00
0.000000e+00
0.000000e+00
0.000000e+00
0.000000e+00
0.000000e+00
0.000000e+00
0.000000e+00
0.000000e+00
0.000000e+00
0.000000e+00
0.000000e+00
0.000000e+00
0.000000e+00
0.000000e+00
0.000000e+00
0.000000e+00
0.000000e+00
0.000000e+00
0.000000e+00
0.000000e+00
0.000000e+00
0.000000e+00
0.000000e+00
0.000000e+00
0.000000e+00
0.000000e+00
0.000000e+00
0.000000e+00
0.000000e+00
0.000000e+00
0.000000e+00
0.000000e+00
0.000000e+00
0.000000e+00
0.000000e+00
0.000000e+00
0.000000e+00
0.000000e+00
0.000000e+00
0.000000e+00
0.000000e+00
0.000000e+00
0.000000e+00
0.000000e+00
0.000000e+00
0.000000e+00
0.000000e+00
0.000000e+00
0.000000e+00
0.000000e+00
0.000000e+00
0.000000e+00
0.000000e+00
0.000000e+00
0.000000e+00
0.000000e+00
0.000000e+00
0.000000e+00
0.000000e+00
0.000000e+00
0.000000e+00
0.000000e+00
0.000000e+00
0.000000e+00
0.000000e+00
0.000000e+00
0.000000e+00
0.000000e+00
0.000000e+00
0.000000e+00
0.000000e+00
0.000000e+00
0.000000e+00
0.000000e+00
0.000000e+00
0.000000e+00
0.000000e+00
0.000000e+00
0.000000e+00
0.000000e+00
0.000000e+00
0.000000e+00
0.000000e+00
0.000000e+00
0.000000e+00
0.000000e+00
0.000000e+00
0.000000e+00
0.000000e+00
0.000000e+00
0.000000e+00
0.000000e+00
0.000000e+00
0.000000e+00
0.000000e+00
0.000000e+00
0.000000e+00
0.000000e+00
0.000000e+00
0.000000e+00
0.000000e+00
0.000000e+00
0.000000e+00
0.000000e+00
0.000000e+00
0.000000e+00
0.000000e+00
0.000000e+00
0.000000e+00
0.000000e+00
0.000000e+00
0.000000e+00
0.000000e+00
0.000000e+00
0.000000e+00
0.000000e+00
0.000000e+00
0.000000e+00
0.000000e+00
0.000000e+00
0.000000e+00
0.000000e+00
0.000000e+00
0.000000e+00
0.000000e+00
0.000000e+00
0.000000e+00
0.000000e+00
0.000000e+00
0.000000e+00
0.000000e+00
0.000000e+00
0.000000e+00
0.000000e+00
0.000000e+00
0.000000e+00
0.000000e+00
0.000000e+00
0.000000e+00
0.000000e+00
0.000000e+00
0.000000e+00
0.000000e+00
0.000000e+00
0.000000e+00
0.000000e+00
0.000000e+00
0.000000e+00
0.000000e+00
0.000000e+00
0.000000e+00
0.000000e+00
0.000000e+00
0.000000e+00
0.000000e+00
0.000000e+00
0.000000e+00
0.000000e+00
0.000000e+00
0.000000e+00
0.000000e+00
0.000000e+00
0.000000e+00
0.000000e+00
0.000000e+00
0.000000e+00
0.000000e+00
0.000000e+00
0.000000e+00
0.000000e+00
0.000000e+00
0.000000e+00
0.000000e+00
0.000000e+00
0.000000e+00
0.000000e+00
0.000000e+00
0.000000e+00
0.000000e+00
0.000000e+00
0.000000e+00
0.000000e+00
0.000000e+00
0.000000e+00
0.000000e+00
0.000000e+00
0.000000e+00
0.000000e+00
0.000000e+00
0.000000e+00
0.000000e+00
0.000000e+00
0.000000e+00
0.000000e+00
0.000000e+00
0.000000e+00
0.000000e+00
0.000000e+00
0.000000e+00
0.000000e+00
0.000000e+00
0.000000e+00
0.000000e+00
0.000000e+00
0.000000e+00
0.000000e+00
0.000000e+00
0.000000e+00
0.000000e+00
0.000000e+00
0.000000e+00
0.000000e+00
0.000000e+00
0.000000e+00
0.000000e+00
0.000000e+00
0.000000e+00
0.000000e+00
0.000000e+00
0.000000e+00
0.000000e+00
0.000000e+00
0.000000e+00
0.000000e+00
0.000000e+00
0.000000e+00
0.000000e+00
0.000000e+00
0.000000e+00
0.000000e+00
0.000000e+00
0.000000e+00
0.000000e+00
0.000000e+00
0.000000e+00
0.000000e+00
0.000000e+00
0.000000e+00
0.000000e+00
0.000000e+00
0.000000e+00
0.000000e+00
0.000000e+00
0.000000e+00
0.000000e+00
0.000000e+00
0.000000e+00
0.000000e+00
0.000000e+00
0.000000e+00
0.000000e+00
0.000000e+00
0.000000e+00
0.000000e+00
0.000000e+00
0.000000e+00
0.000000e+00
0.000000e+00
0.000000e+00
0.000000e+00
0.000000e+00
0.000000e+00
0.000000e+00
0.000000e+00
0.000000e+00
0.000000e+00
0.000000e+00
0.000000e+00
0.000000e+00
0.000000e+00
0.000000e+00
0.000000e+00
0.000000e+00
0.000000e+00
0.000000e+00
0.000000e+00
0.000000e+00
0.000000e+00
0.000000e+00
0.000000e+00
0.000000e+00
0.000000e+00
0.000000e+00
0.000000e+00
0.000000e+00
0.000000e+00
0.000000e+00
0.000000e+00
0.000000e+00
0.000000e+00
0.000000e+00
0.000000e+00
0.000000e+00
0.000000e+00
0.000000e+00
0.000000e+00
0.000000e+00
0.000000e+00
0.000000e+00
0.000000e+00
0.000000e+00
0.000000e+00
0.000000e+00
0.000000e+00
0.000000e+00
0.000000e+00
0.000000e+00
0.000000e+00
0.000000e+00
0.000000e+00
0.000000e+00
0.000000e+00
0.000000e+00
0.000000e+00
0.000000e+00
0.000000e+00
0.000000e+00
0.000000e+00
0.000000e+00
0.000000e+00
0.000000e+00
0.000000e+00
0.000000e+00
0.000000e+00
0.000000e+00
0.000000e+00
0.000000e+00
0.000000e+00
0.000000e+00
0.000000e+00
0.000000e+00
0.000000e+00
0.000000e+00
0.000000e+00
0.000000e+00
0.000000e+00
0.000000e+00
0.000000e+00
0.000000e+00
0.000000e+00
0.000000e+00
0.000000e+00
0.000000e+00
0.000000e+00
0.000000e+00
0.000000e+00
0.000000e+00
0.000000e+00
0.000000e+00
0.000000e+00
0.000000e+00
0.000000e+00
0.000000e+00
0.000000e+00
0.000000e+00
0.000000e+00
0.000000e+00
0.000000e+00
0.000000e+00
0.000000e+00
0.000000e+00
0.000000e+00
0.000000e+00
0.000000e+00
0.000000e+00
0.000000e+00
0.000000e+00
0.000000e+00
0.000000e+00
0.000000e+00
0.000000e+00
0.000000e+00
0.000000e+00
0.000000e+00
0.000000e+00
0.000000e+00
0.000000e+00
0.000000e+00
0.000000e+00
0.000000e+00
0.000000e+00
0.000000e+00
0.000000e+00
0.000000e+00
0.000000e+00
0.000000e+00
0.000000e+00
0.000000e+00
0.000000e+00
0.000000e+00
0.000000e+00
0.000000e+00
0.000000e+00
0.000000e+00
0.000000e+00
0.000000e+00
0.000000e+00
0.000000e+00
0.000000e+00
0.000000e+00
0.000000e+00
0.000000e+00
0.000000e+00
0.000000e+00
0.000000e+00
0.000000e+00
0.000000e+00
0.000000e+00
0.000000e+00
0.000000e+00
0.000000e+00
0.000000e+00
0.000000e+00
0.000000e+00
0.000000e+00
0.000000e+00
0.000000e+00
0.000000e+00
0.000000e+00
0.000000e+00
0.000000e+00
0.000000e+00
0.000000e+00
0.000000e+00
0.000000e+00
0.000000e+00
0.000000e+00
0.000000e+00
0.000000e+00
0.000000e+00
0.000000e+00
0.000000e+00
0.000000e+00
0.000000e+00
0.000000e+00
0.000000e+00
0.000000e+00
0.000000e+00
0.000000e+00
0.000000e+00
0.000000e+00
0.000000e+00
0.000000e+00
0.000000e+00
0.000000e+00
0.000000e+00
0.000000e+00
0.000000e+00
0.000000e+00
0.000000e+00
0.000000e+00
0.000000e+00
0.000000e+00
0.000000e+00
0.000000e+00
0.000000e+00
0.000000e+00
0.000000e+00
0.000000e+00
0.000000e+00
0.000000e+00
0.000000e+00
0.000000e+00
0.000000e+00
0.000000e+00
0.000000e+00
0.000000e+00
0.000000e+00
0.000000e+00
0.000000e+00
0.000000e+00
0.000000e+00
0.000000e+00
0.000000e+00
0.000000e+00
0.000000e+00
0.000000e+00
0.000000e+00
0.000000e+00
0.000000e+00
0.000000e+00
0.000000e+00
0.000000e+00
0.000000e+00
0.000000e+00
0.000000e+00
0.000000e+00
0.000000e+00
0.000000e+00
0.000000e+00
0.000000e+00
0.000000e+00
0.000000e+00
0.000000e+00
0.000000e+00
0.000000e+00
0.000000e+00
0.000000e+00
0.000000e+00
0.000000e+00
0.000000e+00
0.000000e+00
0.000000e+00
0.000000e+00
0.000000e+00
0.000000e+00
0.000000e+00
0.000000e+00
0.000000e+00
0.000000e+00
0.000000e+00
0.000000e+00
0.000000e+00
0.000000e+00
0.000000e+00
0.000000e+00
0.000000e+00
0.000000e+00
0.000000e+00
0.000000e+00
0.000000e+00
0.000000e+00
0.000000e+00
0.000000e+00
0.000000e+00
0.000000e+00
0.000000e+00
0.000000e+00
0.000000e+00
0.000000e+00
0.000000e+00
0.000000e+00
0.000000e+00
0.000000e+00
0.000000e+00
0.000000e+00
0.000000e+00
0.000000e+00
0.000000e+00
0.000000e+00
0.000000e+00
0.000000e+00
0.000000e+00
0.000000e+00
0.000000e+00
0.000000e+00
0.000000e+00
0.000000e+00
0.000000e+00
0.000000e+00
0.000000e+00
0.000000e+00
0.000000e+00
0.000000e+00
0.000000e+00
0.000000e+00
0.000000e+00
0.000000e+00
0.000000e+00
0.000000e+00
0.000000e+00
0.000000e+00
0.000000e+00
0.000000e+00
0.000000e+00
0.000000e+00
0.000000e+00
0.000000e+00
0.000000e+00
0.000000e+00
0.000000e+00
0.000000e+00
0.000000e+00
0.000000e+00
0.000000e+00
0.000000e+00
0.000000e+00
0.000000e+00
0.000000e+00
0.000000e+00
0.000000e+00
0.000000e+00
0.000000e+00
0.000000e+00
0.000000e+00
0.000000e+00
0.000000e+00
0.000000e+00
0.000000e+00
0.000000e+00
0.000000e+00
0.000000e+00
0.000000e+00
0.000000e+00
0.000000e+00
0.000000e+00
0.000000e+00
0.000000e+00
0.000000e+00
0.000000e+00
0.000000e+00
0.000000e+00
0.000000e+00
0.000000e+00
0.000000e+00
0.000000e+00
0.000000e+00
0.000000e+00
0.000000e+00
0.000000e+00
0.000000e+00
0.000000e+00
0.000000e+00
0.000000e+00
0.000000e+00
0.000000e+00
0.000000e+00
0.000000e+00
0.000000e+00
0.000000e+00
0.000000e+00
0.000000e+00
0.000000e+00
0.000000e+00
0.000000e+00
0.000000e+00
0.000000e+00
0.000000e+00
0.000000e+00
0.000000e+00
0.000000e+00
0.000000e+00
0.000000e+00
0.000000e+00
0.000000e+00
0.000000e+00
0.000000e+00
0.000000e+00
0.000000e+00
0.000000e+00
0.000000e+00
0.000000e+00
0.000000e+00
0.000000e+00
0.000000e+00
0.000000e+00
0.000000e+00
0.000000e+00
0.000000e+00
0.000000e+00
0.000000e+00
0.000000e+00
0.000000e+00
0.000000e+00
0.000000e+00
0.000000e+00
0.000000e+00
0.000000e+00
0.000000e+00
0.000000e+00
0.000000e+00
0.000000e+00
0.000000e+00
0.000000e+00
0.000000e+00
0.000000e+00
0.000000e+00
0.000000e+00
0.000000e+00
0.000000e+00
0.000000e+00
0.000000e+00
0.000000e+00
0.000000e+00
0.000000e+00
0.000000e+00
0.000000e+00
0.000000e+00
0.000000e+00
0.000000e+00
0.000000e+00
0.000000e+00
0.000000e+00
0.000000e+00
0.000000e+00
0.000000e+00
0.000000e+00
0.000000e+00
0.000000e+00
0.000000e+00
0.000000e+00
0.000000e+00
0.000000e+00
0.000000e+00
0.000000e+00
0.000000e+00
0.000000e+00
0.000000e+00
0.000000e+00
0.000000e+00
0.000000e+00
0.000000e+00
0.000000e+00
0.000000e+00
0.000000e+00
0.000000e+00
0.000000e+00
0.000000e+00
0.000000e+00
0.000000e+00
0.000000e+00
0.000000e+00
0.000000e+00
0.000000e+00
0.000000e+00
0.000000e+00
0.000000e+00
0.000000e+00
0.000000e+00
0.000000e+00
0.000000e+00
0.000000e+00
0.000000e+00
0.000000e+00
0.000000e+00
0.000000e+00
0.000000e+00
0.000000e+00
0.000000e+00
0.000000e+00
0.000000e+00
0.000000e+00
0.000000e+00
0.000000e+00
0.000000e+00
0.000000e+00
0.000000e+00
0.000000e+00
0.000000e+00
0.000000e+00
0.000000e+00
0.000000e+00
0.000000e+00
0.000000e+00
0.000000e+00
0.000000e+00
0.000000e+00
0.000000e+00
0.000000e+00
0.000000e+00
0.000000e+00
0.000000e+00
0.000000e+00
0.000000e+00
0.000000e+00
0.000000e+00
0.000000e+00
0.000000e+00
0.000000e+00
0.000000e+00
0.000000e+00
0.000000e+00
0.000000e+00
0.000000e+00
0.000000e+00
0.000000e+00
0.000000e+00
0.000000e+00
0.000000e+00
0.000000e+00
0.000000e+00
0.000000e+00
0.000000e+00
0.000000e+00
0.000000e+00
0.000000e+00
0.000000e+00
0.000000e+00
0.000000e+00
0.000000e+00
0.000000e+00
0.000000e+00
0.000000e+00
0.000000e+00
0.000000e+00
0.000000e+00
0.000000e+00
0.000000e+00
0.000000e+00
0.000000e+00
0.000000e+00
0.000000e+00
0.000000e+00
0.000000e+00
0.000000e+00
0.000000e+00
0.000000e+00
0.000000e+00
0.000000e+00
0.000000e+00
0.000000e+00
0.000000e+00
0.000000e+00
0.000000e+00
0.000000e+00
0.000000e+00
0.000000e+00
0.000000e+00
0.000000e+00
0.000000e+00
0.000000e+00
0.000000e+00
0.000000e+00
0.000000e+00
0.000000e+00
0.000000e+00
0.000000e+00
0.000000e+00
0.000000e+00
0.000000e+00
0.000000e+00
0.000000e+00
0.000000e+00
0.000000e+00
0.000000e+00
0.000000e+00
0.000000e+00
0.000000e+00
0.000000e+00
0.000000e+00
0.000000e+00
0.000000e+00
0.000000e+00
0.000000e+00
0.000000e+00
0.000000e+00
0.000000e+00
0.000000e+00
0.000000e+00
0.000000e+00
0.000000e+00
0.000000e+00
0.000000e+00
0.000000e+00
0.000000e+00
0.000000e+00
0.000000e+00
0.000000e+00
0.000000e+00
0.000000e+00
0.000000e+00
0.000000e+00
0.000000e+00
0.000000e+00
0.000000e+00
0.000000e+00
0.000000e+00
0.000000e+00
0.000000e+00
0.000000e+00
0.000000e+00
0.000000e+00
0.000000e+00
0.000000e+00
0.000000e+00
0.000000e+00
0.000000e+00
0.000000e+00
0.000000e+00
0.000000e+00
0.000000e+00
0.000000e+00
0.000000e+00
0.000000e+00
0.000000e+00
0.000000e+00
0.000000e+00
0.000000e+00
0.000000e+00
0.000000e+00
0.000000e+00
0.000000e+00
0.000000e+00
0.000000e+00
0.000000e+00
0.000000e+00
0.000000e+00
0.000000e+00
0.000000e+00
0.000000e+00
0.000000e+00
0.000000e+00
0.000000e+00
