1.072255e+05
1.105528e+05
1.147801e+05
1.199060e+05
1.259291e+05
1.328478e+05
1.406606e+05
1.493659e+05
1.589621e+05
1.694476e+05
1.808208e+05
1.930799e+05
2.062231e+05
2.202488e+05
2.351550e+05
2.509401e+05
2.676020e+05
2.851389e+05
3.035488e+05
3.228298e+05
3.429798e+05
3.639968e+05
3.858786e+05
4.086232e+05
4.322284e+05
4.566919e+05
4.820115e+05
5.081850e+05
5.352100e+05
5.630841e+05
5.918049e+05
6.213701e+05
6.517771e+05
6.830234e+05
7.151065e+05
7.480236e+05
7.817723e+05
8.163498e+05
8.517534e+05
8.879802e+05
9.250276e+05
9.628927e+05
1.001572e+06
1.041064e+06
1.081365e+06
1.122471e+06
1.164380e+06
1.207089e+06
1.250594e+06
1.294892e+06
1.339981e+06
1.385856e+06
1.432515e+06
1.479954e+06
1.528169e+06
1.577158e+06
1.626916e+06
1.677440e+06
1.728727e+06
1.780773e+06
1.833574e+06
1.887126e+06
1.941426e+06
1.996470e+06
2.052253e+06
2.108773e+06
2.166025e+06
2.224004e+06
2.282708e+06
2.342131e+06
2.402270e+06
2.463121e+06
2.524678e+06
2.586939e+06
2.649898e+06
2.713551e+06
2.777893e+06
2.842921e+06
2.908630e+06
2.975014e+06
3.042070e+06
3.109793e+06
3.178177e+06
3.247219e+06
3.316913e+06
3.387254e+06
3.458238e+06
3.529859e+06
3.602113e+06
3.674994e+06
3.748497e+06
3.822618e+06
3.897350e+06
3.972689e+06
4.048629e+06
4.125165e+06
4.202291e+06
4.280002e+06
4.358293e+06
4.437158e+06
4.516591e+06
