1.695033e+05
1.809629e+05
1.932707e+05
2.064248e+05
2.204237e+05
2.352655e+05
2.509483e+05
2.674705e+05
2.848300e+05
3.030250e+05
3.220534e+05
3.419134e+05
3.626029e+05
3.841198e+05
4.064620e+05
4.296274e+05
4.536138e+05
4.784190e+05
5.040408e+05
5.304767e+05
5.577246e+05
5.857821e+05
6.146467e+05
6.443159e+05
6.747874e+05
7.060585e+05
7.381268e+05
7.709895e+05
8.046440e+05
8.390877e+05
8.743179e+05
9.103316e+05
9.471262e+05
9.846987e+05
1.023046e+06
1.062166e+06
1.102055e+06
1.142710e+06
1.184128e+06
1.226305e+06
1.269240e+06
1.312928e+06
1.357366e+06
1.402552e+06
1.448481e+06
1.495150e+06
1.542556e+06
1.590695e+06
1.639565e+06
1.689160e+06
1.739478e+06
1.790516e+06
1.842268e+06
1.894732e+06
1.947904e+06
2.001780e+06
2.056356e+06
2.111628e+06
2.167592e+06
2.224244e+06
2.281580e+06
2.339596e+06
2.398288e+06
2.457651e+06
2.517682e+06
2.578375e+06
2.639727e+06
2.701734e+06
2.764390e+06
2.827691e+06
2.891633e+06
2.956211e+06
3.021420e+06
3.087256e+06
3.153714e+06
3.220790e+06
3.288478e+06
3.356773e+06
3.425671e+06
3.495166e+06
3.565254e+06
3.635929e+06
3.707187e+06
3.779022e+06
3.851429e+06
3.924402e+06
3.997937e+06
4.072028e+06
4.146670e+06
4.221856e+06
4.297583e+06
4.373843e+06
4.450632e+06
4.527944e+06
4.605773e+06
4.684113e+06
4.762959e+06
4.842305e+06
4.922145e+06
5.002472e+06
5.083282e+06
