1.74976512
1.74990512
1.75004212
1.75017712
1.75030712
1.75043512
1.75055912
1.75068012
1.75079712
1.75091112
1.75102212
1.75112912
1.75123412
1.75133512
1.75143412
1.75152912
1.75162212
1.75171212
1.75180012
1.75188512
1.75196712
1.75204812
1.75212512
1.75220112
1.75227512
1.75234712
1.75241612
1.75248412
1.75255012
1.75261412
1.75267712
1.75273812
1.75279712
1.75285512
1.75291112
1.75296612
1.75301912
1.75307212
1.75312312
1.75317212
1.75322112
1.75326812
1.75331512
1.75336012
1.75340412
1.75344712
1.75349012
1.75353112
1.75357112
1.75361112
1.75365012
1.75368712
1.75372412
1.75376112
1.75379612
1.75383112
1.75386512
1.75389912
1.75393112
1.75396312
1.75399512
1.75402612
1.75405612
1.75408612
1.75411512
1.75414412
1.75417212
1.75419912
1.75422712
1.75425312
1.75427912
1.75430512
1.75433012
1.75435512
1.75437912
1.75440312
1.75442712
1.75445012
1.75447312
1.75449612
1.75451812
1.75453912
1.75456112
1.75458212
1.75460312
1.75462312
1.75464312
1.75466312
1.75468312
1.75470212
1.75472112
1.75473912
1.75475812
1.75477612
1.75479412
1.75481212
1.75482912
1.75484612
1.75486312
1.75488012
1.75489612
