1.75029412
1.75042212
1.75054512
1.75066512
1.75078212
1.75089512
1.75100512
1.75111212
1.75121612
1.75131712
1.75141412
1.75150912
1.75160112
1.75169112
1.75177812
1.75186312
1.75194512
1.75202512
1.75210212
1.75217812
1.75225112
1.75232312
1.75239312
1.75246112
1.75252712
1.75259112
1.75265412
1.75271512
1.75277412
1.75283212
1.75288912
1.75294412
1.75299812
1.75305112
1.75310312
1.75315312
1.75320212
1.75325012
1.75329712
1.75334212
1.75338712
1.75343112
1.75347412
1.75351612
1.75355712
1.75359712
1.75363712
1.75367512
1.75371312
1.75375012
1.75378612
1.75382212
1.75385712
1.75389112
1.75392412
1.75395712
1.75398912
1.75402112
1.75405212
1.75408312
1.75411312
1.75414212
1.75417112
1.75419912
1.75422712
1.75425512
1.75428212
1.75430812
1.75433412
1.75436012
1.75438512
1.75441012
1.75443412
1.75445812
1.75448212
1.75450512
1.75452812
1.75455112
1.75457312
1.75459512
1.75461612
1.75463712
1.75465812
1.75467912
1.75469912
1.75471912
1.75473912
1.75475812
1.75477712
1.75479612
1.75481512
1.75483312
1.75485112
1.75486912
1.75488712
1.75490412
1.75492212
1.75493912
1.75495512
1.75497212
1.75498812
