5.502221e+07
5.502150e+07
5.502134e+07
5.502125e+07
5.502119e+07
5.502115e+07
5.502111e+07
5.502108e+07
5.502105e+07
5.502102e+07
5.502100e+07
5.502098e+07
5.502096e+07
5.502095e+07
5.502093e+07
5.502092e+07
5.502090e+07
5.502089e+07
5.502088e+07
5.502087e+07
5.502086e+07
5.502084e+07
5.502083e+07
5.502082e+07
5.502082e+07
5.502081e+07
5.502080e+07
5.502079e+07
5.502078e+07
5.502077e+07
5.502076e+07
5.502076e+07
5.502075e+07
5.502074e+07
5.502073e+07
5.502073e+07
5.502072e+07
5.502071e+07
5.502070e+07
5.502070e+07
5.502069e+07
5.502068e+07
5.502068e+07
5.502067e+07
5.502067e+07
5.502066e+07
5.502065e+07
5.502065e+07
5.502064e+07
5.502063e+07
5.502063e+07
5.502062e+07
5.502062e+07
5.502061e+07
5.502060e+07
5.502060e+07
5.502059e+07
5.502059e+07
5.502058e+07
5.502057e+07
5.502057e+07
5.502056e+07
5.502056e+07
5.502055e+07
5.502054e+07
5.502054e+07
5.502053e+07
5.502053e+07
5.502052e+07
5.502051e+07
5.502051e+07
5.502050e+07
5.502050e+07
5.502049e+07
5.502049e+07
5.502048e+07
5.502047e+07
5.502047e+07
5.502046e+07
5.502046e+07
5.502045e+07
5.502044e+07
5.502044e+07
5.502043e+07
5.502043e+07
5.502042e+07
5.502041e+07
5.502041e+07
5.502040e+07
5.502040e+07
5.502039e+07
5.502038e+07
5.502038e+07
5.502037e+07
5.502036e+07
5.502036e+07
5.502035e+07
5.502035e+07
5.502034e+07
5.502033e+07
5.502033e+07
5.502032e+07
5.502031e+07
5.502031e+07
5.502030e+07
5.502029e+07
5.502029e+07
5.502028e+07
5.502027e+07
5.502027e+07
5.502026e+07
5.502025e+07
5.502025e+07
5.502024e+07
5.502023e+07
5.502023e+07
5.502022e+07
5.502021e+07
5.502021e+07
5.502020e+07
5.502019e+07
5.502018e+07
5.502018e+07
5.502017e+07
5.502016e+07
5.502016e+07
5.502015e+07
5.502014e+07
5.502013e+07
5.502013e+07
5.502012e+07
5.502011e+07
5.502010e+07
5.502010e+07
5.502009e+07
5.502008e+07
5.502007e+07
5.502006e+07
5.502006e+07
5.502005e+07
5.502004e+07
5.502003e+07
5.502002e+07
5.502002e+07
5.502001e+07
5.502000e+07
5.501999e+07
5.501998e+07
5.501998e+07
5.501997e+07
5.501996e+07
5.501995e+07
5.501994e+07
5.501993e+07
5.501992e+07
5.501991e+07
5.501991e+07
5.501990e+07
5.501989e+07
5.501988e+07
5.501987e+07
5.501986e+07
5.501985e+07
5.501984e+07
5.501983e+07
5.501982e+07
5.501982e+07
5.501981e+07
5.501980e+07
5.501979e+07
5.501978e+07
5.501977e+07
5.501976e+07
5.501975e+07
5.501974e+07
5.501973e+07
5.501972e+07
5.501971e+07
5.501970e+07
5.501969e+07
5.501968e+07
5.501967e+07
5.501966e+07
5.501965e+07
5.501964e+07
5.501963e+07
5.501962e+07
5.501960e+07
5.501959e+07
5.501958e+07
5.501957e+07
5.501956e+07
5.501955e+07
5.501954e+07
5.501953e+07
5.501952e+07
5.501951e+07
5.501949e+07
5.501948e+07
5.501947e+07
5.501946e+07
5.501945e+07
5.501944e+07
5.501942e+07
5.501941e+07
5.501940e+07
5.501939e+07
5.501938e+07
5.501936e+07
5.501935e+07
5.501934e+07
5.501933e+07
5.501931e+07
5.501930e+07
5.501929e+07
5.501928e+07
5.501926e+07
5.501925e+07
5.501924e+07
5.501922e+07
5.501921e+07
5.501920e+07
5.501919e+07
5.501917e+07
5.501916e+07
5.501914e+07
5.501913e+07
5.501912e+07
5.501910e+07
5.501909e+07
5.501908e+07
5.501906e+07
5.501905e+07
5.501903e+07
5.501902e+07
5.501900e+07
5.501899e+07
5.501898e+07
5.501896e+07
5.501895e+07
5.501893e+07
5.501892e+07
5.501890e+07
5.501889e+07
5.501887e+07
5.501885e+07
5.501884e+07
5.501882e+07
5.501881e+07
5.501879e+07
5.501878e+07
5.501876e+07
5.501874e+07
5.501873e+07
5.501871e+07
5.501869e+07
5.501868e+07
5.501866e+07
5.501865e+07
5.501863e+07
5.501861e+07
5.501859e+07
5.501858e+07
5.501856e+07
5.501854e+07
5.501852e+07
5.501851e+07
5.501849e+07
5.501847e+07
5.501845e+07
5.501844e+07
5.501842e+07
5.501840e+07
5.501838e+07
5.501836e+07
5.501834e+07
5.501832e+07
5.501830e+07
5.501829e+07
5.501827e+07
5.501825e+07
5.501823e+07
5.501821e+07
5.501819e+07
5.501817e+07
5.501815e+07
5.501813e+07
5.501811e+07
5.501809e+07
5.501807e+07
5.501805e+07
5.501802e+07
5.501800e+07
5.501798e+07
5.501796e+07
5.501794e+07
5.501792e+07
5.501790e+07
5.501787e+07
5.501785e+07
5.501783e+07
5.501781e+07
5.501778e+07
5.501776e+07
5.501774e+07
5.501772e+07
5.501769e+07
5.501767e+07
5.501764e+07
5.501762e+07
5.501760e+07
5.501757e+07
5.501755e+07
5.501752e+07
5.501750e+07
5.501747e+07
5.501745e+07
5.501742e+07
5.501740e+07
5.501737e+07
5.501734e+07
5.501732e+07
5.501729e+07
5.501726e+07
5.501724e+07
5.501721e+07
5.501718e+07
5.501715e+07
5.501713e+07
5.501710e+07
5.501707e+07
5.501704e+07
5.501701e+07
5.501698e+07
5.501695e+07
5.501692e+07
5.501689e+07
5.501686e+07
5.501683e+07
5.501680e+07
5.501677e+07
5.501673e+07
5.501670e+07
5.501667e+07
5.501664e+07
5.501660e+07
5.501657e+07
5.501654e+07
5.501650e+07
5.501647e+07
5.501643e+07
5.501640e+07
5.501636e+07
5.501632e+07
5.501629e+07
5.501625e+07
5.501621e+07
5.501618e+07
5.501614e+07
5.501610e+07
5.501606e+07
5.501602e+07
5.501598e+07
5.501594e+07
5.501589e+07
5.501585e+07
5.501581e+07
5.501577e+07
5.501572e+07
5.501568e+07
5.501563e+07
5.501559e+07
5.501554e+07
5.501549e+07
5.501545e+07
5.501540e+07
5.501535e+07
5.501530e+07
5.501525e+07
5.501520e+07
5.501515e+07
5.501509e+07
5.501504e+07
5.501498e+07
5.501493e+07
5.501487e+07
5.501482e+07
5.501476e+07
5.501470e+07
5.501464e+07
5.501458e+07
5.501451e+07
5.501445e+07
5.501439e+07
5.501432e+07
5.501425e+07
5.501419e+07
5.501412e+07
5.501405e+07
5.501397e+07
5.501390e+07
5.501383e+07
5.501375e+07
5.501367e+07
5.501359e+07
5.501351e+07
5.501343e+07
5.501335e+07
5.501326e+07
5.501317e+07
5.501308e+07
5.501299e+07
5.501290e+07
5.501281e+07
5.501271e+07
5.501261e+07
5.501251e+07
5.501241e+07
5.501230e+07
5.501219e+07
5.501208e+07
5.501197e+07
5.501186e+07
5.501174e+07
5.501162e+07
5.501150e+07
5.501137e+07
5.501124e+07
5.501111e+07
5.501098e+07
5.501084e+07
5.501070e+07
5.501055e+07
5.501041e+07
5.501025e+07
5.501010e+07
5.500994e+07
5.500978e+07
5.500961e+07
5.500944e+07
5.500927e+07
5.500909e+07
5.500890e+07
5.500871e+07
5.500852e+07
5.500832e+07
5.500812e+07
5.500791e+07
5.500770e+07
5.500748e+07
5.500725e+07
5.500702e+07
5.500678e+07
5.500654e+07
5.500629e+07
5.500603e+07
5.500577e+07
5.500550e+07
5.500522e+07
5.500494e+07
5.500465e+07
5.500434e+07
5.500404e+07
5.500372e+07
5.500339e+07
5.500306e+07
5.500271e+07
5.500236e+07
5.500200e+07
5.500162e+07
5.500124e+07
5.500085e+07
5.500044e+07
5.500002e+07
5.499960e+07
5.499916e+07
5.499870e+07
5.499824e+07
5.499776e+07
5.499727e+07
5.499676e+07
5.499624e+07
5.499570e+07
5.499515e+07
5.499458e+07
5.499400e+07
5.499340e+07
5.499278e+07
5.499215e+07
5.499149e+07
5.499082e+07
5.499013e+07
5.498941e+07
5.498868e+07
5.498792e+07
5.498715e+07
5.498635e+07
5.498552e+07
5.498468e+07
5.498380e+07
5.498290e+07
5.498198e+07
5.498103e+07
5.498005e+07
5.497904e+07
5.497800e+07
5.497693e+07
5.497582e+07
5.497469e+07
5.497352e+07
5.497232e+07
5.497108e+07
5.496980e+07
5.496849e+07
5.496713e+07
5.496574e+07
5.496430e+07
5.496282e+07
5.496129e+07
5.495972e+07
5.495810e+07
5.495644e+07
5.495472e+07
5.495295e+07
5.495113e+07
5.494925e+07
5.494732e+07
5.494532e+07
5.494327e+07
5.494116e+07
5.493898e+07
5.493673e+07
5.493441e+07
5.493203e+07
5.492957e+07
5.492704e+07
5.492443e+07
5.492174e+07
5.491897e+07
5.491611e+07
5.491317e+07
5.491014e+07
5.490701e+07
5.490379e+07
5.490047e+07
5.489705e+07
5.489352e+07
5.488989e+07
5.488614e+07
5.488228e+07
5.487830e+07
5.487420e+07
5.486998e+07
5.486562e+07
5.486113e+07
5.485650e+07
5.485173e+07
5.484681e+07
5.484174e+07
5.483651e+07
5.483113e+07
5.482557e+07
5.481985e+07
5.481395e+07
5.480786e+07
5.480159e+07
5.479513e+07
5.478846e+07
5.478159e+07
5.477451e+07
5.476721e+07
5.475968e+07
5.475192e+07
5.474392e+07
5.473567e+07
5.472716e+07
5.471840e+07
5.470936e+07
5.470004e+07
5.469043e+07
5.468052e+07
5.467030e+07
5.465977e+07
5.464891e+07
5.463772e+07
5.462617e+07
5.461427e+07
5.460199e+07
5.458934e+07
5.457629e+07
5.456283e+07
5.454896e+07
5.453465e+07
5.451990e+07
5.450469e+07
5.448900e+07
5.447282e+07
5.445614e+07
5.443894e+07
5.442120e+07
5.440291e+07
5.438404e+07
5.436458e+07
5.434452e+07
5.432383e+07
5.430249e+07
5.428048e+07
5.425778e+07
5.423437e+07
5.421023e+07
5.418533e+07
5.415965e+07
5.413316e+07
5.410584e+07
5.407766e+07
5.404859e+07
5.401861e+07
5.398769e+07
5.395579e+07
5.392288e+07
5.388894e+07
5.385393e+07
5.381781e+07
5.378055e+07
5.374212e+07
5.370246e+07
5.366156e+07
5.361935e+07
5.357581e+07
5.353089e+07
5.348454e+07
5.343672e+07
5.338738e+07
5.333647e+07
5.328394e+07
5.322973e+07
5.317379e+07
5.311607e+07
5.305650e+07
5.299503e+07
5.293159e+07
5.286611e+07
5.279853e+07
5.272878e+07
5.265679e+07
5.258248e+07
5.250577e+07
5.242658e+07
5.234484e+07
5.226044e+07
5.217331e+07
5.208336e+07
5.199047e+07
5.189456e+07
5.179552e+07
5.169325e+07
5.158762e+07
5.147854e+07
5.136586e+07
5.124948e+07
5.112925e+07
5.100506e+07
5.087674e+07
5.074416e+07
5.060717e+07
5.046561e+07
5.031930e+07
5.016809e+07
5.001179e+07
4.985022e+07
4.968318e+07
4.951046e+07
4.933186e+07
4.914715e+07
4.895610e+07
4.875848e+07
4.855402e+07
4.834246e+07
4.812352e+07
4.789692e+07
4.766234e+07
4.741946e+07
4.716795e+07
4.690745e+07
4.663759e+07
4.635796e+07
4.606816e+07
4.576775e+07
4.545625e+07
4.513318e+07
4.479801e+07
4.445018e+07
4.408911e+07
4.371417e+07
4.332468e+07
4.291993e+07
4.249914e+07
4.206149e+07
4.160608e+07
4.113196e+07
4.063809e+07
4.012333e+07
3.958647e+07
3.902615e+07
3.844090e+07
3.782911e+07
3.718898e+07
3.651852e+07
3.581551e+07
3.507744e+07
3.430149e+07
3.348442e+07
3.262254e+07
3.171153e+07
3.074636e+07
2.972103e+07
2.862834e+07
2.745947e+07
2.620343e+07
2.484614e+07
2.336916e+07
2.174733e+07
1.994483e+07
1.790754e+07
1.554709e+07
1.270359e+07
9.047472e+06
0.000000e+00
0.000000e+00
0.000000e+00
0.000000e+00
0.000000e+00
0.000000e+00
0.000000e+00
0.000000e+00
0.000000e+00
0.000000e+00
0.000000e+00
0.000000e+00
0.000000e+00
0.000000e+00
0.000000e+00
0.000000e+00
0.000000e+00
0.000000e+00
0.000000e+00
0.000000e+00
0.000000e+00
0.000000e+00
0.000000e+00
0.000000e+00
0.000000e+00
0.000000e+00
0.000000e+00
0.000000e+00
0.000000e+00
0.000000e+00
0.000000e+00
0.000000e+00
0.000000e+00
0.000000e+00
0.000000e+00
0.000000e+00
0.000000e+00
0.000000e+00
0.000000e+00
0.000000e+00
0.000000e+00
0.000000e+00
0.000000e+00
0.000000e+00
0.000000e+00
0.000000e+00
0.000000e+00
0.000000e+00
0.000000e+00
0.000000e+00
0.000000e+00
0.000000e+00
0.000000e+00
0.000000e+00
0.000000e+00
0.000000e+00
0.000000e+00
0.000000e+00
0.000000e+00
0.000000e+00
0.000000e+00
0.000000e+00
0.000000e+00
0.000000e+00
0.000000e+00
0.000000e+00
0.000000e+00
0.000000e+00
0.000000e+00
0.000000e+00
0.000000e+00
0.000000e+00
0.000000e+00
0.000000e+00
0.000000e+00
0.000000e+00
0.000000e+00
0.000000e+00
0.000000e+00
0.000000e+00
0.000000e+00
0.000000e+00
0.000000e+00
0.000000e+00
0.000000e+00
0.000000e+00
0.000000e+00
0.000000e+00
0.000000e+00
0.000000e+00
0.000000e+00
0.000000e+00
0.000000e+00
0.000000e+00
0.000000e+00
0.000000e+00
0.000000e+00
0.000000e+00
0.000000e+00
0.000000e+00
0.000000e+00
0.000000e+00
0.000000e+00
0.000000e+00
0.000000e+00
0.000000e+00
0.000000e+00
0.000000e+00
0.000000e+00
0.000000e+00
0.000000e+00
0.000000e+00
0.000000e+00
0.000000e+00
0.000000e+00
0.000000e+00
0.000000e+00
0.000000e+00
0.000000e+00
0.000000e+00
0.000000e+00
0.000000e+00
0.000000e+00
0.000000e+00
0.000000e+00
0.000000e+00
0.000000e+00
0.000000e+00
0.000000e+00
0.000000e+00
0.000000e+00
0.000000e+00
0.000000e+00
0.000000e+00
0.000000e+00
0.000000e+00
0.000000e+00
0.000000e+00
0.000000e+00
0.000000e+00
0.000000e+00
0.000000e+00
0.000000e+00
0.000000e+00
0.000000e+00
0.000000e+00
0.000000e+00
0.000000e+00
0.000000e+00
0.000000e+00
0.000000e+00
0.000000e+00
0.000000e+00
0.000000e+00
0.000000e+00
0.000000e+00
0.000000e+00
0.000000e+00
0.000000e+00
0.000000e+00
0.000000e+00
0.000000e+00
0.000000e+00
0.000000e+00
0.000000e+00
0.000000e+00
0.000000e+00
0.000000e+00
0.000000e+00
0.000000e+00
0.000000e+00
0.000000e+00
0.000000e+00
0.000000e+00
0.000000e+00
0.000000e+00
0.000000e+00
0.000000e+00
0.000000e+00
0.000000e+00
0.000000e+00
0.000000e+00
0.000000e+00
0.000000e+00
0.000000e+00
0.000000e+00
0.000000e+00
0.000000e+00
0.000000e+00
0.000000e+00
0.000000e+00
0.000000e+00
0.000000e+00
0.000000e+00
0.000000e+00
0.000000e+00
0.000000e+00
0.000000e+00
0.000000e+00
0.000000e+00
0.000000e+00
0.000000e+00
0.000000e+00
0.000000e+00
0.000000e+00
0.000000e+00
0.000000e+00
0.000000e+00
0.000000e+00
0.000000e+00
0.000000e+00
0.000000e+00
0.000000e+00
0.000000e+00
0.000000e+00
0.000000e+00
0.000000e+00
0.000000e+00
0.000000e+00
0.000000e+00
0.000000e+00
0.000000e+00
0.000000e+00
0.000000e+00
0.000000e+00
0.000000e+00
0.000000e+00
0.000000e+00
0.000000e+00
0.000000e+00
0.000000e+00
0.000000e+00
0.000000e+00
0.000000e+00
0.000000e+00
0.000000e+00
0.000000e+00
0.000000e+00
0.000000e+00
0.000000e+00
0.000000e+00
0.000000e+00
0.000000e+00
0.000000e+00
0.000000e+00
0.000000e+00
0.000000e+00
0.000000e+00
0.000000e+00
0.000000e+00
0.000000e+00
0.000000e+00
0.000000e+00
0.000000e+00
0.000000e+00
0.000000e+00
0.000000e+00
0.000000e+00
0.000000e+00
0.000000e+00
0.000000e+00
0.000000e+00
0.000000e+00
0.000000e+00
0.000000e+00
0.000000e+00
0.000000e+00
0.000000e+00
0.000000e+00
0.000000e+00
0.000000e+00
0.000000e+00
0.000000e+00
0.000000e+00
0.000000e+00
0.000000e+00
0.000000e+00
0.000000e+00
0.000000e+00
0.000000e+00
0.000000e+00
0.000000e+00
0.000000e+00
0.000000e+00
0.000000e+00
0.000000e+00
0.000000e+00
0.000000e+00
0.000000e+00
0.000000e+00
0.000000e+00
0.000000e+00
0.000000e+00
0.000000e+00
0.000000e+00
0.000000e+00
0.000000e+00
0.000000e+00
0.000000e+00
0.000000e+00
0.000000e+00
0.000000e+00
0.000000e+00
0.000000e+00
0.000000e+00
0.000000e+00
0.000000e+00
0.000000e+00
0.000000e+00
0.000000e+00
0.000000e+00
0.000000e+00
0.000000e+00
0.000000e+00
0.000000e+00
0.000000e+00
0.000000e+00
0.000000e+00
0.000000e+00
0.000000e+00
0.000000e+00
0.000000e+00
0.000000e+00
0.000000e+00
0.000000e+00
0.000000e+00
0.000000e+00
0.000000e+00
0.000000e+00
0.000000e+00
0.000000e+00
0.000000e+00
0.000000e+00
0.000000e+00
0.000000e+00
0.000000e+00
0.000000e+00
0.000000e+00
0.000000e+00
0.000000e+00
0.000000e+00
0.000000e+00
0.000000e+00
0.000000e+00
0.000000e+00
0.000000e+00
0.000000e+00
0.000000e+00
0.000000e+00
0.000000e+00
0.000000e+00
0.000000e+00
0.000000e+00
0.000000e+00
0.000000e+00
0.000000e+00
0.000000e+00
0.000000e+00
0.000000e+00
0.000000e+00
0.000000e+00
0.000000e+00
0.000000e+00
0.000000e+00
0.000000e+00
0.000000e+00
0.000000e+00
0.000000e+00
0.000000e+00
0.000000e+00
0.000000e+00
0.000000e+00
0.000000e+00
0.000000e+00
0.000000e+00
0.000000e+00
0.000000e+00
0.000000e+00
0.000000e+00
0.000000e+00
0.000000e+00
0.000000e+00
0.000000e+00
0.000000e+00
0.000000e+00
0.000000e+00
0.000000e+00
0.000000e+00
0.000000e+00
0.000000e+00
0.000000e+00
0.000000e+00
0.000000e+00
0.000000e+00
0.000000e+00
0.000000e+00
0.000000e+00
0.000000e+00
0.000000e+00
0.000000e+00
0.000000e+00
0.000000e+00
0.000000e+00
0.000000e+00
0.000000e+00
0.000000e+00
0.000000e+00
0.000000e+00
0.000000e+00
0.000000e+00
0.000000e+00
0.000000e+00
0.000000e+00
0.000000e+00
0.000000e+00
0.000000e+00
0.000000e+00
0.000000e+00
0.000000e+00
0.000000e+00
0.000000e+00
0.000000e+00
0.000000e+00
0.000000e+00
0.000000e+00
0.000000e+00
0.000000e+00
0.000000e+00
0.000000e+00
0.000000e+00
0.000000e+00
0.000000e+00
0.000000e+00
0.000000e+00
0.000000e+00
0.000000e+00
0.000000e+00
0.000000e+00
0.000000e+00
0.000000e+00
0.000000e+00
0.000000e+00
0.000000e+00
0.000000e+00
0.000000e+00
0.000000e+00
0.000000e+00
0.000000e+00
0.000000e+00
0.000000e+00
0.000000e+00
0.000000e+00
0.000000e+00
0.000000e+00
0.000000e+00
0.000000e+00
0.000000e+00
0.000000e+00
0.000000e+00
0.000000e+00
0.000000e+00
0.000000e+00
0.000000e+00
0.000000e+00
0.000000e+00
0.000000e+00
0.000000e+00
0.000000e+00
0.000000e+00
0.000000e+00
0.000000e+00
0.000000e+00
0.000000e+00
0.000000e+00
0.000000e+00
0.000000e+00
0.000000e+00
0.000000e+00
0.000000e+00
0.000000e+00
0.000000e+00
0.000000e+00
0.000000e+00
0.000000e+00
0.000000e+00
0.000000e+00
0.000000e+00
0.000000e+00
0.000000e+00
0.000000e+00
0.000000e+00
0.000000e+00
0.000000e+00
0.000000e+00
0.000000e+00
0.000000e+00
0.000000e+00
0.000000e+00
0.000000e+00
0.000000e+00
0.000000e+00
0.000000e+00
0.000000e+00
0.000000e+00
0.000000e+00
0.000000e+00
0.000000e+00
0.000000e+00
0.000000e+00
0.000000e+00
0.000000e+00
0.000000e+00
0.000000e+00
0.000000e+00
0.000000e+00
0.000000e+00
0.000000e+00
0.000000e+00
0.000000e+00
0.000000e+00
0.000000e+00
0.000000e+00
0.000000e+00
0.000000e+00
0.000000e+00
0.000000e+00
0.000000e+00
0.000000e+00
0.000000e+00
0.000000e+00
0.000000e+00
0.000000e+00
0.000000e+00
0.000000e+00
0.000000e+00
0.000000e+00
0.000000e+00
0.000000e+00
0.000000e+00
0.000000e+00
0.000000e+00
0.000000e+00
0.000000e+00
0.000000e+00
0.000000e+00
0.000000e+00
0.000000e+00
0.000000e+00
0.000000e+00
0.000000e+00
0.000000e+00
0.000000e+00
0.000000e+00
0.000000e+00
0.000000e+00
0.000000e+00
0.000000e+00
0.000000e+00
0.000000e+00
0.000000e+00
0.000000e+00
0.000000e+00
0.000000e+00
0.000000e+00
0.000000e+00
0.000000e+00
0.000000e+00
0.000000e+00
0.000000e+00
0.000000e+00
0.000000e+00
0.000000e+00
0.000000e+00
0.000000e+00
0.000000e+00
0.000000e+00
0.000000e+00
0.000000e+00
0.000000e+00
0.000000e+00
0.000000e+00
0.000000e+00
0.000000e+00
0.000000e+00
0.000000e+00
0.000000e+00
0.000000e+00
0.000000e+00
0.000000e+00
0.000000e+00
0.000000e+00
0.000000e+00
0.000000e+00
0.000000e+00
0.000000e+00
0.000000e+00
0.000000e+00
0.000000e+00
0.000000e+00
0.000000e+00
0.000000e+00
0.000000e+00
0.000000e+00
0.000000e+00
0.000000e+00
0.000000e+00
0.000000e+00
0.000000e+00
0.000000e+00
0.000000e+00
0.000000e+00
0.000000e+00
0.000000e+00
0.000000e+00
0.000000e+00
0.000000e+00
0.000000e+00
0.000000e+00
0.000000e+00
0.000000e+00
0.000000e+00
0.000000e+00
0.000000e+00
0.000000e+00
0.000000e+00
0.000000e+00
0.000000e+00
0.000000e+00
0.000000e+00
0.000000e+00
0.000000e+00
0.000000e+00
0.000000e+00
0.000000e+00
0.000000e+00
0.000000e+00
0.000000e+00
0.000000e+00
0.000000e+00
0.000000e+00
0.000000e+00
0.000000e+00
0.000000e+00
0.000000e+00
0.000000e+00
0.000000e+00
0.000000e+00
0.000000e+00
0.000000e+00
0.000000e+00
0.000000e+00
0.000000e+00
0.000000e+00
0.000000e+00
0.000000e+00
0.000000e+00
0.000000e+00
0.000000e+00
0.000000e+00
0.000000e+00
0.000000e+00
0.000000e+00
0.000000e+00
0.000000e+00
0.000000e+00
0.000000e+00
0.000000e+00
0.000000e+00
0.000000e+00
0.000000e+00
0.000000e+00
0.000000e+00
0.000000e+00
0.000000e+00
0.000000e+00
0.000000e+00
0.000000e+00
0.000000e+00
0.000000e+00
0.000000e+00
0.000000e+00
0.000000e+00
0.000000e+00
0.000000e+00
0.000000e+00
0.000000e+00
0.000000e+00
0.000000e+00
0.000000e+00
0.000000e+00
0.000000e+00
0.000000e+00
0.000000e+00
0.000000e+00
0.000000e+00
0.000000e+00
0.000000e+00
0.000000e+00
0.000000e+00
0.000000e+00
0.000000e+00
0.000000e+00
0.000000e+00
0.000000e+00
0.000000e+00
0.000000e+00
0.000000e+00
0.000000e+00
0.000000e+00
0.000000e+00
0.000000e+00
0.000000e+00
0.000000e+00
0.000000e+00
0.000000e+00
0.000000e+00
0.000000e+00
0.000000e+00
0.000000e+00
0.000000e+00
0.000000e+00
0.000000e+00
0.000000e+00
0.000000e+00
0.000000e+00
0.000000e+00
0.000000e+00
0.000000e+00
0.000000e+00
0.000000e+00
0.000000e+00
0.000000e+00
0.000000e+00
0.000000e+00
0.000000e+00
0.000000e+00
0.000000e+00
0.000000e+00
0.000000e+00
0.000000e+00
0.000000e+00
0.000000e+00
0.000000e+00
0.000000e+00
0.000000e+00
0.000000e+00
0.000000e+00
0.000000e+00
0.000000e+00
0.000000e+00
0.000000e+00
0.000000e+00
0.000000e+00
0.000000e+00
0.000000e+00
0.000000e+00
0.000000e+00
0.000000e+00
0.000000e+00
0.000000e+00
0.000000e+00
0.000000e+00
0.000000e+00
0.000000e+00
0.000000e+00
0.000000e+00
0.000000e+00
0.000000e+00
0.000000e+00
0.000000e+00
0.000000e+00
0.000000e+00
0.000000e+00
0.000000e+00
0.000000e+00
0.000000e+00
0.000000e+00
0.000000e+00
0.000000e+00
0.000000e+00
0.000000e+00
0.000000e+00
0.000000e+00
0.000000e+00
0.000000e+00
0.000000e+00
0.000000e+00
0.000000e+00
0.000000e+00
0.000000e+00
0.000000e+00
0.000000e+00
0.000000e+00
0.000000e+00
0.000000e+00
0.000000e+00
0.000000e+00
0.000000e+00
0.000000e+00
0.000000e+00
0.000000e+00
0.000000e+00
0.000000e+00
0.000000e+00
0.000000e+00
0.000000e+00
0.000000e+00
0.000000e+00
0.000000e+00
0.000000e+00
0.000000e+00
0.000000e+00
0.000000e+00
0.000000e+00
0.000000e+00
0.000000e+00
0.000000e+00
0.000000e+00
0.000000e+00
0.000000e+00
0.000000e+00
0.000000e+00
0.000000e+00
0.000000e+00
0.000000e+00
0.000000e+00
0.000000e+00
0.000000e+00
0.000000e+00
0.000000e+00
0.000000e+00
0.000000e+00
0.000000e+00
0.000000e+00
0.000000e+00
0.000000e+00
0.000000e+00
0.000000e+00
0.000000e+00
0.000000e+00
0.000000e+00
0.000000e+00
0.000000e+00
0.000000e+00
0.000000e+00
0.000000e+00
0.000000e+00
0.000000e+00
0.000000e+00
0.000000e+00
0.000000e+00
0.000000e+00
0.000000e+00
0.000000e+00
0.000000e+00
0.000000e+00
0.000000e+00
0.000000e+00
0.000000e+00
0.000000e+00
0.000000e+00
0.000000e+00
0.000000e+00
0.000000e+00
0.000000e+00
0.000000e+00
0.000000e+00
0.000000e+00
0.000000e+00
0.000000e+00
0.000000e+00
0.000000e+00
0.000000e+00
0.000000e+00
0.000000e+00
0.000000e+00
0.000000e+00
0.000000e+00
0.000000e+00
0.000000e+00
0.000000e+00
0.000000e+00
0.000000e+00
0.000000e+00
0.000000e+00
0.000000e+00
0.000000e+00
0.000000e+00
0.000000e+00
0.000000e+00
0.000000e+00
0.000000e+00
0.000000e+00
0.000000e+00
0.000000e+00
0.000000e+00
0.000000e+00
0.000000e+00
0.000000e+00
0.000000e+00
0.000000e+00
0.000000e+00
0.000000e+00
0.000000e+00
0.000000e+00
0.000000e+00
0.000000e+00
0.000000e+00
0.000000e+00
0.000000e+00
0.000000e+00
0.000000e+00
0.000000e+00
0.000000e+00
0.000000e+00
0.000000e+00
0.000000e+00
0.000000e+00
0.000000e+00
0.000000e+00
0.000000e+00
0.000000e+00
0.000000e+00
0.000000e+00
0.000000e+00
0.000000e+00
0.000000e+00
0.000000e+00
0.000000e+00
0.000000e+00
0.000000e+00
0.000000e+00
0.000000e+00
0.000000e+00
0.000000e+00
0.000000e+00
0.000000e+00
0.000000e+00
0.000000e+00
0.000000e+00
0.000000e+00
0.000000e+00
0.000000e+00
0.000000e+00
0.000000e+00
0.000000e+00
0.000000e+00
0.000000e+00
0.000000e+00
0.000000e+00
0.000000e+00
0.000000e+00
0.000000e+00
0.000000e+00
0.000000e+00
0.000000e+00
0.000000e+00
0.000000e+00
0.000000e+00
0.000000e+00
0.000000e+00
0.000000e+00
0.000000e+00
0.000000e+00
0.000000e+00
0.000000e+00
0.000000e+00
0.000000e+00
0.000000e+00
0.000000e+00
0.000000e+00
0.000000e+00
0.000000e+00
0.000000e+00
0.000000e+00
0.000000e+00
0.000000e+00
0.000000e+00
0.000000e+00
0.000000e+00
0.000000e+00
0.000000e+00
0.000000e+00
0.000000e+00
0.000000e+00
0.000000e+00
0.000000e+00
0.000000e+00
0.000000e+00
0.000000e+00
0.000000e+00
0.000000e+00
0.000000e+00
0.000000e+00
0.000000e+00
0.000000e+00
0.000000e+00
0.000000e+00
0.000000e+00
0.000000e+00
0.000000e+00
0.000000e+00
0.000000e+00
0.000000e+00
0.000000e+00
0.000000e+00
0.000000e+00
0.000000e+00
0.000000e+00
0.000000e+00
0.000000e+00
0.000000e+00
0.000000e+00
0.000000e+00
0.000000e+00
0.000000e+00
0.000000e+00
0.000000e+00
0.000000e+00
0.000000e+00
0.000000e+00
0.000000e+00
0.000000e+00
0.000000e+00
0.000000e+00
0.000000e+00
0.000000e+00
0.000000e+00
0.000000e+00
0.000000e+00
0.000000e+00
0.000000e+00
0.000000e+00
0.000000e+00
0.000000e+00
0.000000e+00
0.000000e+00
0.000000e+00
0.000000e+00
0.000000e+00
0.000000e+00
0.000000e+00
0.000000e+00
0.000000e+00
0.000000e+00
0.000000e+00
0.000000e+00
0.000000e+00
0.000000e+00
0.000000e+00
0.000000e+00
0.000000e+00
0.000000e+00
0.000000e+00
0.000000e+00
0.000000e+00
0.000000e+00
0.000000e+00
0.000000e+00
0.000000e+00
0.000000e+00
0.000000e+00
0.000000e+00
0.000000e+00
0.000000e+00
0.000000e+00
0.000000e+00
0.000000e+00
0.000000e+00
0.000000e+00
0.000000e+00
0.000000e+00
0.000000e+00
0.000000e+00
