5.541003e+07
5.540931e+07
5.540915e+07
5.540906e+07
5.540900e+07
5.540895e+07
5.540891e+07
5.540888e+07
5.540885e+07
5.540883e+07
5.540881e+07
5.540879e+07
5.540877e+07
5.540875e+07
5.540874e+07
5.540872e+07
5.540871e+07
5.540869e+07
5.540868e+07
5.540867e+07
5.540866e+07
5.540865e+07
5.540864e+07
5.540863e+07
5.540862e+07
5.540861e+07
5.540860e+07
5.540859e+07
5.540858e+07
5.540857e+07
5.540857e+07
5.540856e+07
5.540855e+07
5.540854e+07
5.540853e+07
5.540853e+07
5.540852e+07
5.540851e+07
5.540851e+07
5.540850e+07
5.540849e+07
5.540849e+07
5.540848e+07
5.540847e+07
5.540847e+07
5.540846e+07
5.540845e+07
5.540845e+07
5.540844e+07
5.540843e+07
5.540843e+07
5.540842e+07
5.540841e+07
5.540841e+07
5.540840e+07
5.540840e+07
5.540839e+07
5.540838e+07
5.540838e+07
5.540837e+07
5.540837e+07
5.540836e+07
5.540835e+07
5.540835e+07
5.540834e+07
5.540834e+07
5.540833e+07
5.540832e+07
5.540832e+07
5.540831e+07
5.540831e+07
5.540830e+07
5.540829e+07
5.540829e+07
5.540828e+07
5.540828e+07
5.540827e+07
5.540826e+07
5.540826e+07
5.540825e+07
5.540825e+07
5.540824e+07
5.540823e+07
5.540823e+07
5.540822e+07
5.540822e+07
5.540821e+07
5.540820e+07
5.540820e+07
5.540819e+07
5.540818e+07
5.540818e+07
5.540817e+07
5.540817e+07
5.540816e+07
5.540815e+07
5.540815e+07
5.540814e+07
5.540813e+07
5.540813e+07
5.540812e+07
5.540811e+07
5.540811e+07
5.540810e+07
5.540809e+07
5.540809e+07
5.540808e+07
5.540807e+07
5.540807e+07
5.540806e+07
5.540805e+07
5.540805e+07
5.540804e+07
5.540803e+07
5.540803e+07
5.540802e+07
5.540801e+07
5.540800e+07
5.540800e+07
5.540799e+07
5.540798e+07
5.540797e+07
5.540797e+07
5.540796e+07
5.540795e+07
5.540794e+07
5.540794e+07
5.540793e+07
5.540792e+07
5.540791e+07
5.540791e+07
5.540790e+07
5.540789e+07
5.540788e+07
5.540788e+07
5.540787e+07
5.540786e+07
5.540785e+07
5.540784e+07
5.540784e+07
5.540783e+07
5.540782e+07
5.540781e+07
5.540780e+07
5.540779e+07
5.540779e+07
5.540778e+07
5.540777e+07
5.540776e+07
5.540775e+07
5.540774e+07
5.540773e+07
5.540772e+07
5.540772e+07
5.540771e+07
5.540770e+07
5.540769e+07
5.540768e+07
5.540767e+07
5.540766e+07
5.540765e+07
5.540764e+07
5.540763e+07
5.540762e+07
5.540761e+07
5.540761e+07
5.540760e+07
5.540759e+07
5.540758e+07
5.540757e+07
5.540756e+07
5.540755e+07
5.540754e+07
5.540753e+07
5.540752e+07
5.540751e+07
5.540750e+07
5.540749e+07
5.540748e+07
5.540747e+07
5.540745e+07
5.540744e+07
5.540743e+07
5.540742e+07
5.540741e+07
5.540740e+07
5.540739e+07
5.540738e+07
5.540737e+07
5.540736e+07
5.540735e+07
5.540733e+07
5.540732e+07
5.540731e+07
5.540730e+07
5.540729e+07
5.540728e+07
5.540727e+07
5.540725e+07
5.540724e+07
5.540723e+07
5.540722e+07
5.540721e+07
5.540719e+07
5.540718e+07
5.540717e+07
5.540716e+07
5.540714e+07
5.540713e+07
5.540712e+07
5.540711e+07
5.540709e+07
5.540708e+07
5.540707e+07
5.540706e+07
5.540704e+07
5.540703e+07
5.540702e+07
5.540700e+07
5.540699e+07
5.540698e+07
5.540696e+07
5.540695e+07
5.540693e+07
5.540692e+07
5.540691e+07
5.540689e+07
5.540688e+07
5.540686e+07
5.540685e+07
5.540684e+07
5.540682e+07
5.540681e+07
5.540679e+07
5.540678e+07
5.540676e+07
5.540675e+07
5.540673e+07
5.540672e+07
5.540670e+07
5.540669e+07
5.540667e+07
5.540666e+07
5.540664e+07
5.540662e+07
5.540661e+07
5.540659e+07
5.540658e+07
5.540656e+07
5.540654e+07
5.540653e+07
5.540651e+07
5.540650e+07
5.540648e+07
5.540646e+07
5.540644e+07
5.540643e+07
5.540641e+07
5.540639e+07
5.540638e+07
5.540636e+07
5.540634e+07
5.540632e+07
5.540631e+07
5.540629e+07
5.540627e+07
5.540625e+07
5.540623e+07
5.540622e+07
5.540620e+07
5.540618e+07
5.540616e+07
5.540614e+07
5.540612e+07
5.540610e+07
5.540608e+07
5.540606e+07
5.540604e+07
5.540602e+07
5.540600e+07
5.540598e+07
5.540596e+07
5.540594e+07
5.540592e+07
5.540590e+07
5.540588e+07
5.540586e+07
5.540584e+07
5.540582e+07
5.540580e+07
5.540578e+07
5.540576e+07
5.540573e+07
5.540571e+07
5.540569e+07
5.540567e+07
5.540565e+07
5.540562e+07
5.540560e+07
5.540558e+07
5.540555e+07
5.540553e+07
5.540551e+07
5.540548e+07
5.540546e+07
5.540544e+07
5.540541e+07
5.540539e+07
5.540536e+07
5.540534e+07
5.540531e+07
5.540529e+07
5.540526e+07
5.540524e+07
5.540521e+07
5.540519e+07
5.540516e+07
5.540513e+07
5.540511e+07
5.540508e+07
5.540505e+07
5.540503e+07
5.540500e+07
5.540497e+07
5.540494e+07
5.540491e+07
5.540489e+07
5.540486e+07
5.540483e+07
5.540480e+07
5.540477e+07
5.540474e+07
5.540471e+07
5.540468e+07
5.540465e+07
5.540462e+07
5.540458e+07
5.540455e+07
5.540452e+07
5.540449e+07
5.540446e+07
5.540442e+07
5.540439e+07
5.540436e+07
5.540432e+07
5.540429e+07
5.540425e+07
5.540422e+07
5.540418e+07
5.540414e+07
5.540411e+07
5.540407e+07
5.540403e+07
5.540400e+07
5.540396e+07
5.540392e+07
5.540388e+07
5.540384e+07
5.540380e+07
5.540376e+07
5.540372e+07
5.540368e+07
5.540363e+07
5.540359e+07
5.540355e+07
5.540350e+07
5.540346e+07
5.540341e+07
5.540337e+07
5.540332e+07
5.540327e+07
5.540322e+07
5.540318e+07
5.540313e+07
5.540308e+07
5.540303e+07
5.540297e+07
5.540292e+07
5.540287e+07
5.540281e+07
5.540276e+07
5.540270e+07
5.540265e+07
5.540259e+07
5.540253e+07
5.540247e+07
5.540241e+07
5.540235e+07
5.540229e+07
5.540222e+07
5.540216e+07
5.540209e+07
5.540202e+07
5.540196e+07
5.540189e+07
5.540182e+07
5.540174e+07
5.540167e+07
5.540159e+07
5.540152e+07
5.540144e+07
5.540136e+07
5.540128e+07
5.540120e+07
5.540111e+07
5.540103e+07
5.540094e+07
5.540085e+07
5.540076e+07
5.540067e+07
5.540057e+07
5.540047e+07
5.540037e+07
5.540027e+07
5.540017e+07
5.540006e+07
5.539996e+07
5.539984e+07
5.539973e+07
5.539962e+07
5.539950e+07
5.539938e+07
5.539925e+07
5.539913e+07
5.539900e+07
5.539887e+07
5.539873e+07
5.539859e+07
5.539845e+07
5.539831e+07
5.539816e+07
5.539801e+07
5.539785e+07
5.539769e+07
5.539753e+07
5.539736e+07
5.539719e+07
5.539701e+07
5.539683e+07
5.539665e+07
5.539646e+07
5.539626e+07
5.539607e+07
5.539586e+07
5.539565e+07
5.539544e+07
5.539522e+07
5.539499e+07
5.539476e+07
5.539452e+07
5.539428e+07
5.539403e+07
5.539377e+07
5.539350e+07
5.539323e+07
5.539295e+07
5.539267e+07
5.539237e+07
5.539207e+07
5.539176e+07
5.539144e+07
5.539112e+07
5.539078e+07
5.539044e+07
5.539008e+07
5.538972e+07
5.538934e+07
5.538896e+07
5.538856e+07
5.538816e+07
5.538774e+07
5.538731e+07
5.538686e+07
5.538641e+07
5.538594e+07
5.538546e+07
5.538497e+07
5.538446e+07
5.538394e+07
5.538340e+07
5.538285e+07
5.538228e+07
5.538169e+07
5.538109e+07
5.538047e+07
5.537983e+07
5.537917e+07
5.537850e+07
5.537780e+07
5.537709e+07
5.537635e+07
5.537560e+07
5.537482e+07
5.537401e+07
5.537319e+07
5.537234e+07
5.537146e+07
5.537056e+07
5.536963e+07
5.536868e+07
5.536769e+07
5.536668e+07
5.536564e+07
5.536456e+07
5.536346e+07
5.536232e+07
5.536115e+07
5.535994e+07
5.535870e+07
5.535742e+07
5.535610e+07
5.535474e+07
5.535334e+07
5.535190e+07
5.535041e+07
5.534888e+07
5.534731e+07
5.534568e+07
5.534401e+07
5.534229e+07
5.534052e+07
5.533869e+07
5.533680e+07
5.533486e+07
5.533287e+07
5.533081e+07
5.532868e+07
5.532650e+07
5.532424e+07
5.532192e+07
5.531953e+07
5.531707e+07
5.531453e+07
5.531191e+07
5.530921e+07
5.530643e+07
5.530357e+07
5.530062e+07
5.529758e+07
5.529444e+07
5.529121e+07
5.528788e+07
5.528445e+07
5.528092e+07
5.527727e+07
5.527352e+07
5.526964e+07
5.526565e+07
5.526154e+07
5.525730e+07
5.525293e+07
5.524843e+07
5.524379e+07
5.523900e+07
5.523407e+07
5.522899e+07
5.522374e+07
5.521834e+07
5.521277e+07
5.520703e+07
5.520112e+07
5.519502e+07
5.518873e+07
5.518224e+07
5.517556e+07
5.516867e+07
5.516157e+07
5.515425e+07
5.514670e+07
5.513892e+07
5.513089e+07
5.512262e+07
5.511410e+07
5.510530e+07
5.509624e+07
5.508689e+07
5.507726e+07
5.506733e+07
5.505708e+07
5.504652e+07
5.503563e+07
5.502441e+07
5.501283e+07
5.500090e+07
5.498859e+07
5.497590e+07
5.496282e+07
5.494932e+07
5.493541e+07
5.492107e+07
5.490627e+07
5.489102e+07
5.487529e+07
5.485907e+07
5.484234e+07
5.482510e+07
5.480731e+07
5.478897e+07
5.477005e+07
5.475054e+07
5.473042e+07
5.470968e+07
5.468828e+07
5.466621e+07
5.464345e+07
5.461998e+07
5.459577e+07
5.457081e+07
5.454506e+07
5.451850e+07
5.449110e+07
5.446285e+07
5.443370e+07
5.440364e+07
5.437263e+07
5.434065e+07
5.430765e+07
5.427362e+07
5.423851e+07
5.420229e+07
5.416493e+07
5.412639e+07
5.408663e+07
5.404561e+07
5.400329e+07
5.395963e+07
5.391458e+07
5.386811e+07
5.382015e+07
5.377067e+07
5.371962e+07
5.366694e+07
5.361258e+07
5.355649e+07
5.349860e+07
5.343886e+07
5.337721e+07
5.331359e+07
5.324792e+07
5.318015e+07
5.311020e+07
5.303799e+07
5.296346e+07
5.288653e+07
5.280711e+07
5.272512e+07
5.264047e+07
5.255308e+07
5.246285e+07
5.236968e+07
5.227348e+07
5.217414e+07
5.207154e+07
5.196559e+07
5.185616e+07
5.174312e+07
5.162637e+07
5.150576e+07
5.138115e+07
5.125242e+07
5.111940e+07
5.098195e+07
5.083991e+07
5.069312e+07
5.054139e+07
5.038455e+07
5.022241e+07
5.005478e+07
4.988145e+07
4.970220e+07
4.951682e+07
4.932508e+07
4.912672e+07
4.892149e+07
4.870912e+07
4.848935e+07
4.826186e+07
4.802635e+07
4.778251e+07
4.752998e+07
4.726841e+07
4.699742e+07
4.671662e+07
4.642558e+07
4.612386e+07
4.581099e+07
4.548647e+07
4.514978e+07
4.480035e+07
4.443759e+07
4.406087e+07
4.366949e+07
4.326275e+07
4.283986e+07
4.239998e+07
4.194222e+07
4.146561e+07
4.096909e+07
4.045152e+07
3.991167e+07
3.934818e+07
3.875956e+07
3.814417e+07
3.750020e+07
3.682565e+07
3.611825e+07
3.537549e+07
3.459450e+07
3.377202e+07
3.290430e+07
3.198700e+07
3.101502e+07
2.998230e+07
2.888157e+07
2.770390e+07
2.643819e+07
2.507022e+07
2.358136e+07
2.194618e+07
2.012850e+07
1.807366e+07
1.569239e+07
1.282324e+07
9.133394e+06
0.000000e+00
0.000000e+00
0.000000e+00
0.000000e+00
0.000000e+00
0.000000e+00
0.000000e+00
0.000000e+00
0.000000e+00
0.000000e+00
0.000000e+00
0.000000e+00
0.000000e+00
0.000000e+00
0.000000e+00
0.000000e+00
0.000000e+00
0.000000e+00
0.000000e+00
0.000000e+00
0.000000e+00
0.000000e+00
0.000000e+00
0.000000e+00
0.000000e+00
0.000000e+00
0.000000e+00
0.000000e+00
0.000000e+00
0.000000e+00
0.000000e+00
0.000000e+00
0.000000e+00
0.000000e+00
0.000000e+00
0.000000e+00
0.000000e+00
0.000000e+00
0.000000e+00
0.000000e+00
0.000000e+00
0.000000e+00
0.000000e+00
0.000000e+00
0.000000e+00
0.000000e+00
0.000000e+00
0.000000e+00
0.000000e+00
0.000000e+00
0.000000e+00
0.000000e+00
0.000000e+00
0.000000e+00
0.000000e+00
0.000000e+00
0.000000e+00
0.000000e+00
0.000000e+00
0.000000e+00
0.000000e+00
0.000000e+00
0.000000e+00
0.000000e+00
0.000000e+00
0.000000e+00
0.000000e+00
0.000000e+00
0.000000e+00
0.000000e+00
0.000000e+00
0.000000e+00
0.000000e+00
0.000000e+00
0.000000e+00
0.000000e+00
0.000000e+00
0.000000e+00
0.000000e+00
0.000000e+00
0.000000e+00
0.000000e+00
0.000000e+00
0.000000e+00
0.000000e+00
0.000000e+00
0.000000e+00
0.000000e+00
0.000000e+00
0.000000e+00
0.000000e+00
0.000000e+00
0.000000e+00
0.000000e+00
0.000000e+00
0.000000e+00
0.000000e+00
0.000000e+00
0.000000e+00
0.000000e+00
0.000000e+00
0.000000e+00
0.000000e+00
0.000000e+00
0.000000e+00
0.000000e+00
0.000000e+00
0.000000e+00
0.000000e+00
0.000000e+00
0.000000e+00
0.000000e+00
0.000000e+00
0.000000e+00
0.000000e+00
0.000000e+00
0.000000e+00
0.000000e+00
0.000000e+00
0.000000e+00
0.000000e+00
0.000000e+00
0.000000e+00
0.000000e+00
0.000000e+00
0.000000e+00
0.000000e+00
0.000000e+00
0.000000e+00
0.000000e+00
0.000000e+00
0.000000e+00
0.000000e+00
0.000000e+00
0.000000e+00
0.000000e+00
0.000000e+00
0.000000e+00
0.000000e+00
0.000000e+00
0.000000e+00
0.000000e+00
0.000000e+00
0.000000e+00
0.000000e+00
0.000000e+00
0.000000e+00
0.000000e+00
0.000000e+00
0.000000e+00
0.000000e+00
0.000000e+00
0.000000e+00
0.000000e+00
0.000000e+00
0.000000e+00
0.000000e+00
0.000000e+00
0.000000e+00
0.000000e+00
0.000000e+00
0.000000e+00
0.000000e+00
0.000000e+00
0.000000e+00
0.000000e+00
0.000000e+00
0.000000e+00
0.000000e+00
0.000000e+00
0.000000e+00
0.000000e+00
0.000000e+00
0.000000e+00
0.000000e+00
0.000000e+00
0.000000e+00
0.000000e+00
0.000000e+00
0.000000e+00
0.000000e+00
0.000000e+00
0.000000e+00
0.000000e+00
0.000000e+00
0.000000e+00
0.000000e+00
0.000000e+00
0.000000e+00
0.000000e+00
0.000000e+00
0.000000e+00
0.000000e+00
0.000000e+00
0.000000e+00
0.000000e+00
0.000000e+00
0.000000e+00
0.000000e+00
0.000000e+00
0.000000e+00
0.000000e+00
0.000000e+00
0.000000e+00
0.000000e+00
0.000000e+00
0.000000e+00
0.000000e+00
0.000000e+00
0.000000e+00
0.000000e+00
0.000000e+00
0.000000e+00
0.000000e+00
0.000000e+00
0.000000e+00
0.000000e+00
0.000000e+00
0.000000e+00
0.000000e+00
0.000000e+00
0.000000e+00
0.000000e+00
0.000000e+00
0.000000e+00
0.000000e+00
0.000000e+00
0.000000e+00
0.000000e+00
0.000000e+00
0.000000e+00
0.000000e+00
0.000000e+00
0.000000e+00
0.000000e+00
0.000000e+00
0.000000e+00
0.000000e+00
0.000000e+00
0.000000e+00
0.000000e+00
0.000000e+00
0.000000e+00
0.000000e+00
0.000000e+00
0.000000e+00
0.000000e+00
0.000000e+00
0.000000e+00
0.000000e+00
0.000000e+00
0.000000e+00
0.000000e+00
0.000000e+00
0.000000e+00
0.000000e+00
0.000000e+00
0.000000e+00
0.000000e+00
0.000000e+00
0.000000e+00
0.000000e+00
0.000000e+00
0.000000e+00
0.000000e+00
0.000000e+00
0.000000e+00
0.000000e+00
0.000000e+00
0.000000e+00
0.000000e+00
0.000000e+00
0.000000e+00
0.000000e+00
0.000000e+00
0.000000e+00
0.000000e+00
0.000000e+00
0.000000e+00
0.000000e+00
0.000000e+00
0.000000e+00
0.000000e+00
0.000000e+00
0.000000e+00
0.000000e+00
0.000000e+00
0.000000e+00
0.000000e+00
0.000000e+00
0.000000e+00
0.000000e+00
0.000000e+00
0.000000e+00
0.000000e+00
0.000000e+00
0.000000e+00
0.000000e+00
0.000000e+00
0.000000e+00
0.000000e+00
0.000000e+00
0.000000e+00
0.000000e+00
0.000000e+00
0.000000e+00
0.000000e+00
0.000000e+00
0.000000e+00
0.000000e+00
0.000000e+00
0.000000e+00
0.000000e+00
0.000000e+00
0.000000e+00
0.000000e+00
0.000000e+00
0.000000e+00
0.000000e+00
0.000000e+00
0.000000e+00
0.000000e+00
0.000000e+00
0.000000e+00
0.000000e+00
0.000000e+00
0.000000e+00
0.000000e+00
0.000000e+00
0.000000e+00
0.000000e+00
0.000000e+00
0.000000e+00
0.000000e+00
0.000000e+00
0.000000e+00
0.000000e+00
0.000000e+00
0.000000e+00
0.000000e+00
0.000000e+00
0.000000e+00
0.000000e+00
0.000000e+00
0.000000e+00
0.000000e+00
0.000000e+00
0.000000e+00
0.000000e+00
0.000000e+00
0.000000e+00
0.000000e+00
0.000000e+00
0.000000e+00
0.000000e+00
0.000000e+00
0.000000e+00
0.000000e+00
0.000000e+00
0.000000e+00
0.000000e+00
0.000000e+00
0.000000e+00
0.000000e+00
0.000000e+00
0.000000e+00
0.000000e+00
0.000000e+00
0.000000e+00
0.000000e+00
0.000000e+00
0.000000e+00
0.000000e+00
0.000000e+00
0.000000e+00
0.000000e+00
0.000000e+00
0.000000e+00
0.000000e+00
0.000000e+00
0.000000e+00
0.000000e+00
0.000000e+00
0.000000e+00
0.000000e+00
0.000000e+00
0.000000e+00
0.000000e+00
0.000000e+00
0.000000e+00
0.000000e+00
0.000000e+00
0.000000e+00
0.000000e+00
0.000000e+00
0.000000e+00
0.000000e+00
0.000000e+00
0.000000e+00
0.000000e+00
0.000000e+00
0.000000e+00
0.000000e+00
0.000000e+00
0.000000e+00
0.000000e+00
0.000000e+00
0.000000e+00
0.000000e+00
0.000000e+00
0.000000e+00
0.000000e+00
0.000000e+00
0.000000e+00
0.000000e+00
0.000000e+00
0.000000e+00
0.000000e+00
0.000000e+00
0.000000e+00
0.000000e+00
0.000000e+00
0.000000e+00
0.000000e+00
0.000000e+00
0.000000e+00
0.000000e+00
0.000000e+00
0.000000e+00
0.000000e+00
0.000000e+00
0.000000e+00
0.000000e+00
0.000000e+00
0.000000e+00
0.000000e+00
0.000000e+00
0.000000e+00
0.000000e+00
0.000000e+00
0.000000e+00
0.000000e+00
0.000000e+00
0.000000e+00
0.000000e+00
0.000000e+00
0.000000e+00
0.000000e+00
0.000000e+00
0.000000e+00
0.000000e+00
0.000000e+00
0.000000e+00
0.000000e+00
0.000000e+00
0.000000e+00
0.000000e+00
0.000000e+00
0.000000e+00
0.000000e+00
0.000000e+00
0.000000e+00
0.000000e+00
0.000000e+00
0.000000e+00
0.000000e+00
0.000000e+00
0.000000e+00
0.000000e+00
0.000000e+00
0.000000e+00
0.000000e+00
0.000000e+00
0.000000e+00
0.000000e+00
0.000000e+00
0.000000e+00
0.000000e+00
0.000000e+00
0.000000e+00
0.000000e+00
0.000000e+00
0.000000e+00
0.000000e+00
0.000000e+00
0.000000e+00
0.000000e+00
0.000000e+00
0.000000e+00
0.000000e+00
0.000000e+00
0.000000e+00
0.000000e+00
0.000000e+00
0.000000e+00
0.000000e+00
0.000000e+00
0.000000e+00
0.000000e+00
0.000000e+00
0.000000e+00
0.000000e+00
0.000000e+00
0.000000e+00
0.000000e+00
0.000000e+00
0.000000e+00
0.000000e+00
0.000000e+00
0.000000e+00
0.000000e+00
0.000000e+00
0.000000e+00
0.000000e+00
0.000000e+00
0.000000e+00
0.000000e+00
0.000000e+00
0.000000e+00
0.000000e+00
0.000000e+00
0.000000e+00
0.000000e+00
0.000000e+00
0.000000e+00
0.000000e+00
0.000000e+00
0.000000e+00
0.000000e+00
0.000000e+00
0.000000e+00
0.000000e+00
0.000000e+00
0.000000e+00
0.000000e+00
0.000000e+00
0.000000e+00
0.000000e+00
0.000000e+00
0.000000e+00
0.000000e+00
0.000000e+00
0.000000e+00
0.000000e+00
0.000000e+00
0.000000e+00
0.000000e+00
0.000000e+00
0.000000e+00
0.000000e+00
0.000000e+00
0.000000e+00
0.000000e+00
0.000000e+00
0.000000e+00
0.000000e+00
0.000000e+00
0.000000e+00
0.000000e+00
0.000000e+00
0.000000e+00
0.000000e+00
0.000000e+00
0.000000e+00
0.000000e+00
0.000000e+00
0.000000e+00
0.000000e+00
0.000000e+00
0.000000e+00
0.000000e+00
0.000000e+00
0.000000e+00
0.000000e+00
0.000000e+00
0.000000e+00
0.000000e+00
0.000000e+00
0.000000e+00
0.000000e+00
0.000000e+00
0.000000e+00
0.000000e+00
0.000000e+00
0.000000e+00
0.000000e+00
0.000000e+00
0.000000e+00
0.000000e+00
0.000000e+00
0.000000e+00
0.000000e+00
0.000000e+00
0.000000e+00
0.000000e+00
0.000000e+00
0.000000e+00
0.000000e+00
0.000000e+00
0.000000e+00
0.000000e+00
0.000000e+00
0.000000e+00
0.000000e+00
0.000000e+00
0.000000e+00
0.000000e+00
0.000000e+00
0.000000e+00
0.000000e+00
0.000000e+00
0.000000e+00
0.000000e+00
0.000000e+00
0.000000e+00
0.000000e+00
0.000000e+00
0.000000e+00
0.000000e+00
0.000000e+00
0.000000e+00
0.000000e+00
0.000000e+00
0.000000e+00
0.000000e+00
0.000000e+00
0.000000e+00
0.000000e+00
0.000000e+00
0.000000e+00
0.000000e+00
0.000000e+00
0.000000e+00
0.000000e+00
0.000000e+00
0.000000e+00
0.000000e+00
0.000000e+00
0.000000e+00
0.000000e+00
0.000000e+00
0.000000e+00
0.000000e+00
0.000000e+00
0.000000e+00
0.000000e+00
0.000000e+00
0.000000e+00
0.000000e+00
0.000000e+00
0.000000e+00
0.000000e+00
0.000000e+00
0.000000e+00
0.000000e+00
0.000000e+00
0.000000e+00
0.000000e+00
0.000000e+00
0.000000e+00
0.000000e+00
0.000000e+00
0.000000e+00
0.000000e+00
0.000000e+00
0.000000e+00
0.000000e+00
0.000000e+00
0.000000e+00
0.000000e+00
0.000000e+00
0.000000e+00
0.000000e+00
0.000000e+00
0.000000e+00
0.000000e+00
0.000000e+00
0.000000e+00
0.000000e+00
0.000000e+00
0.000000e+00
0.000000e+00
0.000000e+00
0.000000e+00
0.000000e+00
0.000000e+00
0.000000e+00
0.000000e+00
0.000000e+00
0.000000e+00
0.000000e+00
0.000000e+00
0.000000e+00
0.000000e+00
0.000000e+00
0.000000e+00
0.000000e+00
0.000000e+00
0.000000e+00
0.000000e+00
0.000000e+00
0.000000e+00
0.000000e+00
0.000000e+00
0.000000e+00
0.000000e+00
0.000000e+00
0.000000e+00
0.000000e+00
0.000000e+00
0.000000e+00
0.000000e+00
0.000000e+00
0.000000e+00
0.000000e+00
0.000000e+00
0.000000e+00
0.000000e+00
0.000000e+00
0.000000e+00
0.000000e+00
0.000000e+00
0.000000e+00
0.000000e+00
0.000000e+00
0.000000e+00
0.000000e+00
0.000000e+00
0.000000e+00
0.000000e+00
0.000000e+00
0.000000e+00
0.000000e+00
0.000000e+00
0.000000e+00
0.000000e+00
0.000000e+00
0.000000e+00
0.000000e+00
0.000000e+00
0.000000e+00
0.000000e+00
0.000000e+00
0.000000e+00
0.000000e+00
0.000000e+00
0.000000e+00
0.000000e+00
0.000000e+00
0.000000e+00
0.000000e+00
0.000000e+00
0.000000e+00
0.000000e+00
0.000000e+00
0.000000e+00
0.000000e+00
0.000000e+00
0.000000e+00
0.000000e+00
0.000000e+00
0.000000e+00
0.000000e+00
0.000000e+00
0.000000e+00
0.000000e+00
0.000000e+00
0.000000e+00
0.000000e+00
0.000000e+00
0.000000e+00
0.000000e+00
0.000000e+00
0.000000e+00
0.000000e+00
0.000000e+00
0.000000e+00
0.000000e+00
0.000000e+00
0.000000e+00
0.000000e+00
0.000000e+00
0.000000e+00
0.000000e+00
0.000000e+00
0.000000e+00
0.000000e+00
0.000000e+00
0.000000e+00
0.000000e+00
0.000000e+00
0.000000e+00
0.000000e+00
0.000000e+00
0.000000e+00
0.000000e+00
0.000000e+00
0.000000e+00
0.000000e+00
0.000000e+00
0.000000e+00
0.000000e+00
0.000000e+00
0.000000e+00
0.000000e+00
0.000000e+00
0.000000e+00
0.000000e+00
0.000000e+00
0.000000e+00
0.000000e+00
0.000000e+00
0.000000e+00
0.000000e+00
0.000000e+00
0.000000e+00
0.000000e+00
0.000000e+00
0.000000e+00
0.000000e+00
0.000000e+00
0.000000e+00
0.000000e+00
0.000000e+00
0.000000e+00
0.000000e+00
0.000000e+00
0.000000e+00
0.000000e+00
0.000000e+00
0.000000e+00
0.000000e+00
0.000000e+00
0.000000e+00
0.000000e+00
0.000000e+00
0.000000e+00
0.000000e+00
0.000000e+00
0.000000e+00
0.000000e+00
0.000000e+00
0.000000e+00
0.000000e+00
0.000000e+00
0.000000e+00
0.000000e+00
0.000000e+00
0.000000e+00
0.000000e+00
0.000000e+00
0.000000e+00
0.000000e+00
0.000000e+00
0.000000e+00
0.000000e+00
0.000000e+00
0.000000e+00
0.000000e+00
0.000000e+00
0.000000e+00
0.000000e+00
0.000000e+00
0.000000e+00
0.000000e+00
0.000000e+00
0.000000e+00
0.000000e+00
0.000000e+00
0.000000e+00
0.000000e+00
0.000000e+00
0.000000e+00
0.000000e+00
0.000000e+00
0.000000e+00
0.000000e+00
0.000000e+00
0.000000e+00
0.000000e+00
0.000000e+00
0.000000e+00
0.000000e+00
0.000000e+00
0.000000e+00
0.000000e+00
0.000000e+00
0.000000e+00
0.000000e+00
0.000000e+00
0.000000e+00
0.000000e+00
0.000000e+00
0.000000e+00
0.000000e+00
0.000000e+00
0.000000e+00
0.000000e+00
0.000000e+00
0.000000e+00
0.000000e+00
0.000000e+00
0.000000e+00
0.000000e+00
0.000000e+00
0.000000e+00
0.000000e+00
0.000000e+00
0.000000e+00
0.000000e+00
0.000000e+00
0.000000e+00
0.000000e+00
0.000000e+00
0.000000e+00
0.000000e+00
0.000000e+00
0.000000e+00
0.000000e+00
0.000000e+00
0.000000e+00
0.000000e+00
0.000000e+00
0.000000e+00
0.000000e+00
0.000000e+00
0.000000e+00
0.000000e+00
0.000000e+00
0.000000e+00
0.000000e+00
0.000000e+00
0.000000e+00
0.000000e+00
0.000000e+00
0.000000e+00
0.000000e+00
0.000000e+00
0.000000e+00
0.000000e+00
0.000000e+00
0.000000e+00
0.000000e+00
0.000000e+00
0.000000e+00
0.000000e+00
0.000000e+00
0.000000e+00
0.000000e+00
0.000000e+00
0.000000e+00
0.000000e+00
0.000000e+00
0.000000e+00
0.000000e+00
0.000000e+00
0.000000e+00
0.000000e+00
0.000000e+00
0.000000e+00
0.000000e+00
0.000000e+00
0.000000e+00
0.000000e+00
0.000000e+00
0.000000e+00
0.000000e+00
0.000000e+00
0.000000e+00
0.000000e+00
0.000000e+00
0.000000e+00
0.000000e+00
0.000000e+00
0.000000e+00
0.000000e+00
0.000000e+00
0.000000e+00
0.000000e+00
0.000000e+00
0.000000e+00
0.000000e+00
0.000000e+00
0.000000e+00
0.000000e+00
0.000000e+00
0.000000e+00
0.000000e+00
0.000000e+00
0.000000e+00
0.000000e+00
0.000000e+00
0.000000e+00
0.000000e+00
0.000000e+00
0.000000e+00
0.000000e+00
0.000000e+00
0.000000e+00
0.000000e+00
0.000000e+00
0.000000e+00
0.000000e+00
0.000000e+00
0.000000e+00
0.000000e+00
0.000000e+00
0.000000e+00
0.000000e+00
0.000000e+00
0.000000e+00
0.000000e+00
0.000000e+00
0.000000e+00
0.000000e+00
0.000000e+00
0.000000e+00
0.000000e+00
0.000000e+00
0.000000e+00
0.000000e+00
0.000000e+00
0.000000e+00
0.000000e+00
0.000000e+00
0.000000e+00
0.000000e+00
0.000000e+00
0.000000e+00
0.000000e+00
0.000000e+00
0.000000e+00
0.000000e+00
0.000000e+00
0.000000e+00
0.000000e+00
0.000000e+00
0.000000e+00
0.000000e+00
0.000000e+00
0.000000e+00
0.000000e+00
0.000000e+00
0.000000e+00
0.000000e+00
0.000000e+00
0.000000e+00
0.000000e+00
0.000000e+00
0.000000e+00
0.000000e+00
0.000000e+00
0.000000e+00
0.000000e+00
0.000000e+00
0.000000e+00
0.000000e+00
0.000000e+00
0.000000e+00
0.000000e+00
0.000000e+00
0.000000e+00
0.000000e+00
0.000000e+00
0.000000e+00
0.000000e+00
0.000000e+00
0.000000e+00
0.000000e+00
0.000000e+00
0.000000e+00
0.000000e+00
0.000000e+00
0.000000e+00
0.000000e+00
0.000000e+00
0.000000e+00
