4.347646e+05
4.575657e+05
4.810666e+05
5.052651e+05
5.301592e+05
5.557466e+05
5.820250e+05
6.089923e+05
6.366462e+05
6.649842e+05
6.940040e+05
7.237033e+05
7.540794e+05
7.851300e+05
8.168526e+05
8.492444e+05
8.823030e+05
9.160257e+05
9.504098e+05
9.854525e+05
1.021151e+06
1.057503e+06
1.094505e+06
1.132154e+06
1.170448e+06
1.209383e+06
1.248957e+06
1.289166e+06
1.330007e+06
1.371478e+06
1.413574e+06
1.456294e+06
1.499633e+06
1.543588e+06
1.588156e+06
1.633333e+06
1.679116e+06
1.725502e+06
1.772487e+06
1.820068e+06
1.868240e+06
1.917001e+06
1.966347e+06
2.016273e+06
2.066776e+06
2.117853e+06
2.169499e+06
2.221710e+06
2.274483e+06
2.327814e+06
2.381698e+06
2.436131e+06
2.491110e+06
2.546630e+06
2.602687e+06
2.659277e+06
2.716395e+06
2.774037e+06
2.832199e+06
2.890876e+06
2.950065e+06
3.009759e+06
3.069955e+06
3.130648e+06
3.191834e+06
3.253507e+06
3.315664e+06
3.378299e+06
3.441407e+06
3.504984e+06
3.569024e+06
3.633524e+06
3.698477e+06
3.763879e+06
3.829725e+06
3.896009e+06
3.962727e+06
4.029873e+06
4.097442e+06
4.165428e+06
4.233827e+06
4.302633e+06
4.371841e+06
4.441444e+06
4.511439e+06
4.581818e+06
4.652577e+06
4.723711e+06
4.795212e+06
4.867076e+06
4.939297e+06
5.011869e+06
5.084787e+06
5.158044e+06
5.231635e+06
5.305553e+06
5.379794e+06
5.454350e+06
5.529216e+06
5.604385e+06
5.679853e+06
