5.630917e+05
5.886688e+05
6.148787e+05
6.417192e+05
6.691879e+05
6.972826e+05
7.260009e+05
7.553405e+05
7.852989e+05
8.158736e+05
8.470623e+05
8.788623e+05
9.112711e+05
9.442861e+05
9.779047e+05
1.012124e+06
1.046942e+06
1.082354e+06
1.118360e+06
1.154955e+06
1.192137e+06
1.229903e+06
1.268250e+06
1.307176e+06
1.346676e+06
1.386748e+06
1.427388e+06
1.468595e+06
1.510364e+06
1.552692e+06
1.595576e+06
1.639012e+06
1.682998e+06
1.727530e+06
1.772604e+06
1.818218e+06
1.864366e+06
1.911047e+06
1.958256e+06
2.005990e+06
2.054244e+06
2.103016e+06
2.152301e+06
2.202096e+06
2.252397e+06
2.303200e+06
2.354501e+06
2.406295e+06
2.458580e+06
2.511351e+06
2.564604e+06
2.618335e+06
2.672539e+06
2.727212e+06
2.782351e+06
2.837950e+06
2.894006e+06
2.950514e+06
3.007470e+06
3.064869e+06
3.122706e+06
3.180978e+06
3.239680e+06
3.298806e+06
3.358352e+06
3.418314e+06
3.478687e+06
3.539466e+06
3.600646e+06
3.662223e+06
3.724191e+06
3.786545e+06
3.849281e+06
3.912394e+06
3.975878e+06
4.039728e+06
4.103939e+06
4.168507e+06
4.233425e+06
4.298689e+06
4.364293e+06
4.430232e+06
4.496501e+06
4.563094e+06
4.630006e+06
4.697231e+06
4.764764e+06
4.832599e+06
4.900730e+06
4.969153e+06
5.037862e+06
5.106850e+06
5.176112e+06
5.245642e+06
5.315435e+06
5.385485e+06
5.455786e+06
5.526332e+06
5.597116e+06
5.668135e+06
5.739380e+06
