1.75646512
1.75647212
1.75647812
1.75648512
1.75649212
1.75649912
1.75650612
1.75651412
1.75652112
1.75652912
1.75653612
1.75654412
1.75655212
1.75656112
1.75656912
1.75657712
1.75658612
1.75659512
1.75660412
1.75661312
1.75662312
1.75663312
1.75664212
1.75665212
1.75666312
1.75667312
1.75668412
1.75669512
1.75670612
1.75671812
1.75673012
1.75674212
1.75675412
1.75676712
1.75678012
1.75679312
1.75680712
1.75682012
1.75683512
1.75684912
1.75686412
1.75688012
1.75689612
1.75691212
1.75692912
1.75694612
1.75696312
1.75698112
1.75700012
1.75701912
1.75703912
1.75705912
1.75708012
1.75710112
1.75712312
1.75714612
1.75716912
1.75719312
1.75721812
1.75724312
1.75726912
1.75729612
1.75732412
1.75735312
1.75738312
1.75741312
1.75744412
1.75747712
1.75751012
1.75754412
1.75757912
1.75761512
1.75765212
1.75769012
1.75772812
1.75776812
1.75780812
1.75784912
1.75789012
1.75793212
1.75797312
1.75801512
1.75805512
1.75809512
1.75813312
1.75816812
1.75820012
1.75822812
1.75825112
1.75826612
1.75827312
1.75826912
1.75825112
1.75821912
1.75816812
1.75809512
1.75799812
1.75787412
1.75772012
1.75753512
1.75731812
