1.75651312
1.75652012
1.75652712
1.75653412
1.75654112
1.75654812
1.75655612
1.75656312
1.75657112
1.75657912
1.75658712
1.75659512
1.75660312
1.75661112
1.75662012
1.75662912
1.75663812
1.75664712
1.75665612
1.75666612
1.75667512
1.75668512
1.75669512
1.75670612
1.75671612
1.75672712
1.75673812
1.75674912
1.75676112
1.75677212
1.75678412
1.75679712
1.75680912
1.75682212
1.75683512
1.75684912
1.75686312
1.75687712
1.75689112
1.75690612
1.75692112
1.75693712
1.75695312
1.75697012
1.75698612
1.75700412
1.75702212
1.75704012
1.75705912
1.75707812
1.75709812
1.75711812
1.75713912
1.75716112
1.75718312
1.75720612
1.75722912
1.75725312
1.75727812
1.75730412
1.75733012
1.75735812
1.75738612
1.75741512
1.75744412
1.75747512
1.75750712
1.75753912
1.75757312
1.75760712
1.75764212
1.75767912
1.75771612
1.75775512
1.75779412
1.75783512
1.75787612
1.75791812
1.75796112
1.75800412
1.75804812
1.75809212
1.75813712
1.75818012
1.75822412
1.75826512
1.75830512
1.75834312
1.75837612
1.75840512
1.75842812
1.75844312
1.75844912
1.75844312
1.75842212
1.75838512
1.75832712
1.75824712
1.75814012
1.75800312
1.75783512
