6.325005e+07
6.324923e+07
6.324905e+07
6.324895e+07
6.324888e+07
6.324882e+07
6.324878e+07
6.324874e+07
6.324871e+07
6.324868e+07
6.324866e+07
6.324864e+07
6.324861e+07
6.324859e+07
6.324858e+07
6.324856e+07
6.324854e+07
6.324853e+07
6.324851e+07
6.324850e+07
6.324849e+07
6.324847e+07
6.324846e+07
6.324845e+07
6.324844e+07
6.324843e+07
6.324842e+07
6.324841e+07
6.324839e+07
6.324838e+07
6.324837e+07
6.324836e+07
6.324836e+07
6.324835e+07
6.324834e+07
6.324833e+07
6.324832e+07
6.324831e+07
6.324830e+07
6.324829e+07
6.324828e+07
6.324827e+07
6.324827e+07
6.324826e+07
6.324825e+07
6.324824e+07
6.324823e+07
6.324822e+07
6.324822e+07
6.324821e+07
6.324820e+07
6.324819e+07
6.324818e+07
6.324817e+07
6.324817e+07
6.324816e+07
6.324815e+07
6.324814e+07
6.324813e+07
6.324813e+07
6.324812e+07
6.324811e+07
6.324810e+07
6.324809e+07
6.324808e+07
6.324808e+07
6.324807e+07
6.324806e+07
6.324805e+07
6.324804e+07
6.324803e+07
6.324803e+07
6.324802e+07
6.324801e+07
6.324800e+07
6.324799e+07
6.324798e+07
6.324798e+07
6.324797e+07
6.324796e+07
6.324795e+07
6.324794e+07
6.324793e+07
6.324792e+07
6.324791e+07
6.324790e+07
6.324790e+07
6.324789e+07
6.324788e+07
6.324787e+07
6.324786e+07
6.324785e+07
6.324784e+07
6.324783e+07
6.324782e+07
6.324781e+07
6.324780e+07
6.324779e+07
6.324778e+07
6.324777e+07
6.324776e+07
6.324775e+07
6.324774e+07
6.324773e+07
6.324772e+07
6.324771e+07
6.324770e+07
6.324769e+07
6.324768e+07
6.324767e+07
6.324766e+07
6.324765e+07
6.324764e+07
6.324763e+07
6.324762e+07
6.324761e+07
6.324760e+07
6.324759e+07
6.324758e+07
6.324757e+07
6.324756e+07
6.324754e+07
6.324753e+07
6.324752e+07
6.324751e+07
6.324750e+07
6.324749e+07
6.324748e+07
6.324746e+07
6.324745e+07
6.324744e+07
6.324743e+07
6.324742e+07
6.324741e+07
6.324739e+07
6.324738e+07
6.324737e+07
6.324736e+07
6.324734e+07
6.324733e+07
6.324732e+07
6.324731e+07
6.324729e+07
6.324728e+07
6.324727e+07
6.324725e+07
6.324724e+07
6.324723e+07
6.324721e+07
6.324720e+07
6.324719e+07
6.324717e+07
6.324716e+07
6.324715e+07
6.324713e+07
6.324712e+07
6.324711e+07
6.324709e+07
6.324708e+07
6.324706e+07
6.324705e+07
6.324703e+07
6.324702e+07
6.324701e+07
6.324699e+07
6.324698e+07
6.324696e+07
6.324695e+07
6.324693e+07
6.324692e+07
6.324690e+07
6.324688e+07
6.324687e+07
6.324685e+07
6.324684e+07
6.324682e+07
6.324681e+07
6.324679e+07
6.324677e+07
6.324676e+07
6.324674e+07
6.324673e+07
6.324671e+07
6.324669e+07
6.324668e+07
6.324666e+07
6.324664e+07
6.324662e+07
6.324661e+07
6.324659e+07
6.324657e+07
6.324656e+07
6.324654e+07
6.324652e+07
6.324650e+07
6.324648e+07
6.324647e+07
6.324645e+07
6.324643e+07
6.324641e+07
6.324639e+07
6.324637e+07
6.324635e+07
6.324634e+07
6.324632e+07
6.324630e+07
6.324628e+07
6.324626e+07
6.324624e+07
6.324622e+07
6.324620e+07
6.324618e+07
6.324616e+07
6.324614e+07
6.324612e+07
6.324610e+07
6.324608e+07
6.324606e+07
6.324604e+07
6.324602e+07
6.324599e+07
6.324597e+07
6.324595e+07
6.324593e+07
6.324591e+07
6.324589e+07
6.324586e+07
6.324584e+07
6.324582e+07
6.324580e+07
6.324577e+07
6.324575e+07
6.324573e+07
6.324571e+07
6.324568e+07
6.324566e+07
6.324563e+07
6.324561e+07
6.324559e+07
6.324556e+07
6.324554e+07
6.324551e+07
6.324549e+07
6.324546e+07
6.324544e+07
6.324541e+07
6.324539e+07
6.324536e+07
6.324534e+07
6.324531e+07
6.324529e+07
6.324526e+07
6.324523e+07
6.324521e+07
6.324518e+07
6.324515e+07
6.324512e+07
6.324510e+07
6.324507e+07
6.324504e+07
6.324501e+07
6.324498e+07
6.324496e+07
6.324493e+07
6.324490e+07
6.324487e+07
6.324484e+07
6.324481e+07
6.324478e+07
6.324475e+07
6.324472e+07
6.324469e+07
6.324466e+07
6.324462e+07
6.324459e+07
6.324456e+07
6.324453e+07
6.324450e+07
6.324446e+07
6.324443e+07
6.324440e+07
6.324436e+07
6.324433e+07
6.324429e+07
6.324426e+07
6.324422e+07
6.324419e+07
6.324415e+07
6.324412e+07
6.324408e+07
6.324404e+07
6.324401e+07
6.324397e+07
6.324393e+07
6.324389e+07
6.324385e+07
6.324382e+07
6.324378e+07
6.324374e+07
6.324370e+07
6.324365e+07
6.324361e+07
6.324357e+07
6.324353e+07
6.324349e+07
6.324344e+07
6.324340e+07
6.324335e+07
6.324331e+07
6.324326e+07
6.324322e+07
6.324317e+07
6.324312e+07
6.324308e+07
6.324303e+07
6.324298e+07
6.324293e+07
6.324288e+07
6.324283e+07
6.324278e+07
6.324272e+07
6.324267e+07
6.324262e+07
6.324256e+07
6.324251e+07
6.324245e+07
6.324239e+07
6.324233e+07
6.324228e+07
6.324222e+07
6.324216e+07
6.324209e+07
6.324203e+07
6.324197e+07
6.324190e+07
6.324184e+07
6.324177e+07
6.324170e+07
6.324163e+07
6.324156e+07
6.324149e+07
6.324142e+07
6.324135e+07
6.324127e+07
6.324119e+07
6.324112e+07
6.324104e+07
6.324096e+07
6.324087e+07
6.324079e+07
6.324071e+07
6.324062e+07
6.324053e+07
6.324044e+07
6.324035e+07
6.324026e+07
6.324016e+07
6.324006e+07
6.323996e+07
6.323986e+07
6.323976e+07
6.323965e+07
6.323955e+07
6.323944e+07
6.323932e+07
6.323921e+07
6.323909e+07
6.323897e+07
6.323885e+07
6.323873e+07
6.323860e+07
6.323847e+07
6.323833e+07
6.323820e+07
6.323806e+07
6.323792e+07
6.323777e+07
6.323762e+07
6.323747e+07
6.323731e+07
6.323715e+07
6.323699e+07
6.323682e+07
6.323665e+07
6.323648e+07
6.323630e+07
6.323611e+07
6.323593e+07
6.323573e+07
6.323553e+07
6.323533e+07
6.323512e+07
6.323491e+07
6.323469e+07
6.323447e+07
6.323424e+07
6.323400e+07
6.323376e+07
6.323352e+07
6.323326e+07
6.323300e+07
6.323273e+07
6.323246e+07
6.323218e+07
6.323189e+07
6.323159e+07
6.323129e+07
6.323098e+07
6.323066e+07
6.323033e+07
6.322999e+07
6.322964e+07
6.322929e+07
6.322892e+07
6.322854e+07
6.322816e+07
6.322776e+07
6.322735e+07
6.322693e+07
6.322650e+07
6.322606e+07
6.322561e+07
6.322514e+07
6.322466e+07
6.322416e+07
6.322366e+07
6.322313e+07
6.322260e+07
6.322204e+07
6.322148e+07
6.322089e+07
6.322029e+07
6.321967e+07
6.321904e+07
6.321838e+07
6.321771e+07
6.321702e+07
6.321631e+07
6.321558e+07
6.321482e+07
6.321405e+07
6.321325e+07
6.321243e+07
6.321159e+07
6.321072e+07
6.320982e+07
6.320890e+07
6.320796e+07
6.320698e+07
6.320598e+07
6.320494e+07
6.320388e+07
6.320278e+07
6.320166e+07
6.320050e+07
6.319930e+07
6.319807e+07
6.319680e+07
6.319550e+07
6.319415e+07
6.319277e+07
6.319135e+07
6.318988e+07
6.318837e+07
6.318681e+07
6.318521e+07
6.318356e+07
6.318186e+07
6.318011e+07
6.317830e+07
6.317645e+07
6.317453e+07
6.317256e+07
6.317053e+07
6.316844e+07
6.316628e+07
6.316407e+07
6.316178e+07
6.315942e+07
6.315699e+07
6.315449e+07
6.315192e+07
6.314926e+07
6.314653e+07
6.314371e+07
6.314081e+07
6.313781e+07
6.313473e+07
6.313155e+07
6.312828e+07
6.312491e+07
6.312143e+07
6.311785e+07
6.311416e+07
6.311035e+07
6.310643e+07
6.310239e+07
6.309823e+07
6.309394e+07
6.308952e+07
6.308496e+07
6.308026e+07
6.307542e+07
6.307043e+07
6.306529e+07
6.305999e+07
6.305453e+07
6.304889e+07
6.304309e+07
6.303711e+07
6.303094e+07
6.302459e+07
6.301803e+07
6.301128e+07
6.300432e+07
6.299714e+07
6.298975e+07
6.298212e+07
6.297426e+07
6.296616e+07
6.295781e+07
6.294920e+07
6.294032e+07
6.293117e+07
6.292174e+07
6.291201e+07
6.290199e+07
6.289165e+07
6.288099e+07
6.287001e+07
6.285868e+07
6.284700e+07
6.283496e+07
6.282255e+07
6.280975e+07
6.279656e+07
6.278295e+07
6.276892e+07
6.275446e+07
6.273955e+07
6.272417e+07
6.270831e+07
6.269196e+07
6.267511e+07
6.265772e+07
6.263980e+07
6.262132e+07
6.260226e+07
6.258261e+07
6.256234e+07
6.254144e+07
6.251989e+07
6.249766e+07
6.247474e+07
6.245110e+07
6.242672e+07
6.240158e+07
6.237565e+07
6.234891e+07
6.232133e+07
6.229289e+07
6.226355e+07
6.223329e+07
6.220208e+07
6.216989e+07
6.213669e+07
6.210244e+07
6.206711e+07
6.203067e+07
6.199308e+07
6.195430e+07
6.191430e+07
6.187303e+07
6.183046e+07
6.178654e+07
6.174123e+07
6.169449e+07
6.164626e+07
6.159650e+07
6.154516e+07
6.149218e+07
6.143752e+07
6.138112e+07
6.132291e+07
6.126285e+07
6.120087e+07
6.113691e+07
6.107090e+07
6.100277e+07
6.093245e+07
6.085988e+07
6.078497e+07
6.070764e+07
6.062782e+07
6.054542e+07
6.046036e+07
6.037253e+07
6.028186e+07
6.018824e+07
6.009158e+07
5.999176e+07
5.988868e+07
5.978223e+07
5.967229e+07
5.955874e+07
5.944145e+07
5.932029e+07
5.919513e+07
5.906583e+07
5.893223e+07
5.879418e+07
5.865153e+07
5.850411e+07
5.835175e+07
5.819426e+07
5.803146e+07
5.786315e+07
5.768914e+07
5.750920e+07
5.732311e+07
5.713065e+07
5.693157e+07
5.672562e+07
5.651252e+07
5.629201e+07
5.606379e+07
5.582756e+07
5.558299e+07
5.532976e+07
5.506750e+07
5.479585e+07
5.451442e+07
5.422279e+07
5.392052e+07
5.360717e+07
5.328225e+07
5.294525e+07
5.259562e+07
5.223279e+07
5.185614e+07
5.146504e+07
5.105878e+07
5.063664e+07
5.019782e+07
4.974147e+07
4.926670e+07
4.877253e+07
4.825791e+07
4.772171e+07
4.716270e+07
4.657955e+07
4.597081e+07
4.533489e+07
4.467004e+07
4.397435e+07
4.324570e+07
4.248171e+07
4.167976e+07
4.083686e+07
3.994967e+07
3.901435e+07
3.802650e+07
3.698101e+07
3.587188e+07
3.469202e+07
3.343286e+07
3.208396e+07
3.063226e+07
2.906111e+07
2.734865e+07
2.546513e+07
2.336821e+07
2.099397e+07
1.823814e+07
1.491222e+07
1.062797e+07
0.000000e+00
0.000000e+00
0.000000e+00
0.000000e+00
0.000000e+00
0.000000e+00
0.000000e+00
0.000000e+00
0.000000e+00
0.000000e+00
0.000000e+00
0.000000e+00
0.000000e+00
0.000000e+00
0.000000e+00
0.000000e+00
0.000000e+00
0.000000e+00
0.000000e+00
0.000000e+00
0.000000e+00
0.000000e+00
0.000000e+00
0.000000e+00
0.000000e+00
0.000000e+00
0.000000e+00
0.000000e+00
0.000000e+00
0.000000e+00
0.000000e+00
0.000000e+00
0.000000e+00
0.000000e+00
0.000000e+00
0.000000e+00
0.000000e+00
0.000000e+00
0.000000e+00
0.000000e+00
0.000000e+00
0.000000e+00
0.000000e+00
0.000000e+00
0.000000e+00
0.000000e+00
0.000000e+00
0.000000e+00
0.000000e+00
0.000000e+00
0.000000e+00
0.000000e+00
0.000000e+00
0.000000e+00
0.000000e+00
0.000000e+00
0.000000e+00
0.000000e+00
0.000000e+00
0.000000e+00
0.000000e+00
0.000000e+00
0.000000e+00
0.000000e+00
0.000000e+00
0.000000e+00
0.000000e+00
0.000000e+00
0.000000e+00
0.000000e+00
0.000000e+00
0.000000e+00
0.000000e+00
0.000000e+00
0.000000e+00
0.000000e+00
0.000000e+00
0.000000e+00
0.000000e+00
0.000000e+00
0.000000e+00
0.000000e+00
0.000000e+00
0.000000e+00
0.000000e+00
0.000000e+00
0.000000e+00
0.000000e+00
0.000000e+00
0.000000e+00
0.000000e+00
0.000000e+00
0.000000e+00
0.000000e+00
0.000000e+00
0.000000e+00
0.000000e+00
0.000000e+00
0.000000e+00
0.000000e+00
0.000000e+00
0.000000e+00
0.000000e+00
0.000000e+00
0.000000e+00
0.000000e+00
0.000000e+00
0.000000e+00
0.000000e+00
0.000000e+00
0.000000e+00
0.000000e+00
0.000000e+00
0.000000e+00
0.000000e+00
0.000000e+00
0.000000e+00
0.000000e+00
0.000000e+00
0.000000e+00
0.000000e+00
0.000000e+00
0.000000e+00
0.000000e+00
0.000000e+00
0.000000e+00
0.000000e+00
0.000000e+00
0.000000e+00
0.000000e+00
0.000000e+00
0.000000e+00
0.000000e+00
0.000000e+00
0.000000e+00
0.000000e+00
0.000000e+00
0.000000e+00
0.000000e+00
0.000000e+00
0.000000e+00
0.000000e+00
0.000000e+00
0.000000e+00
0.000000e+00
0.000000e+00
0.000000e+00
0.000000e+00
0.000000e+00
0.000000e+00
0.000000e+00
0.000000e+00
0.000000e+00
0.000000e+00
0.000000e+00
0.000000e+00
0.000000e+00
0.000000e+00
0.000000e+00
0.000000e+00
0.000000e+00
0.000000e+00
0.000000e+00
0.000000e+00
0.000000e+00
0.000000e+00
0.000000e+00
0.000000e+00
0.000000e+00
0.000000e+00
0.000000e+00
0.000000e+00
0.000000e+00
0.000000e+00
0.000000e+00
0.000000e+00
0.000000e+00
0.000000e+00
0.000000e+00
0.000000e+00
0.000000e+00
0.000000e+00
0.000000e+00
0.000000e+00
0.000000e+00
0.000000e+00
0.000000e+00
0.000000e+00
0.000000e+00
0.000000e+00
0.000000e+00
0.000000e+00
0.000000e+00
0.000000e+00
0.000000e+00
0.000000e+00
0.000000e+00
0.000000e+00
0.000000e+00
0.000000e+00
0.000000e+00
0.000000e+00
0.000000e+00
0.000000e+00
0.000000e+00
0.000000e+00
0.000000e+00
0.000000e+00
0.000000e+00
0.000000e+00
0.000000e+00
0.000000e+00
0.000000e+00
0.000000e+00
0.000000e+00
0.000000e+00
0.000000e+00
0.000000e+00
0.000000e+00
0.000000e+00
0.000000e+00
0.000000e+00
0.000000e+00
0.000000e+00
0.000000e+00
0.000000e+00
0.000000e+00
0.000000e+00
0.000000e+00
0.000000e+00
0.000000e+00
0.000000e+00
0.000000e+00
0.000000e+00
0.000000e+00
0.000000e+00
0.000000e+00
0.000000e+00
0.000000e+00
0.000000e+00
0.000000e+00
0.000000e+00
0.000000e+00
0.000000e+00
0.000000e+00
0.000000e+00
0.000000e+00
0.000000e+00
0.000000e+00
0.000000e+00
0.000000e+00
0.000000e+00
0.000000e+00
0.000000e+00
0.000000e+00
0.000000e+00
0.000000e+00
0.000000e+00
0.000000e+00
0.000000e+00
0.000000e+00
0.000000e+00
0.000000e+00
0.000000e+00
0.000000e+00
0.000000e+00
0.000000e+00
0.000000e+00
0.000000e+00
0.000000e+00
0.000000e+00
0.000000e+00
0.000000e+00
0.000000e+00
0.000000e+00
0.000000e+00
0.000000e+00
0.000000e+00
0.000000e+00
0.000000e+00
0.000000e+00
0.000000e+00
0.000000e+00
0.000000e+00
0.000000e+00
0.000000e+00
0.000000e+00
0.000000e+00
0.000000e+00
0.000000e+00
0.000000e+00
0.000000e+00
0.000000e+00
0.000000e+00
0.000000e+00
0.000000e+00
0.000000e+00
0.000000e+00
0.000000e+00
0.000000e+00
0.000000e+00
0.000000e+00
0.000000e+00
0.000000e+00
0.000000e+00
0.000000e+00
0.000000e+00
0.000000e+00
0.000000e+00
0.000000e+00
0.000000e+00
0.000000e+00
0.000000e+00
0.000000e+00
0.000000e+00
0.000000e+00
0.000000e+00
0.000000e+00
0.000000e+00
0.000000e+00
0.000000e+00
0.000000e+00
0.000000e+00
0.000000e+00
0.000000e+00
0.000000e+00
0.000000e+00
0.000000e+00
0.000000e+00
0.000000e+00
0.000000e+00
0.000000e+00
0.000000e+00
0.000000e+00
0.000000e+00
0.000000e+00
0.000000e+00
0.000000e+00
0.000000e+00
0.000000e+00
0.000000e+00
0.000000e+00
0.000000e+00
0.000000e+00
0.000000e+00
0.000000e+00
0.000000e+00
0.000000e+00
0.000000e+00
0.000000e+00
0.000000e+00
0.000000e+00
0.000000e+00
0.000000e+00
0.000000e+00
0.000000e+00
0.000000e+00
0.000000e+00
0.000000e+00
0.000000e+00
0.000000e+00
0.000000e+00
0.000000e+00
0.000000e+00
0.000000e+00
0.000000e+00
0.000000e+00
0.000000e+00
0.000000e+00
0.000000e+00
0.000000e+00
0.000000e+00
0.000000e+00
0.000000e+00
0.000000e+00
0.000000e+00
0.000000e+00
0.000000e+00
0.000000e+00
0.000000e+00
0.000000e+00
0.000000e+00
0.000000e+00
0.000000e+00
0.000000e+00
0.000000e+00
0.000000e+00
0.000000e+00
0.000000e+00
0.000000e+00
0.000000e+00
0.000000e+00
0.000000e+00
0.000000e+00
0.000000e+00
0.000000e+00
0.000000e+00
0.000000e+00
0.000000e+00
0.000000e+00
0.000000e+00
0.000000e+00
0.000000e+00
0.000000e+00
0.000000e+00
0.000000e+00
0.000000e+00
0.000000e+00
0.000000e+00
0.000000e+00
0.000000e+00
0.000000e+00
0.000000e+00
0.000000e+00
0.000000e+00
0.000000e+00
0.000000e+00
0.000000e+00
0.000000e+00
0.000000e+00
0.000000e+00
0.000000e+00
0.000000e+00
0.000000e+00
0.000000e+00
0.000000e+00
0.000000e+00
0.000000e+00
0.000000e+00
0.000000e+00
0.000000e+00
0.000000e+00
0.000000e+00
0.000000e+00
0.000000e+00
0.000000e+00
0.000000e+00
0.000000e+00
0.000000e+00
0.000000e+00
0.000000e+00
0.000000e+00
0.000000e+00
0.000000e+00
0.000000e+00
0.000000e+00
0.000000e+00
0.000000e+00
0.000000e+00
0.000000e+00
0.000000e+00
0.000000e+00
0.000000e+00
0.000000e+00
0.000000e+00
0.000000e+00
0.000000e+00
0.000000e+00
0.000000e+00
0.000000e+00
0.000000e+00
0.000000e+00
0.000000e+00
0.000000e+00
0.000000e+00
0.000000e+00
0.000000e+00
0.000000e+00
0.000000e+00
0.000000e+00
0.000000e+00
0.000000e+00
0.000000e+00
0.000000e+00
0.000000e+00
0.000000e+00
0.000000e+00
0.000000e+00
0.000000e+00
0.000000e+00
0.000000e+00
0.000000e+00
0.000000e+00
0.000000e+00
0.000000e+00
0.000000e+00
0.000000e+00
0.000000e+00
0.000000e+00
0.000000e+00
0.000000e+00
0.000000e+00
0.000000e+00
0.000000e+00
0.000000e+00
0.000000e+00
0.000000e+00
0.000000e+00
0.000000e+00
0.000000e+00
0.000000e+00
0.000000e+00
0.000000e+00
0.000000e+00
0.000000e+00
0.000000e+00
0.000000e+00
0.000000e+00
0.000000e+00
0.000000e+00
0.000000e+00
0.000000e+00
0.000000e+00
0.000000e+00
0.000000e+00
0.000000e+00
0.000000e+00
0.000000e+00
0.000000e+00
0.000000e+00
0.000000e+00
0.000000e+00
0.000000e+00
0.000000e+00
0.000000e+00
0.000000e+00
0.000000e+00
0.000000e+00
0.000000e+00
0.000000e+00
0.000000e+00
0.000000e+00
0.000000e+00
0.000000e+00
0.000000e+00
0.000000e+00
0.000000e+00
0.000000e+00
0.000000e+00
0.000000e+00
0.000000e+00
0.000000e+00
0.000000e+00
0.000000e+00
0.000000e+00
0.000000e+00
0.000000e+00
0.000000e+00
0.000000e+00
0.000000e+00
0.000000e+00
0.000000e+00
0.000000e+00
0.000000e+00
0.000000e+00
0.000000e+00
0.000000e+00
0.000000e+00
0.000000e+00
0.000000e+00
0.000000e+00
0.000000e+00
0.000000e+00
0.000000e+00
0.000000e+00
0.000000e+00
0.000000e+00
0.000000e+00
0.000000e+00
0.000000e+00
0.000000e+00
0.000000e+00
0.000000e+00
0.000000e+00
0.000000e+00
0.000000e+00
0.000000e+00
0.000000e+00
0.000000e+00
0.000000e+00
0.000000e+00
0.000000e+00
0.000000e+00
0.000000e+00
0.000000e+00
0.000000e+00
0.000000e+00
0.000000e+00
0.000000e+00
0.000000e+00
0.000000e+00
0.000000e+00
0.000000e+00
0.000000e+00
0.000000e+00
0.000000e+00
0.000000e+00
0.000000e+00
0.000000e+00
0.000000e+00
0.000000e+00
0.000000e+00
0.000000e+00
0.000000e+00
0.000000e+00
0.000000e+00
0.000000e+00
0.000000e+00
0.000000e+00
0.000000e+00
0.000000e+00
0.000000e+00
0.000000e+00
0.000000e+00
0.000000e+00
0.000000e+00
0.000000e+00
0.000000e+00
0.000000e+00
0.000000e+00
0.000000e+00
0.000000e+00
0.000000e+00
0.000000e+00
0.000000e+00
0.000000e+00
0.000000e+00
0.000000e+00
0.000000e+00
0.000000e+00
0.000000e+00
0.000000e+00
0.000000e+00
0.000000e+00
0.000000e+00
0.000000e+00
0.000000e+00
0.000000e+00
0.000000e+00
0.000000e+00
0.000000e+00
0.000000e+00
0.000000e+00
0.000000e+00
0.000000e+00
0.000000e+00
0.000000e+00
0.000000e+00
0.000000e+00
0.000000e+00
0.000000e+00
0.000000e+00
0.000000e+00
0.000000e+00
0.000000e+00
0.000000e+00
0.000000e+00
0.000000e+00
0.000000e+00
0.000000e+00
0.000000e+00
0.000000e+00
0.000000e+00
0.000000e+00
0.000000e+00
0.000000e+00
0.000000e+00
0.000000e+00
0.000000e+00
0.000000e+00
0.000000e+00
0.000000e+00
0.000000e+00
0.000000e+00
0.000000e+00
0.000000e+00
0.000000e+00
0.000000e+00
0.000000e+00
0.000000e+00
0.000000e+00
0.000000e+00
0.000000e+00
0.000000e+00
0.000000e+00
0.000000e+00
0.000000e+00
0.000000e+00
0.000000e+00
0.000000e+00
0.000000e+00
0.000000e+00
0.000000e+00
0.000000e+00
0.000000e+00
0.000000e+00
0.000000e+00
0.000000e+00
0.000000e+00
0.000000e+00
0.000000e+00
0.000000e+00
0.000000e+00
0.000000e+00
0.000000e+00
0.000000e+00
0.000000e+00
0.000000e+00
0.000000e+00
0.000000e+00
0.000000e+00
0.000000e+00
0.000000e+00
0.000000e+00
0.000000e+00
0.000000e+00
0.000000e+00
0.000000e+00
0.000000e+00
0.000000e+00
0.000000e+00
0.000000e+00
0.000000e+00
0.000000e+00
0.000000e+00
0.000000e+00
0.000000e+00
0.000000e+00
0.000000e+00
0.000000e+00
0.000000e+00
0.000000e+00
0.000000e+00
0.000000e+00
0.000000e+00
0.000000e+00
0.000000e+00
0.000000e+00
0.000000e+00
0.000000e+00
0.000000e+00
0.000000e+00
0.000000e+00
0.000000e+00
0.000000e+00
0.000000e+00
0.000000e+00
0.000000e+00
0.000000e+00
0.000000e+00
0.000000e+00
0.000000e+00
0.000000e+00
0.000000e+00
0.000000e+00
0.000000e+00
0.000000e+00
0.000000e+00
0.000000e+00
0.000000e+00
0.000000e+00
0.000000e+00
0.000000e+00
0.000000e+00
0.000000e+00
0.000000e+00
0.000000e+00
0.000000e+00
0.000000e+00
0.000000e+00
0.000000e+00
0.000000e+00
0.000000e+00
0.000000e+00
0.000000e+00
0.000000e+00
0.000000e+00
0.000000e+00
0.000000e+00
0.000000e+00
0.000000e+00
0.000000e+00
0.000000e+00
0.000000e+00
0.000000e+00
0.000000e+00
0.000000e+00
0.000000e+00
0.000000e+00
0.000000e+00
0.000000e+00
0.000000e+00
0.000000e+00
0.000000e+00
0.000000e+00
0.000000e+00
0.000000e+00
0.000000e+00
0.000000e+00
0.000000e+00
0.000000e+00
0.000000e+00
0.000000e+00
0.000000e+00
0.000000e+00
0.000000e+00
0.000000e+00
0.000000e+00
0.000000e+00
0.000000e+00
0.000000e+00
0.000000e+00
0.000000e+00
0.000000e+00
0.000000e+00
0.000000e+00
0.000000e+00
0.000000e+00
0.000000e+00
0.000000e+00
0.000000e+00
0.000000e+00
0.000000e+00
0.000000e+00
0.000000e+00
0.000000e+00
0.000000e+00
0.000000e+00
0.000000e+00
0.000000e+00
0.000000e+00
0.000000e+00
0.000000e+00
0.000000e+00
0.000000e+00
0.000000e+00
0.000000e+00
0.000000e+00
0.000000e+00
0.000000e+00
0.000000e+00
0.000000e+00
0.000000e+00
0.000000e+00
0.000000e+00
0.000000e+00
0.000000e+00
0.000000e+00
0.000000e+00
0.000000e+00
0.000000e+00
0.000000e+00
0.000000e+00
0.000000e+00
0.000000e+00
0.000000e+00
0.000000e+00
0.000000e+00
0.000000e+00
0.000000e+00
0.000000e+00
0.000000e+00
0.000000e+00
0.000000e+00
0.000000e+00
0.000000e+00
0.000000e+00
0.000000e+00
0.000000e+00
0.000000e+00
0.000000e+00
0.000000e+00
0.000000e+00
0.000000e+00
0.000000e+00
0.000000e+00
0.000000e+00
0.000000e+00
0.000000e+00
0.000000e+00
0.000000e+00
0.000000e+00
0.000000e+00
0.000000e+00
0.000000e+00
0.000000e+00
0.000000e+00
0.000000e+00
0.000000e+00
0.000000e+00
0.000000e+00
0.000000e+00
0.000000e+00
0.000000e+00
0.000000e+00
0.000000e+00
0.000000e+00
0.000000e+00
0.000000e+00
0.000000e+00
0.000000e+00
0.000000e+00
0.000000e+00
0.000000e+00
0.000000e+00
0.000000e+00
0.000000e+00
0.000000e+00
0.000000e+00
0.000000e+00
0.000000e+00
0.000000e+00
0.000000e+00
0.000000e+00
0.000000e+00
0.000000e+00
0.000000e+00
0.000000e+00
0.000000e+00
0.000000e+00
0.000000e+00
0.000000e+00
0.000000e+00
0.000000e+00
0.000000e+00
0.000000e+00
0.000000e+00
0.000000e+00
0.000000e+00
0.000000e+00
0.000000e+00
0.000000e+00
0.000000e+00
0.000000e+00
0.000000e+00
0.000000e+00
0.000000e+00
0.000000e+00
0.000000e+00
0.000000e+00
0.000000e+00
0.000000e+00
0.000000e+00
0.000000e+00
0.000000e+00
0.000000e+00
0.000000e+00
0.000000e+00
0.000000e+00
0.000000e+00
0.000000e+00
0.000000e+00
0.000000e+00
0.000000e+00
0.000000e+00
0.000000e+00
0.000000e+00
0.000000e+00
0.000000e+00
0.000000e+00
0.000000e+00
0.000000e+00
0.000000e+00
0.000000e+00
0.000000e+00
0.000000e+00
0.000000e+00
0.000000e+00
0.000000e+00
0.000000e+00
0.000000e+00
0.000000e+00
0.000000e+00
0.000000e+00
0.000000e+00
0.000000e+00
0.000000e+00
0.000000e+00
0.000000e+00
0.000000e+00
0.000000e+00
0.000000e+00
0.000000e+00
0.000000e+00
0.000000e+00
0.000000e+00
0.000000e+00
0.000000e+00
0.000000e+00
0.000000e+00
0.000000e+00
0.000000e+00
0.000000e+00
0.000000e+00
0.000000e+00
0.000000e+00
0.000000e+00
0.000000e+00
0.000000e+00
0.000000e+00
0.000000e+00
0.000000e+00
0.000000e+00
0.000000e+00
0.000000e+00
0.000000e+00
0.000000e+00
0.000000e+00
0.000000e+00
0.000000e+00
0.000000e+00
0.000000e+00
0.000000e+00
0.000000e+00
0.000000e+00
0.000000e+00
0.000000e+00
0.000000e+00
0.000000e+00
0.000000e+00
0.000000e+00
0.000000e+00
0.000000e+00
0.000000e+00
0.000000e+00
0.000000e+00
0.000000e+00
0.000000e+00
0.000000e+00
0.000000e+00
0.000000e+00
0.000000e+00
0.000000e+00
0.000000e+00
0.000000e+00
0.000000e+00
0.000000e+00
0.000000e+00
0.000000e+00
0.000000e+00
0.000000e+00
0.000000e+00
0.000000e+00
0.000000e+00
0.000000e+00
0.000000e+00
0.000000e+00
0.000000e+00
0.000000e+00
0.000000e+00
0.000000e+00
0.000000e+00
0.000000e+00
0.000000e+00
0.000000e+00
0.000000e+00
0.000000e+00
0.000000e+00
0.000000e+00
0.000000e+00
0.000000e+00
0.000000e+00
0.000000e+00
0.000000e+00
0.000000e+00
0.000000e+00
0.000000e+00
0.000000e+00
0.000000e+00
0.000000e+00
0.000000e+00
0.000000e+00
0.000000e+00
0.000000e+00
0.000000e+00
0.000000e+00
0.000000e+00
0.000000e+00
0.000000e+00
0.000000e+00
0.000000e+00
0.000000e+00
0.000000e+00
0.000000e+00
0.000000e+00
0.000000e+00
0.000000e+00
0.000000e+00
0.000000e+00
0.000000e+00
0.000000e+00
0.000000e+00
0.000000e+00
0.000000e+00
0.000000e+00
0.000000e+00
0.000000e+00
0.000000e+00
0.000000e+00
0.000000e+00
0.000000e+00
0.000000e+00
0.000000e+00
0.000000e+00
0.000000e+00
0.000000e+00
0.000000e+00
0.000000e+00
0.000000e+00
0.000000e+00
0.000000e+00
0.000000e+00
0.000000e+00
0.000000e+00
0.000000e+00
0.000000e+00
0.000000e+00
0.000000e+00
0.000000e+00
0.000000e+00
0.000000e+00
0.000000e+00
0.000000e+00
0.000000e+00
0.000000e+00
