6.377143e+07
6.377060e+07
6.377042e+07
6.377032e+07
6.377024e+07
6.377019e+07
6.377015e+07
6.377011e+07
6.377008e+07
6.377005e+07
6.377002e+07
6.377000e+07
6.376998e+07
6.376996e+07
6.376994e+07
6.376992e+07
6.376991e+07
6.376989e+07
6.376988e+07
6.376986e+07
6.376985e+07
6.376984e+07
6.376982e+07
6.376981e+07
6.376980e+07
6.376979e+07
6.376978e+07
6.376977e+07
6.376976e+07
6.376975e+07
6.376974e+07
6.376973e+07
6.376972e+07
6.376971e+07
6.376970e+07
6.376969e+07
6.376968e+07
6.376967e+07
6.376966e+07
6.376965e+07
6.376964e+07
6.376964e+07
6.376963e+07
6.376962e+07
6.376961e+07
6.376960e+07
6.376959e+07
6.376959e+07
6.376958e+07
6.376957e+07
6.376956e+07
6.376955e+07
6.376954e+07
6.376954e+07
6.376953e+07
6.376952e+07
6.376951e+07
6.376950e+07
6.376949e+07
6.376949e+07
6.376948e+07
6.376947e+07
6.376946e+07
6.376945e+07
6.376945e+07
6.376944e+07
6.376943e+07
6.376942e+07
6.376941e+07
6.376940e+07
6.376940e+07
6.376939e+07
6.376938e+07
6.376937e+07
6.376936e+07
6.376935e+07
6.376934e+07
6.376934e+07
6.376933e+07
6.376932e+07
6.376931e+07
6.376930e+07
6.376929e+07
6.376928e+07
6.376927e+07
6.376927e+07
6.376926e+07
6.376925e+07
6.376924e+07
6.376923e+07
6.376922e+07
6.376921e+07
6.376920e+07
6.376919e+07
6.376918e+07
6.376917e+07
6.376916e+07
6.376915e+07
6.376914e+07
6.376914e+07
6.376913e+07
6.376912e+07
6.376911e+07
6.376910e+07
6.376909e+07
6.376908e+07
6.376907e+07
6.376906e+07
6.376905e+07
6.376904e+07
6.376902e+07
6.376901e+07
6.376900e+07
6.376899e+07
6.376898e+07
6.376897e+07
6.376896e+07
6.376895e+07
6.376894e+07
6.376893e+07
6.376892e+07
6.376891e+07
6.376890e+07
6.376888e+07
6.376887e+07
6.376886e+07
6.376885e+07
6.376884e+07
6.376883e+07
6.376882e+07
6.376880e+07
6.376879e+07
6.376878e+07
6.376877e+07
6.376876e+07
6.376874e+07
6.376873e+07
6.376872e+07
6.376871e+07
6.376869e+07
6.376868e+07
6.376867e+07
6.376866e+07
6.376864e+07
6.376863e+07
6.376862e+07
6.376860e+07
6.376859e+07
6.376858e+07
6.376856e+07
6.376855e+07
6.376854e+07
6.376852e+07
6.376851e+07
6.376850e+07
6.376848e+07
6.376847e+07
6.376846e+07
6.376844e+07
6.376843e+07
6.376841e+07
6.376840e+07
6.376838e+07
6.376837e+07
6.376835e+07
6.376834e+07
6.376833e+07
6.376831e+07
6.376830e+07
6.376828e+07
6.376826e+07
6.376825e+07
6.376823e+07
6.376822e+07
6.376820e+07
6.376819e+07
6.376817e+07
6.376816e+07
6.376814e+07
6.376812e+07
6.376811e+07
6.376809e+07
6.376807e+07
6.376806e+07
6.376804e+07
6.376802e+07
6.376801e+07
6.376799e+07
6.376797e+07
6.376796e+07
6.376794e+07
6.376792e+07
6.376790e+07
6.376789e+07
6.376787e+07
6.376785e+07
6.376783e+07
6.376781e+07
6.376780e+07
6.376778e+07
6.376776e+07
6.376774e+07
6.376772e+07
6.376770e+07
6.376768e+07
6.376766e+07
6.376765e+07
6.376763e+07
6.376761e+07
6.376759e+07
6.376757e+07
6.376755e+07
6.376753e+07
6.376751e+07
6.376749e+07
6.376747e+07
6.376745e+07
6.376743e+07
6.376740e+07
6.376738e+07
6.376736e+07
6.376734e+07
6.376732e+07
6.376730e+07
6.376728e+07
6.376726e+07
6.376723e+07
6.376721e+07
6.376719e+07
6.376717e+07
6.376714e+07
6.376712e+07
6.376710e+07
6.376708e+07
6.376705e+07
6.376703e+07
6.376701e+07
6.376698e+07
6.376696e+07
6.376693e+07
6.376691e+07
6.376689e+07
6.376686e+07
6.376684e+07
6.376681e+07
6.376679e+07
6.376676e+07
6.376674e+07
6.376671e+07
6.376668e+07
6.376666e+07
6.376663e+07
6.376661e+07
6.376658e+07
6.376655e+07
6.376653e+07
6.376650e+07
6.376647e+07
6.376644e+07
6.376642e+07
6.376639e+07
6.376636e+07
6.376633e+07
6.376630e+07
6.376627e+07
6.376624e+07
6.376622e+07
6.376619e+07
6.376616e+07
6.376613e+07
6.376610e+07
6.376606e+07
6.376603e+07
6.376600e+07
6.376597e+07
6.376594e+07
6.376591e+07
6.376588e+07
6.376584e+07
6.376581e+07
6.376578e+07
6.376574e+07
6.376571e+07
6.376568e+07
6.376564e+07
6.376561e+07
6.376557e+07
6.376554e+07
6.376550e+07
6.376547e+07
6.376543e+07
6.376539e+07
6.376536e+07
6.376532e+07
6.376528e+07
6.376524e+07
6.376520e+07
6.376516e+07
6.376512e+07
6.376508e+07
6.376504e+07
6.376500e+07
6.376496e+07
6.376492e+07
6.376488e+07
6.376484e+07
6.376479e+07
6.376475e+07
6.376470e+07
6.376466e+07
6.376461e+07
6.376457e+07
6.376452e+07
6.376447e+07
6.376443e+07
6.376438e+07
6.376433e+07
6.376428e+07
6.376423e+07
6.376418e+07
6.376413e+07
6.376408e+07
6.376402e+07
6.376397e+07
6.376392e+07
6.376386e+07
6.376380e+07
6.376375e+07
6.376369e+07
6.376363e+07
6.376357e+07
6.376351e+07
6.376345e+07
6.376339e+07
6.376333e+07
6.376326e+07
6.376320e+07
6.376313e+07
6.376306e+07
6.376299e+07
6.376293e+07
6.376285e+07
6.376278e+07
6.376271e+07
6.376264e+07
6.376256e+07
6.376248e+07
6.376240e+07
6.376232e+07
6.376224e+07
6.376216e+07
6.376208e+07
6.376199e+07
6.376190e+07
6.376181e+07
6.376172e+07
6.376163e+07
6.376154e+07
6.376144e+07
6.376134e+07
6.376124e+07
6.376114e+07
6.376104e+07
6.376093e+07
6.376082e+07
6.376071e+07
6.376060e+07
6.376048e+07
6.376036e+07
6.376024e+07
6.376012e+07
6.375999e+07
6.375987e+07
6.375973e+07
6.375960e+07
6.375946e+07
6.375932e+07
6.375918e+07
6.375903e+07
6.375888e+07
6.375873e+07
6.375857e+07
6.375841e+07
6.375825e+07
6.375808e+07
6.375790e+07
6.375773e+07
6.375755e+07
6.375736e+07
6.375717e+07
6.375698e+07
6.375678e+07
6.375657e+07
6.375636e+07
6.375615e+07
6.375593e+07
6.375570e+07
6.375547e+07
6.375523e+07
6.375499e+07
6.375474e+07
6.375449e+07
6.375422e+07
6.375395e+07
6.375368e+07
6.375339e+07
6.375310e+07
6.375280e+07
6.375250e+07
6.375218e+07
6.375186e+07
6.375153e+07
6.375119e+07
6.375084e+07
6.375048e+07
6.375011e+07
6.374973e+07
6.374934e+07
6.374894e+07
6.374853e+07
6.374811e+07
6.374767e+07
6.374723e+07
6.374677e+07
6.374630e+07
6.374581e+07
6.374531e+07
6.374480e+07
6.374427e+07
6.374373e+07
6.374318e+07
6.374260e+07
6.374201e+07
6.374141e+07
6.374079e+07
6.374015e+07
6.373949e+07
6.373881e+07
6.373811e+07
6.373739e+07
6.373666e+07
6.373590e+07
6.373511e+07
6.373431e+07
6.373348e+07
6.373263e+07
6.373176e+07
6.373085e+07
6.372992e+07
6.372897e+07
6.372799e+07
6.372697e+07
6.372593e+07
6.372486e+07
6.372375e+07
6.372262e+07
6.372145e+07
6.372024e+07
6.371900e+07
6.371772e+07
6.371641e+07
6.371505e+07
6.371366e+07
6.371222e+07
6.371074e+07
6.370922e+07
6.370765e+07
6.370603e+07
6.370437e+07
6.370265e+07
6.370089e+07
6.369907e+07
6.369720e+07
6.369527e+07
6.369328e+07
6.369123e+07
6.368912e+07
6.368695e+07
6.368471e+07
6.368240e+07
6.368003e+07
6.367758e+07
6.367506e+07
6.367246e+07
6.366978e+07
6.366702e+07
6.366418e+07
6.366125e+07
6.365823e+07
6.365512e+07
6.365192e+07
6.364862e+07
6.364522e+07
6.364171e+07
6.363810e+07
6.363438e+07
6.363054e+07
6.362659e+07
6.362251e+07
6.361831e+07
6.361398e+07
6.360952e+07
6.360493e+07
6.360019e+07
6.359531e+07
6.359027e+07
6.358509e+07
6.357974e+07
6.357423e+07
6.356855e+07
6.356270e+07
6.355666e+07
6.355045e+07
6.354403e+07
6.353743e+07
6.353062e+07
6.352359e+07
6.351636e+07
6.350890e+07
6.350121e+07
6.349328e+07
6.348511e+07
6.347668e+07
6.346800e+07
6.345904e+07
6.344981e+07
6.344030e+07
6.343049e+07
6.342038e+07
6.340995e+07
6.339920e+07
6.338812e+07
6.337669e+07
6.336491e+07
6.335277e+07
6.334025e+07
6.332734e+07
6.331403e+07
6.330031e+07
6.328616e+07
6.327157e+07
6.325652e+07
6.324101e+07
6.322502e+07
6.320853e+07
6.319152e+07
6.317399e+07
6.315591e+07
6.313727e+07
6.311804e+07
6.309822e+07
6.307777e+07
6.305669e+07
6.303495e+07
6.301253e+07
6.298941e+07
6.296556e+07
6.294097e+07
6.291561e+07
6.288946e+07
6.286248e+07
6.283466e+07
6.280597e+07
6.277637e+07
6.274585e+07
6.271437e+07
6.268189e+07
6.264840e+07
6.261385e+07
6.257821e+07
6.254145e+07
6.250353e+07
6.246442e+07
6.242406e+07
6.238244e+07
6.233949e+07
6.229519e+07
6.224948e+07
6.220232e+07
6.215367e+07
6.210347e+07
6.205168e+07
6.199824e+07
6.194310e+07
6.188620e+07
6.182749e+07
6.176690e+07
6.170438e+07
6.163985e+07
6.157326e+07
6.150453e+07
6.143360e+07
6.136038e+07
6.128482e+07
6.120681e+07
6.112629e+07
6.104317e+07
6.095735e+07
6.086876e+07
6.077729e+07
6.068285e+07
6.058534e+07
6.048464e+07
6.038066e+07
6.027328e+07
6.016237e+07
6.004782e+07
5.992950e+07
5.980728e+07
5.968102e+07
5.955058e+07
5.941581e+07
5.927656e+07
5.913266e+07
5.898394e+07
5.883025e+07
5.867138e+07
5.850715e+07
5.833738e+07
5.816184e+07
5.798033e+07
5.779262e+07
5.759847e+07
5.739765e+07
5.718990e+07
5.697495e+07
5.675251e+07
5.652230e+07
5.628401e+07
5.603732e+07
5.578188e+07
5.551735e+07
5.524334e+07
5.495946e+07
5.466530e+07
5.436042e+07
5.404435e+07
5.371662e+07
5.337670e+07
5.302405e+07
5.265809e+07
5.227820e+07
5.188373e+07
5.147398e+07
5.104821e+07
5.060562e+07
5.014537e+07
4.966654e+07
4.916815e+07
4.864914e+07
4.810837e+07
4.754460e+07
4.695650e+07
4.634260e+07
4.570129e+07
4.503083e+07
4.432927e+07
4.359448e+07
4.282408e+07
4.201541e+07
4.116546e+07
4.027087e+07
3.932776e+07
3.833171e+07
3.727755e+07
3.615926e+07
3.496967e+07
3.370017e+07
3.234022e+07
3.087666e+07
2.929271e+07
2.756636e+07
2.566760e+07
2.355378e+07
2.116048e+07
1.838260e+07
1.503017e+07
1.071191e+07
0.000000e+00
0.000000e+00
0.000000e+00
0.000000e+00
0.000000e+00
0.000000e+00
0.000000e+00
0.000000e+00
0.000000e+00
0.000000e+00
0.000000e+00
0.000000e+00
0.000000e+00
0.000000e+00
0.000000e+00
0.000000e+00
0.000000e+00
0.000000e+00
0.000000e+00
0.000000e+00
0.000000e+00
0.000000e+00
0.000000e+00
0.000000e+00
0.000000e+00
0.000000e+00
0.000000e+00
0.000000e+00
0.000000e+00
0.000000e+00
0.000000e+00
0.000000e+00
0.000000e+00
0.000000e+00
0.000000e+00
0.000000e+00
0.000000e+00
0.000000e+00
0.000000e+00
0.000000e+00
0.000000e+00
0.000000e+00
0.000000e+00
0.000000e+00
0.000000e+00
0.000000e+00
0.000000e+00
0.000000e+00
0.000000e+00
0.000000e+00
0.000000e+00
0.000000e+00
0.000000e+00
0.000000e+00
0.000000e+00
0.000000e+00
0.000000e+00
0.000000e+00
0.000000e+00
0.000000e+00
0.000000e+00
0.000000e+00
0.000000e+00
0.000000e+00
0.000000e+00
0.000000e+00
0.000000e+00
0.000000e+00
0.000000e+00
0.000000e+00
0.000000e+00
0.000000e+00
0.000000e+00
0.000000e+00
0.000000e+00
0.000000e+00
0.000000e+00
0.000000e+00
0.000000e+00
0.000000e+00
0.000000e+00
0.000000e+00
0.000000e+00
0.000000e+00
0.000000e+00
0.000000e+00
0.000000e+00
0.000000e+00
0.000000e+00
0.000000e+00
0.000000e+00
0.000000e+00
0.000000e+00
0.000000e+00
0.000000e+00
0.000000e+00
0.000000e+00
0.000000e+00
0.000000e+00
0.000000e+00
0.000000e+00
0.000000e+00
0.000000e+00
0.000000e+00
0.000000e+00
0.000000e+00
0.000000e+00
0.000000e+00
0.000000e+00
0.000000e+00
0.000000e+00
0.000000e+00
0.000000e+00
0.000000e+00
0.000000e+00
0.000000e+00
0.000000e+00
0.000000e+00
0.000000e+00
0.000000e+00
0.000000e+00
0.000000e+00
0.000000e+00
0.000000e+00
0.000000e+00
0.000000e+00
0.000000e+00
0.000000e+00
0.000000e+00
0.000000e+00
0.000000e+00
0.000000e+00
0.000000e+00
0.000000e+00
0.000000e+00
0.000000e+00
0.000000e+00
0.000000e+00
0.000000e+00
0.000000e+00
0.000000e+00
0.000000e+00
0.000000e+00
0.000000e+00
0.000000e+00
0.000000e+00
0.000000e+00
0.000000e+00
0.000000e+00
0.000000e+00
0.000000e+00
0.000000e+00
0.000000e+00
0.000000e+00
0.000000e+00
0.000000e+00
0.000000e+00
0.000000e+00
0.000000e+00
0.000000e+00
0.000000e+00
0.000000e+00
0.000000e+00
0.000000e+00
0.000000e+00
0.000000e+00
0.000000e+00
0.000000e+00
0.000000e+00
0.000000e+00
0.000000e+00
0.000000e+00
0.000000e+00
0.000000e+00
0.000000e+00
0.000000e+00
0.000000e+00
0.000000e+00
0.000000e+00
0.000000e+00
0.000000e+00
0.000000e+00
0.000000e+00
0.000000e+00
0.000000e+00
0.000000e+00
0.000000e+00
0.000000e+00
0.000000e+00
0.000000e+00
0.000000e+00
0.000000e+00
0.000000e+00
0.000000e+00
0.000000e+00
0.000000e+00
0.000000e+00
0.000000e+00
0.000000e+00
0.000000e+00
0.000000e+00
0.000000e+00
0.000000e+00
0.000000e+00
0.000000e+00
0.000000e+00
0.000000e+00
0.000000e+00
0.000000e+00
0.000000e+00
0.000000e+00
0.000000e+00
0.000000e+00
0.000000e+00
0.000000e+00
0.000000e+00
0.000000e+00
0.000000e+00
0.000000e+00
0.000000e+00
0.000000e+00
0.000000e+00
0.000000e+00
0.000000e+00
0.000000e+00
0.000000e+00
0.000000e+00
0.000000e+00
0.000000e+00
0.000000e+00
0.000000e+00
0.000000e+00
0.000000e+00
0.000000e+00
0.000000e+00
0.000000e+00
0.000000e+00
0.000000e+00
0.000000e+00
0.000000e+00
0.000000e+00
0.000000e+00
0.000000e+00
0.000000e+00
0.000000e+00
0.000000e+00
0.000000e+00
0.000000e+00
0.000000e+00
0.000000e+00
0.000000e+00
0.000000e+00
0.000000e+00
0.000000e+00
0.000000e+00
0.000000e+00
0.000000e+00
0.000000e+00
0.000000e+00
0.000000e+00
0.000000e+00
0.000000e+00
0.000000e+00
0.000000e+00
0.000000e+00
0.000000e+00
0.000000e+00
0.000000e+00
0.000000e+00
0.000000e+00
0.000000e+00
0.000000e+00
0.000000e+00
0.000000e+00
0.000000e+00
0.000000e+00
0.000000e+00
0.000000e+00
0.000000e+00
0.000000e+00
0.000000e+00
0.000000e+00
0.000000e+00
0.000000e+00
0.000000e+00
0.000000e+00
0.000000e+00
0.000000e+00
0.000000e+00
0.000000e+00
0.000000e+00
0.000000e+00
0.000000e+00
0.000000e+00
0.000000e+00
0.000000e+00
0.000000e+00
0.000000e+00
0.000000e+00
0.000000e+00
0.000000e+00
0.000000e+00
0.000000e+00
0.000000e+00
0.000000e+00
0.000000e+00
0.000000e+00
0.000000e+00
0.000000e+00
0.000000e+00
0.000000e+00
0.000000e+00
0.000000e+00
0.000000e+00
0.000000e+00
0.000000e+00
0.000000e+00
0.000000e+00
0.000000e+00
0.000000e+00
0.000000e+00
0.000000e+00
0.000000e+00
0.000000e+00
0.000000e+00
0.000000e+00
0.000000e+00
0.000000e+00
0.000000e+00
0.000000e+00
0.000000e+00
0.000000e+00
0.000000e+00
0.000000e+00
0.000000e+00
0.000000e+00
0.000000e+00
0.000000e+00
0.000000e+00
0.000000e+00
0.000000e+00
0.000000e+00
0.000000e+00
0.000000e+00
0.000000e+00
0.000000e+00
0.000000e+00
0.000000e+00
0.000000e+00
0.000000e+00
0.000000e+00
0.000000e+00
0.000000e+00
0.000000e+00
0.000000e+00
0.000000e+00
0.000000e+00
0.000000e+00
0.000000e+00
0.000000e+00
0.000000e+00
0.000000e+00
0.000000e+00
0.000000e+00
0.000000e+00
0.000000e+00
0.000000e+00
0.000000e+00
0.000000e+00
0.000000e+00
0.000000e+00
0.000000e+00
0.000000e+00
0.000000e+00
0.000000e+00
0.000000e+00
0.000000e+00
0.000000e+00
0.000000e+00
0.000000e+00
0.000000e+00
0.000000e+00
0.000000e+00
0.000000e+00
0.000000e+00
0.000000e+00
0.000000e+00
0.000000e+00
0.000000e+00
0.000000e+00
0.000000e+00
0.000000e+00
0.000000e+00
0.000000e+00
0.000000e+00
0.000000e+00
0.000000e+00
0.000000e+00
0.000000e+00
0.000000e+00
0.000000e+00
0.000000e+00
0.000000e+00
0.000000e+00
0.000000e+00
0.000000e+00
0.000000e+00
0.000000e+00
0.000000e+00
0.000000e+00
0.000000e+00
0.000000e+00
0.000000e+00
0.000000e+00
0.000000e+00
0.000000e+00
0.000000e+00
0.000000e+00
0.000000e+00
0.000000e+00
0.000000e+00
0.000000e+00
0.000000e+00
0.000000e+00
0.000000e+00
0.000000e+00
0.000000e+00
0.000000e+00
0.000000e+00
0.000000e+00
0.000000e+00
0.000000e+00
0.000000e+00
0.000000e+00
0.000000e+00
0.000000e+00
0.000000e+00
0.000000e+00
0.000000e+00
0.000000e+00
0.000000e+00
0.000000e+00
0.000000e+00
0.000000e+00
0.000000e+00
0.000000e+00
0.000000e+00
0.000000e+00
0.000000e+00
0.000000e+00
0.000000e+00
0.000000e+00
0.000000e+00
0.000000e+00
0.000000e+00
0.000000e+00
0.000000e+00
0.000000e+00
0.000000e+00
0.000000e+00
0.000000e+00
0.000000e+00
0.000000e+00
0.000000e+00
0.000000e+00
0.000000e+00
0.000000e+00
0.000000e+00
0.000000e+00
0.000000e+00
0.000000e+00
0.000000e+00
0.000000e+00
0.000000e+00
0.000000e+00
0.000000e+00
0.000000e+00
0.000000e+00
0.000000e+00
0.000000e+00
0.000000e+00
0.000000e+00
0.000000e+00
0.000000e+00
0.000000e+00
0.000000e+00
0.000000e+00
0.000000e+00
0.000000e+00
0.000000e+00
0.000000e+00
0.000000e+00
0.000000e+00
0.000000e+00
0.000000e+00
0.000000e+00
0.000000e+00
0.000000e+00
0.000000e+00
0.000000e+00
0.000000e+00
0.000000e+00
0.000000e+00
0.000000e+00
0.000000e+00
0.000000e+00
0.000000e+00
0.000000e+00
0.000000e+00
0.000000e+00
0.000000e+00
0.000000e+00
0.000000e+00
0.000000e+00
0.000000e+00
0.000000e+00
0.000000e+00
0.000000e+00
0.000000e+00
0.000000e+00
0.000000e+00
0.000000e+00
0.000000e+00
0.000000e+00
0.000000e+00
0.000000e+00
0.000000e+00
0.000000e+00
0.000000e+00
0.000000e+00
0.000000e+00
0.000000e+00
0.000000e+00
0.000000e+00
0.000000e+00
0.000000e+00
0.000000e+00
0.000000e+00
0.000000e+00
0.000000e+00
0.000000e+00
0.000000e+00
0.000000e+00
0.000000e+00
0.000000e+00
0.000000e+00
0.000000e+00
0.000000e+00
0.000000e+00
0.000000e+00
0.000000e+00
0.000000e+00
0.000000e+00
0.000000e+00
0.000000e+00
0.000000e+00
0.000000e+00
0.000000e+00
0.000000e+00
0.000000e+00
0.000000e+00
0.000000e+00
0.000000e+00
0.000000e+00
0.000000e+00
0.000000e+00
0.000000e+00
0.000000e+00
0.000000e+00
0.000000e+00
0.000000e+00
0.000000e+00
0.000000e+00
0.000000e+00
0.000000e+00
0.000000e+00
0.000000e+00
0.000000e+00
0.000000e+00
0.000000e+00
0.000000e+00
0.000000e+00
0.000000e+00
0.000000e+00
0.000000e+00
0.000000e+00
0.000000e+00
0.000000e+00
0.000000e+00
0.000000e+00
0.000000e+00
0.000000e+00
0.000000e+00
0.000000e+00
0.000000e+00
0.000000e+00
0.000000e+00
0.000000e+00
0.000000e+00
0.000000e+00
0.000000e+00
0.000000e+00
0.000000e+00
0.000000e+00
0.000000e+00
0.000000e+00
0.000000e+00
0.000000e+00
0.000000e+00
0.000000e+00
0.000000e+00
0.000000e+00
0.000000e+00
0.000000e+00
0.000000e+00
0.000000e+00
0.000000e+00
0.000000e+00
0.000000e+00
0.000000e+00
0.000000e+00
0.000000e+00
0.000000e+00
0.000000e+00
0.000000e+00
0.000000e+00
0.000000e+00
0.000000e+00
0.000000e+00
0.000000e+00
0.000000e+00
0.000000e+00
0.000000e+00
0.000000e+00
0.000000e+00
0.000000e+00
0.000000e+00
0.000000e+00
0.000000e+00
0.000000e+00
0.000000e+00
0.000000e+00
0.000000e+00
0.000000e+00
0.000000e+00
0.000000e+00
0.000000e+00
0.000000e+00
0.000000e+00
0.000000e+00
0.000000e+00
0.000000e+00
0.000000e+00
0.000000e+00
0.000000e+00
0.000000e+00
0.000000e+00
0.000000e+00
0.000000e+00
0.000000e+00
0.000000e+00
0.000000e+00
0.000000e+00
0.000000e+00
0.000000e+00
0.000000e+00
0.000000e+00
0.000000e+00
0.000000e+00
0.000000e+00
0.000000e+00
0.000000e+00
0.000000e+00
0.000000e+00
0.000000e+00
0.000000e+00
0.000000e+00
0.000000e+00
0.000000e+00
0.000000e+00
0.000000e+00
0.000000e+00
0.000000e+00
0.000000e+00
0.000000e+00
0.000000e+00
0.000000e+00
0.000000e+00
0.000000e+00
0.000000e+00
0.000000e+00
0.000000e+00
0.000000e+00
0.000000e+00
0.000000e+00
0.000000e+00
0.000000e+00
0.000000e+00
0.000000e+00
0.000000e+00
0.000000e+00
0.000000e+00
0.000000e+00
0.000000e+00
0.000000e+00
0.000000e+00
0.000000e+00
0.000000e+00
0.000000e+00
0.000000e+00
0.000000e+00
0.000000e+00
0.000000e+00
0.000000e+00
0.000000e+00
0.000000e+00
0.000000e+00
0.000000e+00
0.000000e+00
0.000000e+00
0.000000e+00
0.000000e+00
0.000000e+00
0.000000e+00
0.000000e+00
0.000000e+00
0.000000e+00
0.000000e+00
0.000000e+00
0.000000e+00
0.000000e+00
0.000000e+00
0.000000e+00
0.000000e+00
0.000000e+00
0.000000e+00
0.000000e+00
0.000000e+00
0.000000e+00
0.000000e+00
0.000000e+00
0.000000e+00
0.000000e+00
0.000000e+00
0.000000e+00
0.000000e+00
0.000000e+00
0.000000e+00
0.000000e+00
0.000000e+00
0.000000e+00
0.000000e+00
0.000000e+00
0.000000e+00
0.000000e+00
0.000000e+00
0.000000e+00
0.000000e+00
0.000000e+00
0.000000e+00
0.000000e+00
0.000000e+00
0.000000e+00
0.000000e+00
0.000000e+00
0.000000e+00
0.000000e+00
0.000000e+00
0.000000e+00
0.000000e+00
0.000000e+00
0.000000e+00
0.000000e+00
0.000000e+00
0.000000e+00
0.000000e+00
0.000000e+00
0.000000e+00
0.000000e+00
0.000000e+00
0.000000e+00
0.000000e+00
0.000000e+00
0.000000e+00
0.000000e+00
0.000000e+00
0.000000e+00
0.000000e+00
0.000000e+00
0.000000e+00
0.000000e+00
0.000000e+00
0.000000e+00
0.000000e+00
0.000000e+00
0.000000e+00
0.000000e+00
0.000000e+00
0.000000e+00
0.000000e+00
0.000000e+00
0.000000e+00
0.000000e+00
0.000000e+00
0.000000e+00
0.000000e+00
0.000000e+00
0.000000e+00
0.000000e+00
0.000000e+00
0.000000e+00
0.000000e+00
0.000000e+00
0.000000e+00
0.000000e+00
0.000000e+00
0.000000e+00
0.000000e+00
0.000000e+00
0.000000e+00
0.000000e+00
0.000000e+00
0.000000e+00
0.000000e+00
0.000000e+00
0.000000e+00
0.000000e+00
0.000000e+00
0.000000e+00
0.000000e+00
0.000000e+00
0.000000e+00
0.000000e+00
0.000000e+00
0.000000e+00
0.000000e+00
0.000000e+00
0.000000e+00
0.000000e+00
0.000000e+00
0.000000e+00
0.000000e+00
0.000000e+00
0.000000e+00
0.000000e+00
0.000000e+00
0.000000e+00
0.000000e+00
0.000000e+00
0.000000e+00
0.000000e+00
0.000000e+00
0.000000e+00
0.000000e+00
0.000000e+00
0.000000e+00
0.000000e+00
0.000000e+00
0.000000e+00
0.000000e+00
0.000000e+00
0.000000e+00
0.000000e+00
0.000000e+00
0.000000e+00
0.000000e+00
0.000000e+00
0.000000e+00
0.000000e+00
0.000000e+00
0.000000e+00
0.000000e+00
0.000000e+00
0.000000e+00
0.000000e+00
0.000000e+00
0.000000e+00
0.000000e+00
0.000000e+00
0.000000e+00
0.000000e+00
0.000000e+00
0.000000e+00
0.000000e+00
0.000000e+00
0.000000e+00
0.000000e+00
0.000000e+00
0.000000e+00
0.000000e+00
0.000000e+00
0.000000e+00
0.000000e+00
0.000000e+00
0.000000e+00
0.000000e+00
0.000000e+00
0.000000e+00
0.000000e+00
0.000000e+00
0.000000e+00
0.000000e+00
0.000000e+00
0.000000e+00
0.000000e+00
0.000000e+00
0.000000e+00
0.000000e+00
0.000000e+00
0.000000e+00
0.000000e+00
0.000000e+00
0.000000e+00
0.000000e+00
0.000000e+00
0.000000e+00
0.000000e+00
0.000000e+00
0.000000e+00
0.000000e+00
0.000000e+00
0.000000e+00
0.000000e+00
0.000000e+00
0.000000e+00
0.000000e+00
0.000000e+00
0.000000e+00
0.000000e+00
0.000000e+00
0.000000e+00
0.000000e+00
0.000000e+00
0.000000e+00
0.000000e+00
0.000000e+00
0.000000e+00
0.000000e+00
0.000000e+00
0.000000e+00
0.000000e+00
0.000000e+00
0.000000e+00
0.000000e+00
0.000000e+00
0.000000e+00
0.000000e+00
0.000000e+00
0.000000e+00
0.000000e+00
0.000000e+00
0.000000e+00
0.000000e+00
0.000000e+00
0.000000e+00
0.000000e+00
0.000000e+00
0.000000e+00
0.000000e+00
0.000000e+00
0.000000e+00
0.000000e+00
0.000000e+00
0.000000e+00
0.000000e+00
0.000000e+00
0.000000e+00
0.000000e+00
0.000000e+00
0.000000e+00
0.000000e+00
0.000000e+00
0.000000e+00
0.000000e+00
0.000000e+00
0.000000e+00
0.000000e+00
0.000000e+00
0.000000e+00
0.000000e+00
0.000000e+00
0.000000e+00
0.000000e+00
0.000000e+00
0.000000e+00
0.000000e+00
0.000000e+00
0.000000e+00
0.000000e+00
0.000000e+00
0.000000e+00
0.000000e+00
0.000000e+00
0.000000e+00
0.000000e+00
0.000000e+00
0.000000e+00
0.000000e+00
0.000000e+00
0.000000e+00
0.000000e+00
0.000000e+00
0.000000e+00
0.000000e+00
0.000000e+00
0.000000e+00
0.000000e+00
0.000000e+00
0.000000e+00
0.000000e+00
0.000000e+00
0.000000e+00
0.000000e+00
0.000000e+00
0.000000e+00
0.000000e+00
0.000000e+00
0.000000e+00
0.000000e+00
0.000000e+00
0.000000e+00
0.000000e+00
0.000000e+00
0.000000e+00
0.000000e+00
0.000000e+00
0.000000e+00
0.000000e+00
0.000000e+00
0.000000e+00
0.000000e+00
0.000000e+00
0.000000e+00
0.000000e+00
0.000000e+00
0.000000e+00
0.000000e+00
0.000000e+00
0.000000e+00
0.000000e+00
0.000000e+00
0.000000e+00
0.000000e+00
0.000000e+00
0.000000e+00
0.000000e+00
0.000000e+00
0.000000e+00
0.000000e+00
0.000000e+00
0.000000e+00
0.000000e+00
0.000000e+00
0.000000e+00
0.000000e+00
0.000000e+00
0.000000e+00
0.000000e+00
0.000000e+00
0.000000e+00
0.000000e+00
0.000000e+00
0.000000e+00
0.000000e+00
0.000000e+00
0.000000e+00
0.000000e+00
0.000000e+00
0.000000e+00
0.000000e+00
0.000000e+00
0.000000e+00
0.000000e+00
0.000000e+00
0.000000e+00
0.000000e+00
0.000000e+00
0.000000e+00
0.000000e+00
0.000000e+00
0.000000e+00
0.000000e+00
0.000000e+00
0.000000e+00
0.000000e+00
0.000000e+00
0.000000e+00
0.000000e+00
0.000000e+00
0.000000e+00
0.000000e+00
0.000000e+00
0.000000e+00
0.000000e+00
0.000000e+00
0.000000e+00
0.000000e+00
0.000000e+00
0.000000e+00
0.000000e+00
0.000000e+00
0.000000e+00
0.000000e+00
0.000000e+00
0.000000e+00
0.000000e+00
0.000000e+00
0.000000e+00
0.000000e+00
0.000000e+00
0.000000e+00
0.000000e+00
0.000000e+00
0.000000e+00
0.000000e+00
0.000000e+00
0.000000e+00
0.000000e+00
0.000000e+00
0.000000e+00
0.000000e+00
0.000000e+00
0.000000e+00
