1.471009e+07
1.443528e+07
1.416312e+07
1.389361e+07
1.362676e+07
1.336257e+07
1.310103e+07
1.284215e+07
1.258593e+07
1.233236e+07
1.208145e+07
1.183319e+07
1.158759e+07
1.134465e+07
1.110436e+07
1.086673e+07
1.063176e+07
1.039945e+07
1.016979e+07
9.942781e+06
9.718434e+06
9.496742e+06
9.277706e+06
9.061327e+06
8.847603e+06
8.636534e+06
8.428121e+06
8.222363e+06
8.019259e+06
7.818810e+06
7.621015e+06
7.425874e+06
7.233387e+06
7.043552e+06
6.856371e+06
6.671842e+06
6.489964e+06
6.310738e+06
6.134163e+06
5.960239e+06
5.788964e+06
5.620338e+06
5.454361e+06
5.291033e+06
5.130351e+06
4.972316e+06
4.816927e+06
4.664184e+06
4.514085e+06
4.366629e+06
4.221816e+06
4.079645e+06
3.940115e+06
3.803225e+06
3.668975e+06
3.537362e+06
3.408386e+06
3.282047e+06
3.158342e+06
3.037271e+06
2.918832e+06
2.803025e+06
2.689848e+06
2.579300e+06
2.471379e+06
2.366084e+06
2.263414e+06
2.163367e+06
2.065942e+06
1.971137e+06
1.878951e+06
1.789382e+06
1.702428e+06
1.618088e+06
1.536360e+06
1.457243e+06
1.380733e+06
1.306830e+06
1.235532e+06
1.166837e+06
1.100742e+06
1.037246e+06
9.763458e+05
9.180404e+05
8.623272e+05
8.092040e+05
7.586684e+05
7.107182e+05
6.653509e+05
6.225641e+05
5.823552e+05
5.447219e+05
5.096614e+05
4.771712e+05
4.472484e+05
4.198904e+05
3.950944e+05
3.728575e+05
3.531767e+05
3.360492e+05
3.214718e+05
