1.430410e+07
1.404130e+07
1.378100e+07
1.352319e+07
1.326787e+07
1.301506e+07
1.276473e+07
1.251690e+07
1.227157e+07
1.202873e+07
1.178839e+07
1.155055e+07
1.131520e+07
1.108234e+07
1.085199e+07
1.062412e+07
1.039876e+07
1.017589e+07
9.955514e+06
9.737636e+06
9.522253e+06
9.309366e+06
9.098975e+06
8.891079e+06
8.685678e+06
8.482773e+06
8.282363e+06
8.084447e+06
7.889026e+06
7.696099e+06
7.505666e+06
7.317728e+06
7.132282e+06
6.949330e+06
6.768871e+06
6.590904e+06
6.415430e+06
6.242447e+06
6.071955e+06
5.903954e+06
5.738444e+06
5.575423e+06
5.414892e+06
5.256849e+06
5.101295e+06
4.948228e+06
4.797648e+06
4.649554e+06
4.503946e+06
4.360823e+06
4.220184e+06
4.082028e+06
3.946355e+06
3.813163e+06
3.682453e+06
3.554222e+06
3.428470e+06
3.305197e+06
3.184400e+06
3.066079e+06
2.950234e+06
2.836862e+06
2.725964e+06
2.617537e+06
2.511580e+06
2.408092e+06
2.307073e+06
2.208520e+06
2.112433e+06
2.018809e+06
1.927648e+06
1.838949e+06
1.752709e+06
1.668927e+06
1.587601e+06
1.508731e+06
1.432314e+06
1.358348e+06
1.286833e+06
1.217766e+06
1.151145e+06
1.086968e+06
1.025234e+06
9.659411e+05
9.090867e+05
8.546690e+05
8.026859e+05
7.531353e+05
7.060151e+05
6.613230e+05
6.190568e+05
5.792142e+05
5.417928e+05
5.067903e+05
4.742042e+05
4.440320e+05
4.162712e+05
3.909191e+05
3.679732e+05
3.474307e+05
3.292888e+05
