1.75682212
1.75683212
1.75684312
1.75685412
1.75686612
1.75687712
1.75688912
1.75690112
1.75691412
1.75692612
1.75693912
1.75695312
1.75696612
1.75698012
1.75699412
1.75700912
1.75702312
1.75703912
1.75705412
1.75707012
1.75708612
1.75710312
1.75712012
1.75713812
1.75715612
1.75717412
1.75719312
1.75721312
1.75723312
1.75725312
1.75727412
1.75729612
1.75731812
1.75734112
1.75736512
1.75738912
1.75741412
1.75743912
1.75746612
1.75749312
1.75752112
1.75755012
1.75757912
1.75761012
1.75764112
1.75767412
1.75770712
1.75774112
1.75777712
1.75781312
1.75785112
1.75788912
1.75792912
1.75797012
1.75801212
1.75805512
1.75809912
1.75814512
1.75819112
1.75823912
1.75828712
1.75833612
1.75838612
1.75843712
1.75848712
1.75853712
1.75858712
1.75863612
1.75868312
1.75872712
1.75876812
1.75880512
1.75883512
1.75885812
1.75887112
1.75887312
1.75886012
1.75882912
1.75877812
1.75870212
1.75859912
1.75846412
1.75829412
1.75808712
1.75784112
1.75755712
1.75723612
1.75688412
1.75650612
1.75611212
1.75571012
1.75531212
1.75492912
1.75456812
1.75423712
1.75394212
1.75368412
1.75346512
1.75328512
1.75313912
1.75302712
