1.75690312
1.75691512
1.75692612
1.75693812
1.75695012
1.75696212
1.75697512
1.75698812
1.75700112
1.75701412
1.75702812
1.75704212
1.75705612
1.75707112
1.75708612
1.75710112
1.75711712
1.75713312
1.75714912
1.75716612
1.75718312
1.75720112
1.75721912
1.75723712
1.75725612
1.75727612
1.75729612
1.75731712
1.75733812
1.75735912
1.75738212
1.75740412
1.75742812
1.75745212
1.75747712
1.75750212
1.75752912
1.75755612
1.75758312
1.75761212
1.75764112
1.75767212
1.75770312
1.75773512
1.75776812
1.75780212
1.75783812
1.75787412
1.75791112
1.75795012
1.75798912
1.75803012
1.75807212
1.75811512
1.75815912
1.75820512
1.75825212
1.75830012
1.75834912
1.75839912
1.75845012
1.75850212
1.75855512
1.75860812
1.75866212
1.75871612
1.75876912
1.75882112
1.75887212
1.75892012
1.75896512
1.75900512
1.75904012
1.75906712
1.75908412
1.75909012
1.75908112
1.75905412
1.75900712
1.75893512
1.75883412
1.75870112
1.75853212
1.75832312
1.75807412
1.75778412
1.75745512
1.75708912
1.75669512
1.75627912
1.75585312
1.75542812
1.75501412
1.75462212
1.75426012
1.75393412
1.75364812
1.75340312
1.75319812
1.75303312
1.75290312
