6.270291e+07
6.270209e+07
6.270192e+07
6.270182e+07
6.270175e+07
6.270169e+07
6.270165e+07
6.270161e+07
6.270158e+07
6.270155e+07
6.270153e+07
6.270151e+07
6.270149e+07
6.270147e+07
6.270145e+07
6.270143e+07
6.270142e+07
6.270140e+07
6.270139e+07
6.270137e+07
6.270136e+07
6.270135e+07
6.270133e+07
6.270132e+07
6.270131e+07
6.270130e+07
6.270129e+07
6.270128e+07
6.270127e+07
6.270126e+07
6.270125e+07
6.270124e+07
6.270123e+07
6.270122e+07
6.270121e+07
6.270120e+07
6.270119e+07
6.270119e+07
6.270118e+07
6.270117e+07
6.270116e+07
6.270115e+07
6.270114e+07
6.270113e+07
6.270113e+07
6.270112e+07
6.270111e+07
6.270110e+07
6.270109e+07
6.270109e+07
6.270108e+07
6.270107e+07
6.270106e+07
6.270105e+07
6.270105e+07
6.270104e+07
6.270103e+07
6.270102e+07
6.270101e+07
6.270101e+07
6.270100e+07
6.270099e+07
6.270098e+07
6.270097e+07
6.270097e+07
6.270096e+07
6.270095e+07
6.270094e+07
6.270094e+07
6.270093e+07
6.270092e+07
6.270091e+07
6.270090e+07
6.270089e+07
6.270089e+07
6.270088e+07
6.270087e+07
6.270086e+07
6.270085e+07
6.270085e+07
6.270084e+07
6.270083e+07
6.270082e+07
6.270081e+07
6.270080e+07
6.270079e+07
6.270079e+07
6.270078e+07
6.270077e+07
6.270076e+07
6.270075e+07
6.270074e+07
6.270073e+07
6.270072e+07
6.270071e+07
6.270071e+07
6.270070e+07
6.270069e+07
6.270068e+07
6.270067e+07
6.270066e+07
6.270065e+07
6.270064e+07
6.270063e+07
6.270062e+07
6.270061e+07
6.270060e+07
6.270059e+07
6.270058e+07
6.270057e+07
6.270056e+07
6.270055e+07
6.270054e+07
6.270053e+07
6.270052e+07
6.270051e+07
6.270050e+07
6.270049e+07
6.270048e+07
6.270047e+07
6.270046e+07
6.270045e+07
6.270044e+07
6.270043e+07
6.270042e+07
6.270041e+07
6.270040e+07
6.270039e+07
6.270037e+07
6.270036e+07
6.270035e+07
6.270034e+07
6.270033e+07
6.270032e+07
6.270031e+07
6.270030e+07
6.270028e+07
6.270027e+07
6.270026e+07
6.270025e+07
6.270024e+07
6.270022e+07
6.270021e+07
6.270020e+07
6.270019e+07
6.270018e+07
6.270016e+07
6.270015e+07
6.270014e+07
6.270012e+07
6.270011e+07
6.270010e+07
6.270009e+07
6.270007e+07
6.270006e+07
6.270005e+07
6.270003e+07
6.270002e+07
6.270001e+07
6.269999e+07
6.269998e+07
6.269997e+07
6.269995e+07
6.269994e+07
6.269992e+07
6.269991e+07
6.269990e+07
6.269988e+07
6.269987e+07
6.269985e+07
6.269984e+07
6.269982e+07
6.269981e+07
6.269979e+07
6.269978e+07
6.269976e+07
6.269975e+07
6.269973e+07
6.269972e+07
6.269970e+07
6.269969e+07
6.269967e+07
6.269966e+07
6.269964e+07
6.269963e+07
6.269961e+07
6.269959e+07
6.269958e+07
6.269956e+07
6.269954e+07
6.269953e+07
6.269951e+07
6.269949e+07
6.269948e+07
6.269946e+07
6.269944e+07
6.269943e+07
6.269941e+07
6.269939e+07
6.269937e+07
6.269936e+07
6.269934e+07
6.269932e+07
6.269930e+07
6.269929e+07
6.269927e+07
6.269925e+07
6.269923e+07
6.269921e+07
6.269919e+07
6.269917e+07
6.269916e+07
6.269914e+07
6.269912e+07
6.269910e+07
6.269908e+07
6.269906e+07
6.269904e+07
6.269902e+07
6.269900e+07
6.269898e+07
6.269896e+07
6.269894e+07
6.269892e+07
6.269890e+07
6.269888e+07
6.269886e+07
6.269884e+07
6.269882e+07
6.269879e+07
6.269877e+07
6.269875e+07
6.269873e+07
6.269871e+07
6.269869e+07
6.269866e+07
6.269864e+07
6.269862e+07
6.269860e+07
6.269857e+07
6.269855e+07
6.269853e+07
6.269850e+07
6.269848e+07
6.269846e+07
6.269843e+07
6.269841e+07
6.269839e+07
6.269836e+07
6.269834e+07
6.269831e+07
6.269829e+07
6.269826e+07
6.269824e+07
6.269821e+07
6.269819e+07
6.269816e+07
6.269813e+07
6.269811e+07
6.269808e+07
6.269806e+07
6.269803e+07
6.269800e+07
6.269798e+07
6.269795e+07
6.269792e+07
6.269789e+07
6.269786e+07
6.269784e+07
6.269781e+07
6.269778e+07
6.269775e+07
6.269772e+07
6.269769e+07
6.269766e+07
6.269763e+07
6.269760e+07
6.269757e+07
6.269754e+07
6.269751e+07
6.269748e+07
6.269745e+07
6.269742e+07
6.269739e+07
6.269735e+07
6.269732e+07
6.269729e+07
6.269725e+07
6.269722e+07
6.269719e+07
6.269715e+07
6.269712e+07
6.269708e+07
6.269705e+07
6.269701e+07
6.269698e+07
6.269694e+07
6.269691e+07
6.269687e+07
6.269683e+07
6.269679e+07
6.269676e+07
6.269672e+07
6.269668e+07
6.269664e+07
6.269660e+07
6.269656e+07
6.269652e+07
6.269648e+07
6.269644e+07
6.269639e+07
6.269635e+07
6.269631e+07
6.269627e+07
6.269622e+07
6.269618e+07
6.269613e+07
6.269609e+07
6.269604e+07
6.269599e+07
6.269595e+07
6.269590e+07
6.269585e+07
6.269580e+07
6.269575e+07
6.269570e+07
6.269565e+07
6.269560e+07
6.269554e+07
6.269549e+07
6.269544e+07
6.269538e+07
6.269533e+07
6.269527e+07
6.269521e+07
6.269515e+07
6.269509e+07
6.269503e+07
6.269497e+07
6.269491e+07
6.269485e+07
6.269478e+07
6.269472e+07
6.269465e+07
6.269459e+07
6.269452e+07
6.269445e+07
6.269438e+07
6.269431e+07
6.269423e+07
6.269416e+07
6.269408e+07
6.269401e+07
6.269393e+07
6.269385e+07
6.269377e+07
6.269368e+07
6.269360e+07
6.269351e+07
6.269343e+07
6.269334e+07
6.269325e+07
6.269315e+07
6.269306e+07
6.269296e+07
6.269286e+07
6.269276e+07
6.269266e+07
6.269256e+07
6.269245e+07
6.269234e+07
6.269223e+07
6.269212e+07
6.269200e+07
6.269188e+07
6.269176e+07
6.269164e+07
6.269151e+07
6.269138e+07
6.269125e+07
6.269112e+07
6.269098e+07
6.269084e+07
6.269069e+07
6.269054e+07
6.269039e+07
6.269024e+07
6.269008e+07
6.268992e+07
6.268975e+07
6.268958e+07
6.268941e+07
6.268923e+07
6.268905e+07
6.268886e+07
6.268867e+07
6.268848e+07
6.268827e+07
6.268807e+07
6.268786e+07
6.268764e+07
6.268742e+07
6.268719e+07
6.268696e+07
6.268672e+07
6.268647e+07
6.268622e+07
6.268597e+07
6.268570e+07
6.268543e+07
6.268515e+07
6.268486e+07
6.268457e+07
6.268427e+07
6.268396e+07
6.268364e+07
6.268331e+07
6.268298e+07
6.268264e+07
6.268228e+07
6.268192e+07
6.268155e+07
6.268116e+07
6.268077e+07
6.268037e+07
6.267995e+07
6.267952e+07
6.267908e+07
6.267863e+07
6.267817e+07
6.267769e+07
6.267720e+07
6.267670e+07
6.267618e+07
6.267565e+07
6.267510e+07
6.267454e+07
6.267396e+07
6.267336e+07
6.267275e+07
6.267212e+07
6.267147e+07
6.267080e+07
6.267012e+07
6.266941e+07
6.266869e+07
6.266794e+07
6.266717e+07
6.266638e+07
6.266557e+07
6.266473e+07
6.266387e+07
6.266298e+07
6.266207e+07
6.266113e+07
6.266016e+07
6.265916e+07
6.265814e+07
6.265708e+07
6.265600e+07
6.265488e+07
6.265373e+07
6.265254e+07
6.265132e+07
6.265006e+07
6.264877e+07
6.264743e+07
6.264606e+07
6.264465e+07
6.264319e+07
6.264169e+07
6.264015e+07
6.263856e+07
6.263692e+07
6.263523e+07
6.263350e+07
6.263171e+07
6.262986e+07
6.262796e+07
6.262601e+07
6.262399e+07
6.262192e+07
6.261978e+07
6.261758e+07
6.261531e+07
6.261297e+07
6.261056e+07
6.260808e+07
6.260552e+07
6.260289e+07
6.260017e+07
6.259737e+07
6.259449e+07
6.259152e+07
6.258846e+07
6.258531e+07
6.258206e+07
6.257871e+07
6.257526e+07
6.257171e+07
6.256804e+07
6.256426e+07
6.256037e+07
6.255636e+07
6.255223e+07
6.254797e+07
6.254358e+07
6.253906e+07
6.253439e+07
6.252959e+07
6.252463e+07
6.251953e+07
6.251427e+07
6.250884e+07
6.250325e+07
6.249749e+07
6.249155e+07
6.248543e+07
6.247912e+07
6.247261e+07
6.246591e+07
6.245900e+07
6.245187e+07
6.244453e+07
6.243696e+07
6.242915e+07
6.242111e+07
6.241281e+07
6.240427e+07
6.239545e+07
6.238636e+07
6.237700e+07
6.236734e+07
6.235738e+07
6.234712e+07
6.233654e+07
6.232563e+07
6.231438e+07
6.230278e+07
6.229083e+07
6.227850e+07
6.226579e+07
6.225269e+07
6.223917e+07
6.222524e+07
6.221088e+07
6.219607e+07
6.218080e+07
6.216505e+07
6.214881e+07
6.213207e+07
6.211481e+07
6.209701e+07
6.207865e+07
6.205972e+07
6.204020e+07
6.202007e+07
6.199931e+07
6.197790e+07
6.195583e+07
6.193306e+07
6.190958e+07
6.188537e+07
6.186040e+07
6.183465e+07
6.180808e+07
6.178069e+07
6.175244e+07
6.172330e+07
6.169324e+07
6.166224e+07
6.163026e+07
6.159728e+07
6.156326e+07
6.152817e+07
6.149197e+07
6.145463e+07
6.141611e+07
6.137637e+07
6.133538e+07
6.129309e+07
6.124946e+07
6.120446e+07
6.115802e+07
6.111011e+07
6.106068e+07
6.100968e+07
6.095705e+07
6.090275e+07
6.084672e+07
6.078890e+07
6.072924e+07
6.066767e+07
6.060413e+07
6.053855e+07
6.047087e+07
6.040102e+07
6.032892e+07
6.025450e+07
6.017769e+07
6.009840e+07
6.001654e+07
5.993204e+07
5.984480e+07
5.975472e+07
5.966173e+07
5.956570e+07
5.946654e+07
5.936415e+07
5.925840e+07
5.914919e+07
5.903639e+07
5.891988e+07
5.879953e+07
5.867520e+07
5.854676e+07
5.841405e+07
5.827692e+07
5.813523e+07
5.798879e+07
5.783745e+07
5.768102e+07
5.751932e+07
5.735215e+07
5.717931e+07
5.700058e+07
5.681576e+07
5.662461e+07
5.642688e+07
5.622233e+07
5.601070e+07
5.579170e+07
5.556505e+07
5.533045e+07
5.508758e+07
5.483610e+07
5.457567e+07
5.430592e+07
5.402645e+07
5.373688e+07
5.343675e+07
5.312562e+07
5.280302e+07
5.246842e+07
5.212130e+07
5.176109e+07
5.138718e+07
5.099892e+07
5.059564e+07
5.017660e+07
4.974103e+07
4.928808e+07
4.881686e+07
4.832641e+07
4.781569e+07
4.728357e+07
4.672885e+07
4.615021e+07
4.554620e+07
4.491525e+07
4.425565e+07
4.356549e+07
4.284266e+07
4.208485e+07
4.128942e+07
4.045344e+07
3.957359e+07
3.864608e+07
3.766655e+07
3.662995e+07
3.553034e+07
3.436070e+07
3.311257e+07
3.177559e+07
3.033686e+07
2.877991e+07
2.708308e+07
2.521696e+07
2.313962e+07
2.078782e+07
1.805833e+07
1.476459e+07
1.052229e+07
0.000000e+00
0.000000e+00
0.000000e+00
0.000000e+00
0.000000e+00
0.000000e+00
0.000000e+00
0.000000e+00
0.000000e+00
0.000000e+00
0.000000e+00
0.000000e+00
0.000000e+00
0.000000e+00
0.000000e+00
0.000000e+00
0.000000e+00
0.000000e+00
0.000000e+00
0.000000e+00
0.000000e+00
0.000000e+00
0.000000e+00
0.000000e+00
0.000000e+00
0.000000e+00
0.000000e+00
0.000000e+00
0.000000e+00
0.000000e+00
0.000000e+00
0.000000e+00
0.000000e+00
0.000000e+00
0.000000e+00
0.000000e+00
0.000000e+00
0.000000e+00
0.000000e+00
0.000000e+00
0.000000e+00
0.000000e+00
0.000000e+00
0.000000e+00
0.000000e+00
0.000000e+00
0.000000e+00
0.000000e+00
0.000000e+00
0.000000e+00
0.000000e+00
0.000000e+00
0.000000e+00
0.000000e+00
0.000000e+00
0.000000e+00
0.000000e+00
0.000000e+00
0.000000e+00
0.000000e+00
0.000000e+00
0.000000e+00
0.000000e+00
0.000000e+00
0.000000e+00
0.000000e+00
0.000000e+00
0.000000e+00
0.000000e+00
0.000000e+00
0.000000e+00
0.000000e+00
0.000000e+00
0.000000e+00
0.000000e+00
0.000000e+00
0.000000e+00
0.000000e+00
0.000000e+00
0.000000e+00
0.000000e+00
0.000000e+00
0.000000e+00
0.000000e+00
0.000000e+00
0.000000e+00
0.000000e+00
0.000000e+00
0.000000e+00
0.000000e+00
0.000000e+00
0.000000e+00
0.000000e+00
0.000000e+00
0.000000e+00
0.000000e+00
0.000000e+00
0.000000e+00
0.000000e+00
0.000000e+00
0.000000e+00
0.000000e+00
0.000000e+00
0.000000e+00
0.000000e+00
0.000000e+00
0.000000e+00
0.000000e+00
0.000000e+00
0.000000e+00
0.000000e+00
0.000000e+00
0.000000e+00
0.000000e+00
0.000000e+00
0.000000e+00
0.000000e+00
0.000000e+00
0.000000e+00
0.000000e+00
0.000000e+00
0.000000e+00
0.000000e+00
0.000000e+00
0.000000e+00
0.000000e+00
0.000000e+00
0.000000e+00
0.000000e+00
0.000000e+00
0.000000e+00
0.000000e+00
0.000000e+00
0.000000e+00
0.000000e+00
0.000000e+00
0.000000e+00
0.000000e+00
0.000000e+00
0.000000e+00
0.000000e+00
0.000000e+00
0.000000e+00
0.000000e+00
0.000000e+00
0.000000e+00
0.000000e+00
0.000000e+00
0.000000e+00
0.000000e+00
0.000000e+00
0.000000e+00
0.000000e+00
0.000000e+00
0.000000e+00
0.000000e+00
0.000000e+00
0.000000e+00
0.000000e+00
0.000000e+00
0.000000e+00
0.000000e+00
0.000000e+00
0.000000e+00
0.000000e+00
0.000000e+00
0.000000e+00
0.000000e+00
0.000000e+00
0.000000e+00
0.000000e+00
0.000000e+00
0.000000e+00
0.000000e+00
0.000000e+00
0.000000e+00
0.000000e+00
0.000000e+00
0.000000e+00
0.000000e+00
0.000000e+00
0.000000e+00
0.000000e+00
0.000000e+00
0.000000e+00
0.000000e+00
0.000000e+00
0.000000e+00
0.000000e+00
0.000000e+00
0.000000e+00
0.000000e+00
0.000000e+00
0.000000e+00
0.000000e+00
0.000000e+00
0.000000e+00
0.000000e+00
0.000000e+00
0.000000e+00
0.000000e+00
0.000000e+00
0.000000e+00
0.000000e+00
0.000000e+00
0.000000e+00
0.000000e+00
0.000000e+00
0.000000e+00
0.000000e+00
0.000000e+00
0.000000e+00
0.000000e+00
0.000000e+00
0.000000e+00
0.000000e+00
0.000000e+00
0.000000e+00
0.000000e+00
0.000000e+00
0.000000e+00
0.000000e+00
0.000000e+00
0.000000e+00
0.000000e+00
0.000000e+00
0.000000e+00
0.000000e+00
0.000000e+00
0.000000e+00
0.000000e+00
0.000000e+00
0.000000e+00
0.000000e+00
0.000000e+00
0.000000e+00
0.000000e+00
0.000000e+00
0.000000e+00
0.000000e+00
0.000000e+00
0.000000e+00
0.000000e+00
0.000000e+00
0.000000e+00
0.000000e+00
0.000000e+00
0.000000e+00
0.000000e+00
0.000000e+00
0.000000e+00
0.000000e+00
0.000000e+00
0.000000e+00
0.000000e+00
0.000000e+00
0.000000e+00
0.000000e+00
0.000000e+00
0.000000e+00
0.000000e+00
0.000000e+00
0.000000e+00
0.000000e+00
0.000000e+00
0.000000e+00
0.000000e+00
0.000000e+00
0.000000e+00
0.000000e+00
0.000000e+00
0.000000e+00
0.000000e+00
0.000000e+00
0.000000e+00
0.000000e+00
0.000000e+00
0.000000e+00
0.000000e+00
0.000000e+00
0.000000e+00
0.000000e+00
0.000000e+00
0.000000e+00
0.000000e+00
0.000000e+00
0.000000e+00
0.000000e+00
0.000000e+00
0.000000e+00
0.000000e+00
0.000000e+00
0.000000e+00
0.000000e+00
0.000000e+00
0.000000e+00
0.000000e+00
0.000000e+00
0.000000e+00
0.000000e+00
0.000000e+00
0.000000e+00
0.000000e+00
0.000000e+00
0.000000e+00
0.000000e+00
0.000000e+00
0.000000e+00
0.000000e+00
0.000000e+00
0.000000e+00
0.000000e+00
0.000000e+00
0.000000e+00
0.000000e+00
0.000000e+00
0.000000e+00
0.000000e+00
0.000000e+00
0.000000e+00
0.000000e+00
0.000000e+00
0.000000e+00
0.000000e+00
0.000000e+00
0.000000e+00
0.000000e+00
0.000000e+00
0.000000e+00
0.000000e+00
0.000000e+00
0.000000e+00
0.000000e+00
0.000000e+00
0.000000e+00
0.000000e+00
0.000000e+00
0.000000e+00
0.000000e+00
0.000000e+00
0.000000e+00
0.000000e+00
0.000000e+00
0.000000e+00
0.000000e+00
0.000000e+00
0.000000e+00
0.000000e+00
0.000000e+00
0.000000e+00
0.000000e+00
0.000000e+00
0.000000e+00
0.000000e+00
0.000000e+00
0.000000e+00
0.000000e+00
0.000000e+00
0.000000e+00
0.000000e+00
0.000000e+00
0.000000e+00
0.000000e+00
0.000000e+00
0.000000e+00
0.000000e+00
0.000000e+00
0.000000e+00
0.000000e+00
0.000000e+00
0.000000e+00
0.000000e+00
0.000000e+00
0.000000e+00
0.000000e+00
0.000000e+00
0.000000e+00
0.000000e+00
0.000000e+00
0.000000e+00
0.000000e+00
0.000000e+00
0.000000e+00
0.000000e+00
0.000000e+00
0.000000e+00
0.000000e+00
0.000000e+00
0.000000e+00
0.000000e+00
0.000000e+00
0.000000e+00
0.000000e+00
0.000000e+00
0.000000e+00
0.000000e+00
0.000000e+00
0.000000e+00
0.000000e+00
0.000000e+00
0.000000e+00
0.000000e+00
0.000000e+00
0.000000e+00
0.000000e+00
0.000000e+00
0.000000e+00
0.000000e+00
0.000000e+00
0.000000e+00
0.000000e+00
0.000000e+00
0.000000e+00
0.000000e+00
0.000000e+00
0.000000e+00
0.000000e+00
0.000000e+00
0.000000e+00
0.000000e+00
0.000000e+00
0.000000e+00
0.000000e+00
0.000000e+00
0.000000e+00
0.000000e+00
0.000000e+00
0.000000e+00
0.000000e+00
0.000000e+00
0.000000e+00
0.000000e+00
0.000000e+00
0.000000e+00
0.000000e+00
0.000000e+00
0.000000e+00
0.000000e+00
0.000000e+00
0.000000e+00
0.000000e+00
0.000000e+00
0.000000e+00
0.000000e+00
0.000000e+00
0.000000e+00
0.000000e+00
0.000000e+00
0.000000e+00
0.000000e+00
0.000000e+00
0.000000e+00
0.000000e+00
0.000000e+00
0.000000e+00
0.000000e+00
0.000000e+00
0.000000e+00
0.000000e+00
0.000000e+00
0.000000e+00
0.000000e+00
0.000000e+00
0.000000e+00
0.000000e+00
0.000000e+00
0.000000e+00
0.000000e+00
0.000000e+00
0.000000e+00
0.000000e+00
0.000000e+00
0.000000e+00
0.000000e+00
0.000000e+00
0.000000e+00
0.000000e+00
0.000000e+00
0.000000e+00
0.000000e+00
0.000000e+00
0.000000e+00
0.000000e+00
0.000000e+00
0.000000e+00
0.000000e+00
0.000000e+00
0.000000e+00
0.000000e+00
0.000000e+00
0.000000e+00
0.000000e+00
0.000000e+00
0.000000e+00
0.000000e+00
0.000000e+00
0.000000e+00
0.000000e+00
0.000000e+00
0.000000e+00
0.000000e+00
0.000000e+00
0.000000e+00
0.000000e+00
0.000000e+00
0.000000e+00
0.000000e+00
0.000000e+00
0.000000e+00
0.000000e+00
0.000000e+00
0.000000e+00
0.000000e+00
0.000000e+00
0.000000e+00
0.000000e+00
0.000000e+00
0.000000e+00
0.000000e+00
0.000000e+00
0.000000e+00
0.000000e+00
0.000000e+00
0.000000e+00
0.000000e+00
0.000000e+00
0.000000e+00
0.000000e+00
0.000000e+00
0.000000e+00
0.000000e+00
0.000000e+00
0.000000e+00
0.000000e+00
0.000000e+00
0.000000e+00
0.000000e+00
0.000000e+00
0.000000e+00
0.000000e+00
0.000000e+00
0.000000e+00
0.000000e+00
0.000000e+00
0.000000e+00
0.000000e+00
0.000000e+00
0.000000e+00
0.000000e+00
0.000000e+00
0.000000e+00
0.000000e+00
0.000000e+00
0.000000e+00
0.000000e+00
0.000000e+00
0.000000e+00
0.000000e+00
0.000000e+00
0.000000e+00
0.000000e+00
0.000000e+00
0.000000e+00
0.000000e+00
0.000000e+00
0.000000e+00
0.000000e+00
0.000000e+00
0.000000e+00
0.000000e+00
0.000000e+00
0.000000e+00
0.000000e+00
0.000000e+00
0.000000e+00
0.000000e+00
0.000000e+00
0.000000e+00
0.000000e+00
0.000000e+00
0.000000e+00
0.000000e+00
0.000000e+00
0.000000e+00
0.000000e+00
0.000000e+00
0.000000e+00
0.000000e+00
0.000000e+00
0.000000e+00
0.000000e+00
0.000000e+00
0.000000e+00
0.000000e+00
0.000000e+00
0.000000e+00
0.000000e+00
0.000000e+00
0.000000e+00
0.000000e+00
0.000000e+00
0.000000e+00
0.000000e+00
0.000000e+00
0.000000e+00
0.000000e+00
0.000000e+00
0.000000e+00
0.000000e+00
0.000000e+00
0.000000e+00
0.000000e+00
0.000000e+00
0.000000e+00
0.000000e+00
0.000000e+00
0.000000e+00
0.000000e+00
0.000000e+00
0.000000e+00
0.000000e+00
0.000000e+00
0.000000e+00
0.000000e+00
0.000000e+00
0.000000e+00
0.000000e+00
0.000000e+00
0.000000e+00
0.000000e+00
0.000000e+00
0.000000e+00
0.000000e+00
0.000000e+00
0.000000e+00
0.000000e+00
0.000000e+00
0.000000e+00
0.000000e+00
0.000000e+00
0.000000e+00
0.000000e+00
0.000000e+00
0.000000e+00
0.000000e+00
0.000000e+00
0.000000e+00
0.000000e+00
0.000000e+00
0.000000e+00
0.000000e+00
0.000000e+00
0.000000e+00
0.000000e+00
0.000000e+00
0.000000e+00
0.000000e+00
0.000000e+00
0.000000e+00
0.000000e+00
0.000000e+00
0.000000e+00
0.000000e+00
0.000000e+00
0.000000e+00
0.000000e+00
0.000000e+00
0.000000e+00
0.000000e+00
0.000000e+00
0.000000e+00
0.000000e+00
0.000000e+00
0.000000e+00
0.000000e+00
0.000000e+00
0.000000e+00
0.000000e+00
0.000000e+00
0.000000e+00
0.000000e+00
0.000000e+00
0.000000e+00
0.000000e+00
0.000000e+00
0.000000e+00
0.000000e+00
0.000000e+00
0.000000e+00
0.000000e+00
0.000000e+00
0.000000e+00
0.000000e+00
0.000000e+00
0.000000e+00
0.000000e+00
0.000000e+00
0.000000e+00
0.000000e+00
0.000000e+00
0.000000e+00
0.000000e+00
0.000000e+00
0.000000e+00
0.000000e+00
0.000000e+00
0.000000e+00
0.000000e+00
0.000000e+00
0.000000e+00
0.000000e+00
0.000000e+00
0.000000e+00
0.000000e+00
0.000000e+00
0.000000e+00
0.000000e+00
0.000000e+00
0.000000e+00
0.000000e+00
0.000000e+00
0.000000e+00
0.000000e+00
0.000000e+00
0.000000e+00
0.000000e+00
0.000000e+00
0.000000e+00
0.000000e+00
0.000000e+00
0.000000e+00
0.000000e+00
0.000000e+00
0.000000e+00
0.000000e+00
0.000000e+00
0.000000e+00
0.000000e+00
0.000000e+00
0.000000e+00
0.000000e+00
0.000000e+00
0.000000e+00
0.000000e+00
0.000000e+00
0.000000e+00
0.000000e+00
0.000000e+00
0.000000e+00
0.000000e+00
0.000000e+00
0.000000e+00
0.000000e+00
0.000000e+00
0.000000e+00
0.000000e+00
0.000000e+00
0.000000e+00
0.000000e+00
0.000000e+00
0.000000e+00
0.000000e+00
0.000000e+00
0.000000e+00
0.000000e+00
0.000000e+00
0.000000e+00
0.000000e+00
0.000000e+00
0.000000e+00
0.000000e+00
0.000000e+00
0.000000e+00
0.000000e+00
0.000000e+00
0.000000e+00
0.000000e+00
0.000000e+00
0.000000e+00
0.000000e+00
0.000000e+00
0.000000e+00
0.000000e+00
0.000000e+00
0.000000e+00
0.000000e+00
0.000000e+00
0.000000e+00
0.000000e+00
0.000000e+00
0.000000e+00
0.000000e+00
0.000000e+00
0.000000e+00
0.000000e+00
0.000000e+00
0.000000e+00
0.000000e+00
0.000000e+00
0.000000e+00
0.000000e+00
0.000000e+00
0.000000e+00
0.000000e+00
0.000000e+00
0.000000e+00
0.000000e+00
0.000000e+00
0.000000e+00
0.000000e+00
0.000000e+00
0.000000e+00
0.000000e+00
0.000000e+00
0.000000e+00
0.000000e+00
0.000000e+00
0.000000e+00
0.000000e+00
0.000000e+00
0.000000e+00
0.000000e+00
0.000000e+00
0.000000e+00
0.000000e+00
0.000000e+00
0.000000e+00
0.000000e+00
0.000000e+00
0.000000e+00
0.000000e+00
0.000000e+00
0.000000e+00
0.000000e+00
0.000000e+00
0.000000e+00
0.000000e+00
0.000000e+00
0.000000e+00
0.000000e+00
0.000000e+00
0.000000e+00
0.000000e+00
0.000000e+00
0.000000e+00
0.000000e+00
0.000000e+00
0.000000e+00
0.000000e+00
0.000000e+00
0.000000e+00
0.000000e+00
0.000000e+00
0.000000e+00
0.000000e+00
0.000000e+00
0.000000e+00
0.000000e+00
0.000000e+00
0.000000e+00
0.000000e+00
0.000000e+00
0.000000e+00
0.000000e+00
0.000000e+00
0.000000e+00
0.000000e+00
0.000000e+00
0.000000e+00
0.000000e+00
0.000000e+00
0.000000e+00
0.000000e+00
0.000000e+00
0.000000e+00
0.000000e+00
0.000000e+00
0.000000e+00
0.000000e+00
0.000000e+00
0.000000e+00
0.000000e+00
0.000000e+00
0.000000e+00
0.000000e+00
0.000000e+00
0.000000e+00
0.000000e+00
0.000000e+00
0.000000e+00
0.000000e+00
0.000000e+00
0.000000e+00
0.000000e+00
0.000000e+00
0.000000e+00
0.000000e+00
0.000000e+00
0.000000e+00
0.000000e+00
0.000000e+00
0.000000e+00
0.000000e+00
0.000000e+00
0.000000e+00
0.000000e+00
0.000000e+00
0.000000e+00
0.000000e+00
0.000000e+00
0.000000e+00
0.000000e+00
0.000000e+00
0.000000e+00
0.000000e+00
0.000000e+00
0.000000e+00
0.000000e+00
0.000000e+00
0.000000e+00
0.000000e+00
0.000000e+00
0.000000e+00
0.000000e+00
0.000000e+00
0.000000e+00
0.000000e+00
0.000000e+00
0.000000e+00
0.000000e+00
0.000000e+00
0.000000e+00
0.000000e+00
0.000000e+00
0.000000e+00
0.000000e+00
0.000000e+00
0.000000e+00
0.000000e+00
0.000000e+00
0.000000e+00
0.000000e+00
0.000000e+00
0.000000e+00
0.000000e+00
0.000000e+00
0.000000e+00
0.000000e+00
0.000000e+00
0.000000e+00
0.000000e+00
0.000000e+00
0.000000e+00
0.000000e+00
0.000000e+00
0.000000e+00
0.000000e+00
0.000000e+00
0.000000e+00
0.000000e+00
0.000000e+00
0.000000e+00
0.000000e+00
0.000000e+00
0.000000e+00
0.000000e+00
0.000000e+00
0.000000e+00
0.000000e+00
0.000000e+00
0.000000e+00
0.000000e+00
0.000000e+00
0.000000e+00
0.000000e+00
0.000000e+00
0.000000e+00
0.000000e+00
0.000000e+00
0.000000e+00
0.000000e+00
0.000000e+00
0.000000e+00
0.000000e+00
0.000000e+00
0.000000e+00
0.000000e+00
0.000000e+00
0.000000e+00
0.000000e+00
0.000000e+00
0.000000e+00
0.000000e+00
0.000000e+00
0.000000e+00
0.000000e+00
0.000000e+00
0.000000e+00
0.000000e+00
0.000000e+00
0.000000e+00
0.000000e+00
0.000000e+00
0.000000e+00
0.000000e+00
0.000000e+00
0.000000e+00
0.000000e+00
0.000000e+00
0.000000e+00
0.000000e+00
0.000000e+00
0.000000e+00
0.000000e+00
0.000000e+00
0.000000e+00
0.000000e+00
0.000000e+00
0.000000e+00
0.000000e+00
0.000000e+00
0.000000e+00
0.000000e+00
0.000000e+00
0.000000e+00
0.000000e+00
0.000000e+00
0.000000e+00
0.000000e+00
0.000000e+00
0.000000e+00
0.000000e+00
0.000000e+00
0.000000e+00
0.000000e+00
0.000000e+00
0.000000e+00
0.000000e+00
0.000000e+00
0.000000e+00
0.000000e+00
0.000000e+00
0.000000e+00
0.000000e+00
0.000000e+00
0.000000e+00
0.000000e+00
0.000000e+00
0.000000e+00
0.000000e+00
0.000000e+00
0.000000e+00
0.000000e+00
0.000000e+00
0.000000e+00
0.000000e+00
0.000000e+00
0.000000e+00
0.000000e+00
0.000000e+00
0.000000e+00
0.000000e+00
0.000000e+00
0.000000e+00
0.000000e+00
0.000000e+00
0.000000e+00
0.000000e+00
0.000000e+00
0.000000e+00
0.000000e+00
0.000000e+00
0.000000e+00
0.000000e+00
0.000000e+00
0.000000e+00
0.000000e+00
0.000000e+00
0.000000e+00
0.000000e+00
0.000000e+00
0.000000e+00
0.000000e+00
0.000000e+00
0.000000e+00
0.000000e+00
0.000000e+00
0.000000e+00
0.000000e+00
0.000000e+00
0.000000e+00
0.000000e+00
0.000000e+00
0.000000e+00
0.000000e+00
0.000000e+00
0.000000e+00
0.000000e+00
0.000000e+00
0.000000e+00
0.000000e+00
0.000000e+00
0.000000e+00
0.000000e+00
0.000000e+00
0.000000e+00
0.000000e+00
0.000000e+00
0.000000e+00
0.000000e+00
0.000000e+00
0.000000e+00
0.000000e+00
0.000000e+00
0.000000e+00
0.000000e+00
0.000000e+00
0.000000e+00
