6.305273e+07
6.305191e+07
6.305173e+07
6.305163e+07
6.305156e+07
6.305150e+07
6.305146e+07
6.305142e+07
6.305139e+07
6.305136e+07
6.305134e+07
6.305131e+07
6.305129e+07
6.305127e+07
6.305125e+07
6.305124e+07
6.305122e+07
6.305121e+07
6.305119e+07
6.305118e+07
6.305116e+07
6.305115e+07
6.305114e+07
6.305113e+07
6.305112e+07
6.305111e+07
6.305109e+07
6.305108e+07
6.305107e+07
6.305106e+07
6.305105e+07
6.305104e+07
6.305104e+07
6.305103e+07
6.305102e+07
6.305101e+07
6.305100e+07
6.305099e+07
6.305098e+07
6.305097e+07
6.305096e+07
6.305096e+07
6.305095e+07
6.305094e+07
6.305093e+07
6.305092e+07
6.305092e+07
6.305091e+07
6.305090e+07
6.305089e+07
6.305088e+07
6.305088e+07
6.305087e+07
6.305086e+07
6.305085e+07
6.305084e+07
6.305084e+07
6.305083e+07
6.305082e+07
6.305081e+07
6.305080e+07
6.305080e+07
6.305079e+07
6.305078e+07
6.305077e+07
6.305076e+07
6.305076e+07
6.305075e+07
6.305074e+07
6.305073e+07
6.305072e+07
6.305072e+07
6.305071e+07
6.305070e+07
6.305069e+07
6.305068e+07
6.305068e+07
6.305067e+07
6.305066e+07
6.305065e+07
6.305064e+07
6.305063e+07
6.305063e+07
6.305062e+07
6.305061e+07
6.305060e+07
6.305059e+07
6.305058e+07
6.305057e+07
6.305057e+07
6.305056e+07
6.305055e+07
6.305054e+07
6.305053e+07
6.305052e+07
6.305051e+07
6.305050e+07
6.305049e+07
6.305048e+07
6.305048e+07
6.305047e+07
6.305046e+07
6.305045e+07
6.305044e+07
6.305043e+07
6.305042e+07
6.305041e+07
6.305040e+07
6.305039e+07
6.305038e+07
6.305037e+07
6.305036e+07
6.305035e+07
6.305034e+07
6.305033e+07
6.305032e+07
6.305031e+07
6.305030e+07
6.305029e+07
6.305028e+07
6.305027e+07
6.305026e+07
6.305025e+07
6.305024e+07
6.305023e+07
6.305022e+07
6.305020e+07
6.305019e+07
6.305018e+07
6.305017e+07
6.305016e+07
6.305015e+07
6.305014e+07
6.305013e+07
6.305012e+07
6.305010e+07
6.305009e+07
6.305008e+07
6.305007e+07
6.305006e+07
6.305005e+07
6.305003e+07
6.305002e+07
6.305001e+07
6.305000e+07
6.304998e+07
6.304997e+07
6.304996e+07
6.304995e+07
6.304993e+07
6.304992e+07
6.304991e+07
6.304990e+07
6.304988e+07
6.304987e+07
6.304986e+07
6.304984e+07
6.304983e+07
6.304982e+07
6.304980e+07
6.304979e+07
6.304978e+07
6.304976e+07
6.304975e+07
6.304974e+07
6.304972e+07
6.304971e+07
6.304969e+07
6.304968e+07
6.304967e+07
6.304965e+07
6.304964e+07
6.304962e+07
6.304961e+07
6.304959e+07
6.304958e+07
6.304956e+07
6.304955e+07
6.304953e+07
6.304952e+07
6.304950e+07
6.304949e+07
6.304947e+07
6.304945e+07
6.304944e+07
6.304942e+07
6.304941e+07
6.304939e+07
6.304937e+07
6.304936e+07
6.304934e+07
6.304933e+07
6.304931e+07
6.304929e+07
6.304928e+07
6.304926e+07
6.304924e+07
6.304922e+07
6.304921e+07
6.304919e+07
6.304917e+07
6.304915e+07
6.304914e+07
6.304912e+07
6.304910e+07
6.304908e+07
6.304907e+07
6.304905e+07
6.304903e+07
6.304901e+07
6.304899e+07
6.304897e+07
6.304895e+07
6.304893e+07
6.304892e+07
6.304890e+07
6.304888e+07
6.304886e+07
6.304884e+07
6.304882e+07
6.304880e+07
6.304878e+07
6.304876e+07
6.304874e+07
6.304872e+07
6.304870e+07
6.304868e+07
6.304866e+07
6.304863e+07
6.304861e+07
6.304859e+07
6.304857e+07
6.304855e+07
6.304853e+07
6.304851e+07
6.304848e+07
6.304846e+07
6.304844e+07
6.304842e+07
6.304839e+07
6.304837e+07
6.304835e+07
6.304833e+07
6.304830e+07
6.304828e+07
6.304826e+07
6.304823e+07
6.304821e+07
6.304818e+07
6.304816e+07
6.304814e+07
6.304811e+07
6.304809e+07
6.304806e+07
6.304804e+07
6.304801e+07
6.304799e+07
6.304796e+07
6.304793e+07
6.304791e+07
6.304788e+07
6.304786e+07
6.304783e+07
6.304780e+07
6.304777e+07
6.304775e+07
6.304772e+07
6.304769e+07
6.304766e+07
6.304764e+07
6.304761e+07
6.304758e+07
6.304755e+07
6.304752e+07
6.304749e+07
6.304746e+07
6.304743e+07
6.304740e+07
6.304737e+07
6.304734e+07
6.304731e+07
6.304728e+07
6.304725e+07
6.304722e+07
6.304719e+07
6.304715e+07
6.304712e+07
6.304709e+07
6.304706e+07
6.304702e+07
6.304699e+07
6.304696e+07
6.304692e+07
6.304689e+07
6.304685e+07
6.304682e+07
6.304678e+07
6.304675e+07
6.304671e+07
6.304667e+07
6.304664e+07
6.304660e+07
6.304656e+07
6.304652e+07
6.304648e+07
6.304644e+07
6.304640e+07
6.304637e+07
6.304632e+07
6.304628e+07
6.304624e+07
6.304620e+07
6.304616e+07
6.304612e+07
6.304607e+07
6.304603e+07
6.304599e+07
6.304594e+07
6.304590e+07
6.304585e+07
6.304580e+07
6.304576e+07
6.304571e+07
6.304566e+07
6.304561e+07
6.304556e+07
6.304551e+07
6.304546e+07
6.304541e+07
6.304536e+07
6.304530e+07
6.304525e+07
6.304520e+07
6.304514e+07
6.304508e+07
6.304503e+07
6.304497e+07
6.304491e+07
6.304485e+07
6.304479e+07
6.304473e+07
6.304467e+07
6.304460e+07
6.304454e+07
6.304447e+07
6.304441e+07
6.304434e+07
6.304427e+07
6.304420e+07
6.304413e+07
6.304406e+07
6.304399e+07
6.304391e+07
6.304384e+07
6.304376e+07
6.304368e+07
6.304360e+07
6.304352e+07
6.304343e+07
6.304335e+07
6.304326e+07
6.304317e+07
6.304308e+07
6.304299e+07
6.304290e+07
6.304281e+07
6.304271e+07
6.304261e+07
6.304251e+07
6.304241e+07
6.304230e+07
6.304219e+07
6.304208e+07
6.304197e+07
6.304186e+07
6.304174e+07
6.304162e+07
6.304150e+07
6.304138e+07
6.304125e+07
6.304112e+07
6.304099e+07
6.304085e+07
6.304071e+07
6.304057e+07
6.304043e+07
6.304028e+07
6.304013e+07
6.303997e+07
6.303981e+07
6.303965e+07
6.303948e+07
6.303931e+07
6.303914e+07
6.303896e+07
6.303877e+07
6.303859e+07
6.303839e+07
6.303820e+07
6.303799e+07
6.303779e+07
6.303758e+07
6.303736e+07
6.303713e+07
6.303691e+07
6.303667e+07
6.303643e+07
6.303618e+07
6.303593e+07
6.303567e+07
6.303541e+07
6.303513e+07
6.303485e+07
6.303456e+07
6.303427e+07
6.303397e+07
6.303365e+07
6.303333e+07
6.303301e+07
6.303267e+07
6.303232e+07
6.303197e+07
6.303160e+07
6.303123e+07
6.303084e+07
6.303045e+07
6.303004e+07
6.302962e+07
6.302919e+07
6.302875e+07
6.302830e+07
6.302783e+07
6.302735e+07
6.302686e+07
6.302635e+07
6.302583e+07
6.302530e+07
6.302474e+07
6.302418e+07
6.302360e+07
6.302300e+07
6.302238e+07
6.302175e+07
6.302109e+07
6.302042e+07
6.301973e+07
6.301902e+07
6.301829e+07
6.301754e+07
6.301677e+07
6.301597e+07
6.301515e+07
6.301431e+07
6.301345e+07
6.301255e+07
6.301163e+07
6.301069e+07
6.300972e+07
6.300871e+07
6.300768e+07
6.300662e+07
6.300553e+07
6.300440e+07
6.300324e+07
6.300205e+07
6.300082e+07
6.299956e+07
6.299826e+07
6.299692e+07
6.299553e+07
6.299411e+07
6.299265e+07
6.299114e+07
6.298959e+07
6.298799e+07
6.298634e+07
6.298464e+07
6.298290e+07
6.298109e+07
6.297924e+07
6.297733e+07
6.297536e+07
6.297333e+07
6.297125e+07
6.296910e+07
6.296688e+07
6.296460e+07
6.296224e+07
6.295982e+07
6.295732e+07
6.295475e+07
6.295210e+07
6.294937e+07
6.294655e+07
6.294366e+07
6.294067e+07
6.293759e+07
6.293442e+07
6.293115e+07
6.292778e+07
6.292431e+07
6.292073e+07
6.291704e+07
6.291324e+07
6.290933e+07
6.290529e+07
6.290114e+07
6.289685e+07
6.289243e+07
6.288788e+07
6.288319e+07
6.287836e+07
6.287337e+07
6.286824e+07
6.286294e+07
6.285748e+07
6.285186e+07
6.284606e+07
6.284009e+07
6.283393e+07
6.282758e+07
6.282103e+07
6.281429e+07
6.280733e+07
6.280016e+07
6.279278e+07
6.278516e+07
6.277731e+07
6.276921e+07
6.276087e+07
6.275226e+07
6.274340e+07
6.273425e+07
6.272483e+07
6.271511e+07
6.270509e+07
6.269477e+07
6.268412e+07
6.267314e+07
6.266182e+07
6.265015e+07
6.263812e+07
6.262572e+07
6.261293e+07
6.259975e+07
6.258615e+07
6.257213e+07
6.255768e+07
6.254278e+07
6.252741e+07
6.251157e+07
6.249523e+07
6.247838e+07
6.246101e+07
6.244310e+07
6.242463e+07
6.240558e+07
6.238594e+07
6.236568e+07
6.234479e+07
6.232325e+07
6.230104e+07
6.227813e+07
6.225451e+07
6.223014e+07
6.220501e+07
6.217910e+07
6.215237e+07
6.212480e+07
6.209637e+07
6.206705e+07
6.203681e+07
6.200561e+07
6.197343e+07
6.194024e+07
6.190601e+07
6.187070e+07
6.183427e+07
6.179670e+07
6.175794e+07
6.171795e+07
6.167670e+07
6.163415e+07
6.159025e+07
6.154495e+07
6.149823e+07
6.145001e+07
6.140027e+07
6.134895e+07
6.129600e+07
6.124135e+07
6.118497e+07
6.112679e+07
6.106675e+07
6.100479e+07
6.094085e+07
6.087486e+07
6.080676e+07
6.073647e+07
6.066392e+07
6.058903e+07
6.051174e+07
6.043194e+07
6.034957e+07
6.026454e+07
6.017675e+07
6.008611e+07
5.999253e+07
5.989590e+07
5.979612e+07
5.969308e+07
5.958667e+07
5.947678e+07
5.936327e+07
5.924603e+07
5.912493e+07
5.899982e+07
5.887057e+07
5.873703e+07
5.859905e+07
5.845647e+07
5.830912e+07
5.815684e+07
5.799943e+07
5.783672e+07
5.766851e+07
5.749459e+07
5.731476e+07
5.712879e+07
5.693645e+07
5.673749e+07
5.653168e+07
5.631873e+07
5.609838e+07
5.587033e+07
5.563428e+07
5.538991e+07
5.513689e+07
5.487485e+07
5.460344e+07
5.432227e+07
5.403092e+07
5.372896e+07
5.341593e+07
5.309136e+07
5.275473e+07
5.240550e+07
5.204310e+07
5.166693e+07
5.127633e+07
5.087062e+07
5.044906e+07
5.001087e+07
4.955521e+07
4.908118e+07
4.858781e+07
4.807405e+07
4.753879e+07
4.698079e+07
4.639874e+07
4.579118e+07
4.515654e+07
4.449309e+07
4.379892e+07
4.307191e+07
4.230972e+07
4.150972e+07
4.066895e+07
3.978409e+07
3.885131e+07
3.786624e+07
3.682381e+07
3.571805e+07
3.454189e+07
3.328684e+07
3.194250e+07
3.049589e+07
2.893045e+07
2.722444e+07
2.534828e+07
2.325984e+07
2.089555e+07
1.815169e+07
1.484072e+07
1.057638e+07
0.000000e+00
0.000000e+00
0.000000e+00
0.000000e+00
0.000000e+00
0.000000e+00
0.000000e+00
0.000000e+00
0.000000e+00
0.000000e+00
0.000000e+00
0.000000e+00
0.000000e+00
0.000000e+00
0.000000e+00
0.000000e+00
0.000000e+00
0.000000e+00
0.000000e+00
0.000000e+00
0.000000e+00
0.000000e+00
0.000000e+00
0.000000e+00
0.000000e+00
0.000000e+00
0.000000e+00
0.000000e+00
0.000000e+00
0.000000e+00
0.000000e+00
0.000000e+00
0.000000e+00
0.000000e+00
0.000000e+00
0.000000e+00
0.000000e+00
0.000000e+00
0.000000e+00
0.000000e+00
0.000000e+00
0.000000e+00
0.000000e+00
0.000000e+00
0.000000e+00
0.000000e+00
0.000000e+00
0.000000e+00
0.000000e+00
0.000000e+00
0.000000e+00
0.000000e+00
0.000000e+00
0.000000e+00
0.000000e+00
0.000000e+00
0.000000e+00
0.000000e+00
0.000000e+00
0.000000e+00
0.000000e+00
0.000000e+00
0.000000e+00
0.000000e+00
0.000000e+00
0.000000e+00
0.000000e+00
0.000000e+00
0.000000e+00
0.000000e+00
0.000000e+00
0.000000e+00
0.000000e+00
0.000000e+00
0.000000e+00
0.000000e+00
0.000000e+00
0.000000e+00
0.000000e+00
0.000000e+00
0.000000e+00
0.000000e+00
0.000000e+00
0.000000e+00
0.000000e+00
0.000000e+00
0.000000e+00
0.000000e+00
0.000000e+00
0.000000e+00
0.000000e+00
0.000000e+00
0.000000e+00
0.000000e+00
0.000000e+00
0.000000e+00
0.000000e+00
0.000000e+00
0.000000e+00
0.000000e+00
0.000000e+00
0.000000e+00
0.000000e+00
0.000000e+00
0.000000e+00
0.000000e+00
0.000000e+00
0.000000e+00
0.000000e+00
0.000000e+00
0.000000e+00
0.000000e+00
0.000000e+00
0.000000e+00
0.000000e+00
0.000000e+00
0.000000e+00
0.000000e+00
0.000000e+00
0.000000e+00
0.000000e+00
0.000000e+00
0.000000e+00
0.000000e+00
0.000000e+00
0.000000e+00
0.000000e+00
0.000000e+00
0.000000e+00
0.000000e+00
0.000000e+00
0.000000e+00
0.000000e+00
0.000000e+00
0.000000e+00
0.000000e+00
0.000000e+00
0.000000e+00
0.000000e+00
0.000000e+00
0.000000e+00
0.000000e+00
0.000000e+00
0.000000e+00
0.000000e+00
0.000000e+00
0.000000e+00
0.000000e+00
0.000000e+00
0.000000e+00
0.000000e+00
0.000000e+00
0.000000e+00
0.000000e+00
0.000000e+00
0.000000e+00
0.000000e+00
0.000000e+00
0.000000e+00
0.000000e+00
0.000000e+00
0.000000e+00
0.000000e+00
0.000000e+00
0.000000e+00
0.000000e+00
0.000000e+00
0.000000e+00
0.000000e+00
0.000000e+00
0.000000e+00
0.000000e+00
0.000000e+00
0.000000e+00
0.000000e+00
0.000000e+00
0.000000e+00
0.000000e+00
0.000000e+00
0.000000e+00
0.000000e+00
0.000000e+00
0.000000e+00
0.000000e+00
0.000000e+00
0.000000e+00
0.000000e+00
0.000000e+00
0.000000e+00
0.000000e+00
0.000000e+00
0.000000e+00
0.000000e+00
0.000000e+00
0.000000e+00
0.000000e+00
0.000000e+00
0.000000e+00
0.000000e+00
0.000000e+00
0.000000e+00
0.000000e+00
0.000000e+00
0.000000e+00
0.000000e+00
0.000000e+00
0.000000e+00
0.000000e+00
0.000000e+00
0.000000e+00
0.000000e+00
0.000000e+00
0.000000e+00
0.000000e+00
0.000000e+00
0.000000e+00
0.000000e+00
0.000000e+00
0.000000e+00
0.000000e+00
0.000000e+00
0.000000e+00
0.000000e+00
0.000000e+00
0.000000e+00
0.000000e+00
0.000000e+00
0.000000e+00
0.000000e+00
0.000000e+00
0.000000e+00
0.000000e+00
0.000000e+00
0.000000e+00
0.000000e+00
0.000000e+00
0.000000e+00
0.000000e+00
0.000000e+00
0.000000e+00
0.000000e+00
0.000000e+00
0.000000e+00
0.000000e+00
0.000000e+00
0.000000e+00
0.000000e+00
0.000000e+00
0.000000e+00
0.000000e+00
0.000000e+00
0.000000e+00
0.000000e+00
0.000000e+00
0.000000e+00
0.000000e+00
0.000000e+00
0.000000e+00
0.000000e+00
0.000000e+00
0.000000e+00
0.000000e+00
0.000000e+00
0.000000e+00
0.000000e+00
0.000000e+00
0.000000e+00
0.000000e+00
0.000000e+00
0.000000e+00
0.000000e+00
0.000000e+00
0.000000e+00
0.000000e+00
0.000000e+00
0.000000e+00
0.000000e+00
0.000000e+00
0.000000e+00
0.000000e+00
0.000000e+00
0.000000e+00
0.000000e+00
0.000000e+00
0.000000e+00
0.000000e+00
0.000000e+00
0.000000e+00
0.000000e+00
0.000000e+00
0.000000e+00
0.000000e+00
0.000000e+00
0.000000e+00
0.000000e+00
0.000000e+00
0.000000e+00
0.000000e+00
0.000000e+00
0.000000e+00
0.000000e+00
0.000000e+00
0.000000e+00
0.000000e+00
0.000000e+00
0.000000e+00
0.000000e+00
0.000000e+00
0.000000e+00
0.000000e+00
0.000000e+00
0.000000e+00
0.000000e+00
0.000000e+00
0.000000e+00
0.000000e+00
0.000000e+00
0.000000e+00
0.000000e+00
0.000000e+00
0.000000e+00
0.000000e+00
0.000000e+00
0.000000e+00
0.000000e+00
0.000000e+00
0.000000e+00
0.000000e+00
0.000000e+00
0.000000e+00
0.000000e+00
0.000000e+00
0.000000e+00
0.000000e+00
0.000000e+00
0.000000e+00
0.000000e+00
0.000000e+00
0.000000e+00
0.000000e+00
0.000000e+00
0.000000e+00
0.000000e+00
0.000000e+00
0.000000e+00
0.000000e+00
0.000000e+00
0.000000e+00
0.000000e+00
0.000000e+00
0.000000e+00
0.000000e+00
0.000000e+00
0.000000e+00
0.000000e+00
0.000000e+00
0.000000e+00
0.000000e+00
0.000000e+00
0.000000e+00
0.000000e+00
0.000000e+00
0.000000e+00
0.000000e+00
0.000000e+00
0.000000e+00
0.000000e+00
0.000000e+00
0.000000e+00
0.000000e+00
0.000000e+00
0.000000e+00
0.000000e+00
0.000000e+00
0.000000e+00
0.000000e+00
0.000000e+00
0.000000e+00
0.000000e+00
0.000000e+00
0.000000e+00
0.000000e+00
0.000000e+00
0.000000e+00
0.000000e+00
0.000000e+00
0.000000e+00
0.000000e+00
0.000000e+00
0.000000e+00
0.000000e+00
0.000000e+00
0.000000e+00
0.000000e+00
0.000000e+00
0.000000e+00
0.000000e+00
0.000000e+00
0.000000e+00
0.000000e+00
0.000000e+00
0.000000e+00
0.000000e+00
0.000000e+00
0.000000e+00
0.000000e+00
0.000000e+00
0.000000e+00
0.000000e+00
0.000000e+00
0.000000e+00
0.000000e+00
0.000000e+00
0.000000e+00
0.000000e+00
0.000000e+00
0.000000e+00
0.000000e+00
0.000000e+00
0.000000e+00
0.000000e+00
0.000000e+00
0.000000e+00
0.000000e+00
0.000000e+00
0.000000e+00
0.000000e+00
0.000000e+00
0.000000e+00
0.000000e+00
0.000000e+00
0.000000e+00
0.000000e+00
0.000000e+00
0.000000e+00
0.000000e+00
0.000000e+00
0.000000e+00
0.000000e+00
0.000000e+00
0.000000e+00
0.000000e+00
0.000000e+00
0.000000e+00
0.000000e+00
0.000000e+00
0.000000e+00
0.000000e+00
0.000000e+00
0.000000e+00
0.000000e+00
0.000000e+00
0.000000e+00
0.000000e+00
0.000000e+00
0.000000e+00
0.000000e+00
0.000000e+00
0.000000e+00
0.000000e+00
0.000000e+00
0.000000e+00
0.000000e+00
0.000000e+00
0.000000e+00
0.000000e+00
0.000000e+00
0.000000e+00
0.000000e+00
0.000000e+00
0.000000e+00
0.000000e+00
0.000000e+00
0.000000e+00
0.000000e+00
0.000000e+00
0.000000e+00
0.000000e+00
0.000000e+00
0.000000e+00
0.000000e+00
0.000000e+00
0.000000e+00
0.000000e+00
0.000000e+00
0.000000e+00
0.000000e+00
0.000000e+00
0.000000e+00
0.000000e+00
0.000000e+00
0.000000e+00
0.000000e+00
0.000000e+00
0.000000e+00
0.000000e+00
0.000000e+00
0.000000e+00
0.000000e+00
0.000000e+00
0.000000e+00
0.000000e+00
0.000000e+00
0.000000e+00
0.000000e+00
0.000000e+00
0.000000e+00
0.000000e+00
0.000000e+00
0.000000e+00
0.000000e+00
0.000000e+00
0.000000e+00
0.000000e+00
0.000000e+00
0.000000e+00
0.000000e+00
0.000000e+00
0.000000e+00
0.000000e+00
0.000000e+00
0.000000e+00
0.000000e+00
0.000000e+00
0.000000e+00
0.000000e+00
0.000000e+00
0.000000e+00
0.000000e+00
0.000000e+00
0.000000e+00
0.000000e+00
0.000000e+00
0.000000e+00
0.000000e+00
0.000000e+00
0.000000e+00
0.000000e+00
0.000000e+00
0.000000e+00
0.000000e+00
0.000000e+00
0.000000e+00
0.000000e+00
0.000000e+00
0.000000e+00
0.000000e+00
0.000000e+00
0.000000e+00
0.000000e+00
0.000000e+00
0.000000e+00
0.000000e+00
0.000000e+00
0.000000e+00
0.000000e+00
0.000000e+00
0.000000e+00
0.000000e+00
0.000000e+00
0.000000e+00
0.000000e+00
0.000000e+00
0.000000e+00
0.000000e+00
0.000000e+00
0.000000e+00
0.000000e+00
0.000000e+00
0.000000e+00
0.000000e+00
0.000000e+00
0.000000e+00
0.000000e+00
0.000000e+00
0.000000e+00
0.000000e+00
0.000000e+00
0.000000e+00
0.000000e+00
0.000000e+00
0.000000e+00
0.000000e+00
0.000000e+00
0.000000e+00
0.000000e+00
0.000000e+00
0.000000e+00
0.000000e+00
0.000000e+00
0.000000e+00
0.000000e+00
0.000000e+00
0.000000e+00
0.000000e+00
0.000000e+00
0.000000e+00
0.000000e+00
0.000000e+00
0.000000e+00
0.000000e+00
0.000000e+00
0.000000e+00
0.000000e+00
0.000000e+00
0.000000e+00
0.000000e+00
0.000000e+00
0.000000e+00
0.000000e+00
0.000000e+00
0.000000e+00
0.000000e+00
0.000000e+00
0.000000e+00
0.000000e+00
0.000000e+00
0.000000e+00
0.000000e+00
0.000000e+00
0.000000e+00
0.000000e+00
0.000000e+00
0.000000e+00
0.000000e+00
0.000000e+00
0.000000e+00
0.000000e+00
0.000000e+00
0.000000e+00
0.000000e+00
0.000000e+00
0.000000e+00
0.000000e+00
0.000000e+00
0.000000e+00
0.000000e+00
0.000000e+00
0.000000e+00
0.000000e+00
0.000000e+00
0.000000e+00
0.000000e+00
0.000000e+00
0.000000e+00
0.000000e+00
0.000000e+00
0.000000e+00
0.000000e+00
0.000000e+00
0.000000e+00
0.000000e+00
0.000000e+00
0.000000e+00
0.000000e+00
0.000000e+00
0.000000e+00
0.000000e+00
0.000000e+00
0.000000e+00
0.000000e+00
0.000000e+00
0.000000e+00
0.000000e+00
0.000000e+00
0.000000e+00
0.000000e+00
0.000000e+00
0.000000e+00
0.000000e+00
0.000000e+00
0.000000e+00
0.000000e+00
0.000000e+00
0.000000e+00
0.000000e+00
0.000000e+00
0.000000e+00
0.000000e+00
0.000000e+00
0.000000e+00
0.000000e+00
0.000000e+00
0.000000e+00
0.000000e+00
0.000000e+00
0.000000e+00
0.000000e+00
0.000000e+00
0.000000e+00
0.000000e+00
0.000000e+00
0.000000e+00
0.000000e+00
0.000000e+00
0.000000e+00
0.000000e+00
0.000000e+00
0.000000e+00
0.000000e+00
0.000000e+00
0.000000e+00
0.000000e+00
0.000000e+00
0.000000e+00
0.000000e+00
0.000000e+00
0.000000e+00
0.000000e+00
0.000000e+00
0.000000e+00
0.000000e+00
0.000000e+00
0.000000e+00
0.000000e+00
0.000000e+00
0.000000e+00
0.000000e+00
0.000000e+00
0.000000e+00
0.000000e+00
0.000000e+00
0.000000e+00
0.000000e+00
0.000000e+00
0.000000e+00
0.000000e+00
0.000000e+00
0.000000e+00
0.000000e+00
0.000000e+00
0.000000e+00
0.000000e+00
0.000000e+00
0.000000e+00
0.000000e+00
0.000000e+00
0.000000e+00
0.000000e+00
0.000000e+00
0.000000e+00
0.000000e+00
0.000000e+00
0.000000e+00
0.000000e+00
0.000000e+00
0.000000e+00
0.000000e+00
0.000000e+00
0.000000e+00
0.000000e+00
0.000000e+00
0.000000e+00
0.000000e+00
0.000000e+00
0.000000e+00
0.000000e+00
0.000000e+00
0.000000e+00
0.000000e+00
0.000000e+00
0.000000e+00
0.000000e+00
0.000000e+00
0.000000e+00
0.000000e+00
0.000000e+00
0.000000e+00
0.000000e+00
0.000000e+00
0.000000e+00
0.000000e+00
0.000000e+00
0.000000e+00
0.000000e+00
0.000000e+00
0.000000e+00
0.000000e+00
0.000000e+00
0.000000e+00
0.000000e+00
0.000000e+00
0.000000e+00
0.000000e+00
0.000000e+00
0.000000e+00
0.000000e+00
0.000000e+00
0.000000e+00
0.000000e+00
0.000000e+00
0.000000e+00
0.000000e+00
0.000000e+00
0.000000e+00
0.000000e+00
0.000000e+00
0.000000e+00
0.000000e+00
0.000000e+00
0.000000e+00
0.000000e+00
0.000000e+00
0.000000e+00
0.000000e+00
0.000000e+00
0.000000e+00
0.000000e+00
0.000000e+00
0.000000e+00
0.000000e+00
0.000000e+00
0.000000e+00
0.000000e+00
0.000000e+00
0.000000e+00
0.000000e+00
0.000000e+00
0.000000e+00
0.000000e+00
0.000000e+00
0.000000e+00
0.000000e+00
0.000000e+00
0.000000e+00
0.000000e+00
0.000000e+00
0.000000e+00
0.000000e+00
0.000000e+00
0.000000e+00
0.000000e+00
0.000000e+00
0.000000e+00
0.000000e+00
0.000000e+00
0.000000e+00
0.000000e+00
0.000000e+00
0.000000e+00
0.000000e+00
0.000000e+00
0.000000e+00
0.000000e+00
0.000000e+00
0.000000e+00
0.000000e+00
0.000000e+00
0.000000e+00
0.000000e+00
0.000000e+00
0.000000e+00
0.000000e+00
0.000000e+00
0.000000e+00
0.000000e+00
0.000000e+00
0.000000e+00
0.000000e+00
0.000000e+00
0.000000e+00
0.000000e+00
0.000000e+00
0.000000e+00
0.000000e+00
0.000000e+00
0.000000e+00
0.000000e+00
0.000000e+00
0.000000e+00
0.000000e+00
0.000000e+00
0.000000e+00
0.000000e+00
0.000000e+00
0.000000e+00
0.000000e+00
0.000000e+00
0.000000e+00
0.000000e+00
0.000000e+00
0.000000e+00
0.000000e+00
0.000000e+00
0.000000e+00
0.000000e+00
0.000000e+00
0.000000e+00
0.000000e+00
0.000000e+00
0.000000e+00
0.000000e+00
0.000000e+00
0.000000e+00
0.000000e+00
0.000000e+00
0.000000e+00
0.000000e+00
0.000000e+00
0.000000e+00
0.000000e+00
0.000000e+00
0.000000e+00
0.000000e+00
0.000000e+00
0.000000e+00
0.000000e+00
0.000000e+00
0.000000e+00
0.000000e+00
0.000000e+00
0.000000e+00
0.000000e+00
0.000000e+00
0.000000e+00
0.000000e+00
0.000000e+00
0.000000e+00
0.000000e+00
0.000000e+00
0.000000e+00
0.000000e+00
0.000000e+00
0.000000e+00
0.000000e+00
0.000000e+00
0.000000e+00
0.000000e+00
0.000000e+00
0.000000e+00
0.000000e+00
0.000000e+00
0.000000e+00
0.000000e+00
0.000000e+00
0.000000e+00
0.000000e+00
0.000000e+00
0.000000e+00
0.000000e+00
0.000000e+00
0.000000e+00
0.000000e+00
0.000000e+00
0.000000e+00
0.000000e+00
0.000000e+00
0.000000e+00
0.000000e+00
0.000000e+00
0.000000e+00
0.000000e+00
0.000000e+00
0.000000e+00
0.000000e+00
0.000000e+00
0.000000e+00
0.000000e+00
0.000000e+00
0.000000e+00
0.000000e+00
0.000000e+00
0.000000e+00
0.000000e+00
0.000000e+00
0.000000e+00
0.000000e+00
0.000000e+00
0.000000e+00
0.000000e+00
0.000000e+00
0.000000e+00
0.000000e+00
0.000000e+00
0.000000e+00
0.000000e+00
0.000000e+00
0.000000e+00
0.000000e+00
0.000000e+00
0.000000e+00
0.000000e+00
0.000000e+00
0.000000e+00
0.000000e+00
0.000000e+00
0.000000e+00
0.000000e+00
0.000000e+00
0.000000e+00
0.000000e+00
0.000000e+00
0.000000e+00
0.000000e+00
0.000000e+00
0.000000e+00
0.000000e+00
0.000000e+00
0.000000e+00
0.000000e+00
0.000000e+00
0.000000e+00
0.000000e+00
0.000000e+00
0.000000e+00
0.000000e+00
0.000000e+00
0.000000e+00
0.000000e+00
0.000000e+00
0.000000e+00
0.000000e+00
0.000000e+00
0.000000e+00
0.000000e+00
0.000000e+00
0.000000e+00
0.000000e+00
0.000000e+00
0.000000e+00
0.000000e+00
0.000000e+00
0.000000e+00
0.000000e+00
0.000000e+00
0.000000e+00
0.000000e+00
0.000000e+00
0.000000e+00
0.000000e+00
0.000000e+00
0.000000e+00
0.000000e+00
0.000000e+00
0.000000e+00
0.000000e+00
0.000000e+00
0.000000e+00
0.000000e+00
0.000000e+00
0.000000e+00
0.000000e+00
0.000000e+00
0.000000e+00
0.000000e+00
0.000000e+00
0.000000e+00
0.000000e+00
0.000000e+00
0.000000e+00
0.000000e+00
0.000000e+00
0.000000e+00
0.000000e+00
0.000000e+00
0.000000e+00
0.000000e+00
0.000000e+00
0.000000e+00
0.000000e+00
0.000000e+00
0.000000e+00
0.000000e+00
0.000000e+00
0.000000e+00
0.000000e+00
0.000000e+00
0.000000e+00
0.000000e+00
0.000000e+00
0.000000e+00
0.000000e+00
0.000000e+00
0.000000e+00
0.000000e+00
0.000000e+00
0.000000e+00
0.000000e+00
0.000000e+00
0.000000e+00
0.000000e+00
0.000000e+00
0.000000e+00
0.000000e+00
0.000000e+00
0.000000e+00
0.000000e+00
0.000000e+00
0.000000e+00
0.000000e+00
0.000000e+00
0.000000e+00
0.000000e+00
0.000000e+00
0.000000e+00
0.000000e+00
0.000000e+00
0.000000e+00
0.000000e+00
0.000000e+00
0.000000e+00
0.000000e+00
0.000000e+00
0.000000e+00
0.000000e+00
0.000000e+00
0.000000e+00
0.000000e+00
0.000000e+00
0.000000e+00
0.000000e+00
0.000000e+00
0.000000e+00
0.000000e+00
0.000000e+00
0.000000e+00
