8.909616e+06
8.715942e+06
8.524467e+06
8.335193e+06
8.148120e+06
7.963246e+06
7.780572e+06
7.600099e+06
7.421825e+06
7.245751e+06
7.071878e+06
6.900204e+06
6.730729e+06
6.563454e+06
6.398379e+06
6.235503e+06
6.074825e+06
5.916347e+06
5.760067e+06
5.605985e+06
5.454101e+06
5.304415e+06
5.156926e+06
5.011634e+06
4.868539e+06
4.727640e+06
4.588937e+06
4.452429e+06
4.318116e+06
4.185997e+06
4.056073e+06
3.928342e+06
3.802803e+06
3.679457e+06
3.558303e+06
3.439339e+06
3.322566e+06
3.207982e+06
3.095587e+06
2.985380e+06
2.877361e+06
2.771528e+06
2.667880e+06
2.566418e+06
2.467139e+06
2.370043e+06
2.275129e+06
2.182396e+06
2.091843e+06
2.003469e+06
1.917273e+06
1.833253e+06
1.751409e+06
1.671739e+06
1.594242e+06
1.518916e+06
1.445762e+06
1.374776e+06
1.305958e+06
1.239306e+06
1.174819e+06
1.112495e+06
1.052334e+06
9.943319e+05
9.384890e+05
8.848029e+05
8.332722e+05
7.838950e+05
7.366696e+05
6.915941e+05
6.486667e+05
6.078855e+05
5.692486e+05
5.327539e+05
4.983994e+05
4.661831e+05
4.361028e+05
4.081564e+05
3.823416e+05
3.586562e+05
3.370979e+05
3.176643e+05
3.003530e+05
2.851616e+05
2.720875e+05
2.611283e+05
2.522813e+05
2.455439e+05
2.409133e+05
2.383868e+05
2.379617e+05
2.396350e+05
2.434038e+05
2.492653e+05
2.572163e+05
2.672538e+05
2.793747e+05
2.935758e+05
3.098538e+05
3.282055e+05
3.486275e+05
