8.430140e+06
8.247469e+06
8.066866e+06
7.888331e+06
7.711864e+06
7.537465e+06
7.365134e+06
7.194870e+06
7.026675e+06
6.860547e+06
6.696488e+06
6.534495e+06
6.374571e+06
6.216714e+06
6.060924e+06
5.907201e+06
5.755546e+06
5.605957e+06
5.458435e+06
5.312979e+06
5.169589e+06
5.028265e+06
4.889006e+06
4.751813e+06
4.616684e+06
4.483620e+06
4.352620e+06
4.223683e+06
4.096810e+06
3.972000e+06
3.849252e+06
3.728566e+06
3.609941e+06
3.493377e+06
3.378873e+06
3.266429e+06
3.156044e+06
3.047717e+06
2.941447e+06
2.837235e+06
2.735079e+06
2.634978e+06
2.536932e+06
2.440940e+06
2.347001e+06
2.255114e+06
2.165278e+06
2.077493e+06
1.991757e+06
1.908069e+06
1.826429e+06
1.746835e+06
1.669286e+06
1.593782e+06
1.520320e+06
1.448900e+06
1.379520e+06
1.312180e+06
1.246878e+06
1.183612e+06
1.122382e+06
1.063185e+06
1.006022e+06
9.508888e+05
8.977854e+05
8.467101e+05
7.976611e+05
7.506369e+05
7.056358e+05
6.626562e+05
6.216963e+05
5.827543e+05
5.458284e+05
5.109167e+05
4.780174e+05
4.471285e+05
4.182481e+05
3.913740e+05
3.665043e+05
3.436369e+05
3.227695e+05
3.039000e+05
2.870261e+05
2.721456e+05
2.592560e+05
2.483551e+05
2.394404e+05
2.325094e+05
2.275596e+05
2.245884e+05
2.235933e+05
2.245714e+05
2.275202e+05
2.324368e+05
2.393185e+05
2.481623e+05
2.589653e+05
2.717246e+05
2.864372e+05
3.030999e+05
3.217096e+05
