1.75700712
1.75702112
1.75703512
1.75704912
1.75706312
1.75707812
1.75709412
1.75710912
1.75712612
1.75714212
1.75715912
1.75717612
1.75719412
1.75721212
1.75723012
1.75724912
1.75726912
1.75728912
1.75731012
1.75733112
1.75735312
1.75737512
1.75739812
1.75742112
1.75744612
1.75747012
1.75749612
1.75752212
1.75754912
1.75757712
1.75760612
1.75763612
1.75766612
1.75769712
1.75773012
1.75776312
1.75779712
1.75783212
1.75786912
1.75790612
1.75794512
1.75798412
1.75802512
1.75806712
1.75811112
1.75815512
1.75820112
1.75824812
1.75829612
1.75834512
1.75839512
1.75844612
1.75849812
1.75855012
1.75860312
1.75865612
1.75870912
1.75876112
1.75881212
1.75886112
1.75890712
1.75894912
1.75898612
1.75901612
1.75903812
1.75904912
1.75904812
1.75903012
1.75899312
1.75893412
1.75884812
1.75873212
1.75858212
1.75839412
1.75816712
1.75790012
1.75759212
1.75724712
1.75687012
1.75646812
1.75605012
1.75562812
1.75521312
1.75481412
1.75444212
1.75410312
1.75380112
1.75354012
1.75332012
1.75313912
1.75299412
1.75288312
1.75280212
1.75274612
1.75271312
1.75269812
1.75269912
1.75271212
1.75273512
1.75276712
1.75280512
