1.75710712
1.75712212
1.75713712
1.75715212
1.75716812
1.75718412
1.75720012
1.75721712
1.75723412
1.75725212
1.75727012
1.75728812
1.75730712
1.75732612
1.75734612
1.75736712
1.75738812
1.75740912
1.75743112
1.75745412
1.75747712
1.75750112
1.75752612
1.75755112
1.75757712
1.75760312
1.75763112
1.75765912
1.75768812
1.75771812
1.75774912
1.75778012
1.75781312
1.75784712
1.75788112
1.75791712
1.75795412
1.75799112
1.75803012
1.75807012
1.75811212
1.75815412
1.75819812
1.75824312
1.75829012
1.75833712
1.75838612
1.75843612
1.75848812
1.75854012
1.75859412
1.75864812
1.75870412
1.75876012
1.75881612
1.75887212
1.75892812
1.75898312
1.75903712
1.75908812
1.75913612
1.75917912
1.75921712
1.75924612
1.75926712
1.75927512
1.75926912
1.75924412
1.75919912
1.75912812
1.75902812
1.75889412
1.75872412
1.75851312
1.75825912
1.75796212
1.75762312
1.75724612
1.75683712
1.75640412
1.75595712
1.75551012
1.75507212
1.75465612
1.75426912
1.75392012
1.75361112
1.75334612
1.75312412
1.75294312
1.75280112
1.75269212
1.75261412
1.75256212
1.75253312
1.75252212
1.75252712
1.75254412
1.75257212
1.75260712
1.75264912
