6.202263e+07
6.202182e+07
6.202165e+07
6.202155e+07
6.202148e+07
6.202143e+07
6.202138e+07
6.202135e+07
6.202132e+07
6.202129e+07
6.202126e+07
6.202124e+07
6.202122e+07
6.202120e+07
6.202118e+07
6.202117e+07
6.202115e+07
6.202114e+07
6.202112e+07
6.202111e+07
6.202110e+07
6.202108e+07
6.202107e+07
6.202106e+07
6.202105e+07
6.202104e+07
6.202103e+07
6.202102e+07
6.202101e+07
6.202100e+07
6.202099e+07
6.202098e+07
6.202097e+07
6.202096e+07
6.202095e+07
6.202094e+07
6.202093e+07
6.202092e+07
6.202092e+07
6.202091e+07
6.202090e+07
6.202089e+07
6.202088e+07
6.202087e+07
6.202087e+07
6.202086e+07
6.202085e+07
6.202084e+07
6.202083e+07
6.202083e+07
6.202082e+07
6.202081e+07
6.202080e+07
6.202080e+07
6.202079e+07
6.202078e+07
6.202077e+07
6.202076e+07
6.202076e+07
6.202075e+07
6.202074e+07
6.202073e+07
6.202073e+07
6.202072e+07
6.202071e+07
6.202070e+07
6.202069e+07
6.202069e+07
6.202068e+07
6.202067e+07
6.202066e+07
6.202065e+07
6.202065e+07
6.202064e+07
6.202063e+07
6.202062e+07
6.202061e+07
6.202061e+07
6.202060e+07
6.202059e+07
6.202058e+07
6.202057e+07
6.202057e+07
6.202056e+07
6.202055e+07
6.202054e+07
6.202053e+07
6.202052e+07
6.202052e+07
6.202051e+07
6.202050e+07
6.202049e+07
6.202048e+07
6.202047e+07
6.202046e+07
6.202045e+07
6.202045e+07
6.202044e+07
6.202043e+07
6.202042e+07
6.202041e+07
6.202040e+07
6.202039e+07
6.202038e+07
6.202037e+07
6.202036e+07
6.202035e+07
6.202034e+07
6.202033e+07
6.202032e+07
6.202031e+07
6.202031e+07
6.202030e+07
6.202029e+07
6.202028e+07
6.202027e+07
6.202026e+07
6.202025e+07
6.202024e+07
6.202023e+07
6.202021e+07
6.202020e+07
6.202019e+07
6.202018e+07
6.202017e+07
6.202016e+07
6.202015e+07
6.202014e+07
6.202013e+07
6.202012e+07
6.202011e+07
6.202010e+07
6.202009e+07
6.202008e+07
6.202006e+07
6.202005e+07
6.202004e+07
6.202003e+07
6.202002e+07
6.202001e+07
6.201999e+07
6.201998e+07
6.201997e+07
6.201996e+07
6.201995e+07
6.201994e+07
6.201992e+07
6.201991e+07
6.201990e+07
6.201989e+07
6.201987e+07
6.201986e+07
6.201985e+07
6.201984e+07
6.201982e+07
6.201981e+07
6.201980e+07
6.201978e+07
6.201977e+07
6.201976e+07
6.201974e+07
6.201973e+07
6.201972e+07
6.201970e+07
6.201969e+07
6.201968e+07
6.201966e+07
6.201965e+07
6.201964e+07
6.201962e+07
6.201961e+07
6.201959e+07
6.201958e+07
6.201956e+07
6.201955e+07
6.201953e+07
6.201952e+07
6.201950e+07
6.201949e+07
6.201948e+07
6.201946e+07
6.201944e+07
6.201943e+07
6.201941e+07
6.201940e+07
6.201938e+07
6.201937e+07
6.201935e+07
6.201934e+07
6.201932e+07
6.201930e+07
6.201929e+07
6.201927e+07
6.201925e+07
6.201924e+07
6.201922e+07
6.201920e+07
6.201919e+07
6.201917e+07
6.201915e+07
6.201914e+07
6.201912e+07
6.201910e+07
6.201908e+07
6.201907e+07
6.201905e+07
6.201903e+07
6.201901e+07
6.201899e+07
6.201898e+07
6.201896e+07
6.201894e+07
6.201892e+07
6.201890e+07
6.201888e+07
6.201886e+07
6.201885e+07
6.201883e+07
6.201881e+07
6.201879e+07
6.201877e+07
6.201875e+07
6.201873e+07
6.201871e+07
6.201869e+07
6.201867e+07
6.201865e+07
6.201863e+07
6.201861e+07
6.201859e+07
6.201857e+07
6.201854e+07
6.201852e+07
6.201850e+07
6.201848e+07
6.201846e+07
6.201844e+07
6.201842e+07
6.201839e+07
6.201837e+07
6.201835e+07
6.201833e+07
6.201830e+07
6.201828e+07
6.201826e+07
6.201823e+07
6.201821e+07
6.201819e+07
6.201816e+07
6.201814e+07
6.201812e+07
6.201809e+07
6.201807e+07
6.201804e+07
6.201802e+07
6.201799e+07
6.201797e+07
6.201794e+07
6.201792e+07
6.201789e+07
6.201787e+07
6.201784e+07
6.201781e+07
6.201779e+07
6.201776e+07
6.201774e+07
6.201771e+07
6.201768e+07
6.201765e+07
6.201763e+07
6.201760e+07
6.201757e+07
6.201754e+07
6.201751e+07
6.201748e+07
6.201746e+07
6.201743e+07
6.201740e+07
6.201737e+07
6.201734e+07
6.201731e+07
6.201728e+07
6.201725e+07
6.201721e+07
6.201718e+07
6.201715e+07
6.201712e+07
6.201709e+07
6.201706e+07
6.201702e+07
6.201699e+07
6.201696e+07
6.201692e+07
6.201689e+07
6.201685e+07
6.201682e+07
6.201678e+07
6.201675e+07
6.201671e+07
6.201668e+07
6.201664e+07
6.201660e+07
6.201657e+07
6.201653e+07
6.201649e+07
6.201645e+07
6.201641e+07
6.201638e+07
6.201634e+07
6.201630e+07
6.201625e+07
6.201621e+07
6.201617e+07
6.201613e+07
6.201609e+07
6.201605e+07
6.201600e+07
6.201596e+07
6.201591e+07
6.201587e+07
6.201582e+07
6.201578e+07
6.201573e+07
6.201568e+07
6.201563e+07
6.201559e+07
6.201554e+07
6.201549e+07
6.201544e+07
6.201538e+07
6.201533e+07
6.201528e+07
6.201523e+07
6.201517e+07
6.201512e+07
6.201506e+07
6.201500e+07
6.201495e+07
6.201489e+07
6.201483e+07
6.201477e+07
6.201471e+07
6.201464e+07
6.201458e+07
6.201452e+07
6.201445e+07
6.201438e+07
6.201432e+07
6.201425e+07
6.201418e+07
6.201411e+07
6.201404e+07
6.201396e+07
6.201389e+07
6.201381e+07
6.201373e+07
6.201365e+07
6.201357e+07
6.201349e+07
6.201341e+07
6.201332e+07
6.201324e+07
6.201315e+07
6.201306e+07
6.201297e+07
6.201287e+07
6.201278e+07
6.201268e+07
6.201258e+07
6.201248e+07
6.201238e+07
6.201227e+07
6.201216e+07
6.201205e+07
6.201194e+07
6.201183e+07
6.201171e+07
6.201159e+07
6.201147e+07
6.201134e+07
6.201122e+07
6.201108e+07
6.201095e+07
6.201082e+07
6.201068e+07
6.201053e+07
6.201039e+07
6.201024e+07
6.201008e+07
6.200993e+07
6.200977e+07
6.200960e+07
6.200944e+07
6.200926e+07
6.200909e+07
6.200891e+07
6.200872e+07
6.200853e+07
6.200834e+07
6.200814e+07
6.200794e+07
6.200773e+07
6.200752e+07
6.200730e+07
6.200707e+07
6.200684e+07
6.200660e+07
6.200636e+07
6.200611e+07
6.200586e+07
6.200560e+07
6.200533e+07
6.200505e+07
6.200477e+07
6.200448e+07
6.200418e+07
6.200387e+07
6.200356e+07
6.200324e+07
6.200290e+07
6.200256e+07
6.200221e+07
6.200185e+07
6.200149e+07
6.200111e+07
6.200072e+07
6.200032e+07
6.199991e+07
6.199948e+07
6.199905e+07
6.199860e+07
6.199814e+07
6.199767e+07
6.199719e+07
6.199669e+07
6.199618e+07
6.199565e+07
6.199511e+07
6.199455e+07
6.199398e+07
6.199339e+07
6.199278e+07
6.199216e+07
6.199152e+07
6.199086e+07
6.199018e+07
6.198948e+07
6.198876e+07
6.198802e+07
6.198726e+07
6.198648e+07
6.198568e+07
6.198485e+07
6.198399e+07
6.198312e+07
6.198221e+07
6.198128e+07
6.198032e+07
6.197934e+07
6.197832e+07
6.197728e+07
6.197621e+07
6.197510e+07
6.197396e+07
6.197279e+07
6.197158e+07
6.197033e+07
6.196905e+07
6.196773e+07
6.196638e+07
6.196498e+07
6.196354e+07
6.196205e+07
6.196053e+07
6.195895e+07
6.195733e+07
6.195566e+07
6.195394e+07
6.195217e+07
6.195035e+07
6.194847e+07
6.194653e+07
6.194454e+07
6.194248e+07
6.194037e+07
6.193819e+07
6.193594e+07
6.193363e+07
6.193124e+07
6.192879e+07
6.192626e+07
6.192365e+07
6.192096e+07
6.191820e+07
6.191534e+07
6.191241e+07
6.190938e+07
6.190626e+07
6.190304e+07
6.189973e+07
6.189631e+07
6.189279e+07
6.188917e+07
6.188543e+07
6.188158e+07
6.187761e+07
6.187352e+07
6.186930e+07
6.186496e+07
6.186048e+07
6.185587e+07
6.185111e+07
6.184621e+07
6.184116e+07
6.183595e+07
6.183058e+07
6.182505e+07
6.181935e+07
6.181347e+07
6.180741e+07
6.180116e+07
6.179473e+07
6.178809e+07
6.178125e+07
6.177420e+07
6.176693e+07
6.175944e+07
6.175171e+07
6.174375e+07
6.173554e+07
6.172708e+07
6.171836e+07
6.170936e+07
6.170009e+07
6.169053e+07
6.168068e+07
6.167052e+07
6.166005e+07
6.164925e+07
6.163812e+07
6.162664e+07
6.161481e+07
6.160260e+07
6.159003e+07
6.157705e+07
6.156368e+07
6.154989e+07
6.153568e+07
6.152102e+07
6.150590e+07
6.149032e+07
6.147424e+07
6.145767e+07
6.144059e+07
6.142297e+07
6.140480e+07
6.138606e+07
6.136674e+07
6.134682e+07
6.132627e+07
6.130508e+07
6.128323e+07
6.126070e+07
6.123746e+07
6.121349e+07
6.118877e+07
6.116328e+07
6.113699e+07
6.110988e+07
6.108191e+07
6.105306e+07
6.102331e+07
6.099263e+07
6.096098e+07
6.092833e+07
6.089466e+07
6.085992e+07
6.082409e+07
6.078713e+07
6.074900e+07
6.070967e+07
6.066910e+07
6.062724e+07
6.058405e+07
6.053950e+07
6.049354e+07
6.044611e+07
6.039718e+07
6.034670e+07
6.029461e+07
6.024086e+07
6.018540e+07
6.012817e+07
6.006911e+07
6.000817e+07
5.994527e+07
5.988036e+07
5.981337e+07
5.974423e+07
5.967286e+07
5.959920e+07
5.952317e+07
5.944468e+07
5.936366e+07
5.928001e+07
5.919366e+07
5.910450e+07
5.901245e+07
5.891740e+07
5.881925e+07
5.871789e+07
5.861322e+07
5.850512e+07
5.839347e+07
5.827815e+07
5.815902e+07
5.803596e+07
5.790882e+07
5.777747e+07
5.764174e+07
5.750149e+07
5.735655e+07
5.720675e+07
5.705192e+07
5.689186e+07
5.672640e+07
5.655533e+07
5.637843e+07
5.619550e+07
5.600630e+07
5.581060e+07
5.560815e+07
5.539868e+07
5.518193e+07
5.495761e+07
5.472541e+07
5.448504e+07
5.423615e+07
5.397840e+07
5.371142e+07
5.343484e+07
5.314825e+07
5.285122e+07
5.254331e+07
5.222404e+07
5.189291e+07
5.154939e+07
5.119292e+07
5.082289e+07
5.043867e+07
5.003959e+07
4.962492e+07
4.919389e+07
4.874568e+07
4.827939e+07
4.779408e+07
4.728872e+07
4.676220e+07
4.621332e+07
4.564077e+07
4.504315e+07
4.441888e+07
4.376627e+07
4.308343e+07
4.236830e+07
4.161856e+07
4.083163e+07
4.000461e+07
3.913420e+07
3.821666e+07
3.724769e+07
3.622228e+07
3.513458e+07
3.397765e+07
3.274310e+07
3.142072e+07
2.999774e+07
2.845787e+07
2.677973e+07
2.493422e+07
2.287990e+07
2.055423e+07
1.785519e+07
1.459830e+07
1.040363e+07
0.000000e+00
0.000000e+00
0.000000e+00
0.000000e+00
0.000000e+00
0.000000e+00
0.000000e+00
0.000000e+00
0.000000e+00
0.000000e+00
0.000000e+00
0.000000e+00
0.000000e+00
0.000000e+00
0.000000e+00
0.000000e+00
0.000000e+00
0.000000e+00
0.000000e+00
0.000000e+00
0.000000e+00
0.000000e+00
0.000000e+00
0.000000e+00
0.000000e+00
0.000000e+00
0.000000e+00
0.000000e+00
0.000000e+00
0.000000e+00
0.000000e+00
0.000000e+00
0.000000e+00
0.000000e+00
0.000000e+00
0.000000e+00
0.000000e+00
0.000000e+00
0.000000e+00
0.000000e+00
0.000000e+00
0.000000e+00
0.000000e+00
0.000000e+00
0.000000e+00
0.000000e+00
0.000000e+00
0.000000e+00
0.000000e+00
0.000000e+00
0.000000e+00
0.000000e+00
0.000000e+00
0.000000e+00
0.000000e+00
0.000000e+00
0.000000e+00
0.000000e+00
0.000000e+00
0.000000e+00
0.000000e+00
0.000000e+00
0.000000e+00
0.000000e+00
0.000000e+00
0.000000e+00
0.000000e+00
0.000000e+00
0.000000e+00
0.000000e+00
0.000000e+00
0.000000e+00
0.000000e+00
0.000000e+00
0.000000e+00
0.000000e+00
0.000000e+00
0.000000e+00
0.000000e+00
0.000000e+00
0.000000e+00
0.000000e+00
0.000000e+00
0.000000e+00
0.000000e+00
0.000000e+00
0.000000e+00
0.000000e+00
0.000000e+00
0.000000e+00
0.000000e+00
0.000000e+00
0.000000e+00
0.000000e+00
0.000000e+00
0.000000e+00
0.000000e+00
0.000000e+00
0.000000e+00
0.000000e+00
0.000000e+00
0.000000e+00
0.000000e+00
0.000000e+00
0.000000e+00
0.000000e+00
0.000000e+00
0.000000e+00
0.000000e+00
0.000000e+00
0.000000e+00
0.000000e+00
0.000000e+00
0.000000e+00
0.000000e+00
0.000000e+00
0.000000e+00
0.000000e+00
0.000000e+00
0.000000e+00
0.000000e+00
0.000000e+00
0.000000e+00
0.000000e+00
0.000000e+00
0.000000e+00
0.000000e+00
0.000000e+00
0.000000e+00
0.000000e+00
0.000000e+00
0.000000e+00
0.000000e+00
0.000000e+00
0.000000e+00
0.000000e+00
0.000000e+00
0.000000e+00
0.000000e+00
0.000000e+00
0.000000e+00
0.000000e+00
0.000000e+00
0.000000e+00
0.000000e+00
0.000000e+00
0.000000e+00
0.000000e+00
0.000000e+00
0.000000e+00
0.000000e+00
0.000000e+00
0.000000e+00
0.000000e+00
0.000000e+00
0.000000e+00
0.000000e+00
0.000000e+00
0.000000e+00
0.000000e+00
0.000000e+00
0.000000e+00
0.000000e+00
0.000000e+00
0.000000e+00
0.000000e+00
0.000000e+00
0.000000e+00
0.000000e+00
0.000000e+00
0.000000e+00
0.000000e+00
0.000000e+00
0.000000e+00
0.000000e+00
0.000000e+00
0.000000e+00
0.000000e+00
0.000000e+00
0.000000e+00
0.000000e+00
0.000000e+00
0.000000e+00
0.000000e+00
0.000000e+00
0.000000e+00
0.000000e+00
0.000000e+00
0.000000e+00
0.000000e+00
0.000000e+00
0.000000e+00
0.000000e+00
0.000000e+00
0.000000e+00
0.000000e+00
0.000000e+00
0.000000e+00
0.000000e+00
0.000000e+00
0.000000e+00
0.000000e+00
0.000000e+00
0.000000e+00
0.000000e+00
0.000000e+00
0.000000e+00
0.000000e+00
0.000000e+00
0.000000e+00
0.000000e+00
0.000000e+00
0.000000e+00
0.000000e+00
0.000000e+00
0.000000e+00
0.000000e+00
0.000000e+00
0.000000e+00
0.000000e+00
0.000000e+00
0.000000e+00
0.000000e+00
0.000000e+00
0.000000e+00
0.000000e+00
0.000000e+00
0.000000e+00
0.000000e+00
0.000000e+00
0.000000e+00
0.000000e+00
0.000000e+00
0.000000e+00
0.000000e+00
0.000000e+00
0.000000e+00
0.000000e+00
0.000000e+00
0.000000e+00
0.000000e+00
0.000000e+00
0.000000e+00
0.000000e+00
0.000000e+00
0.000000e+00
0.000000e+00
0.000000e+00
0.000000e+00
0.000000e+00
0.000000e+00
0.000000e+00
0.000000e+00
0.000000e+00
0.000000e+00
0.000000e+00
0.000000e+00
0.000000e+00
0.000000e+00
0.000000e+00
0.000000e+00
0.000000e+00
0.000000e+00
0.000000e+00
0.000000e+00
0.000000e+00
0.000000e+00
0.000000e+00
0.000000e+00
0.000000e+00
0.000000e+00
0.000000e+00
0.000000e+00
0.000000e+00
0.000000e+00
0.000000e+00
0.000000e+00
0.000000e+00
0.000000e+00
0.000000e+00
0.000000e+00
0.000000e+00
0.000000e+00
0.000000e+00
0.000000e+00
0.000000e+00
0.000000e+00
0.000000e+00
0.000000e+00
0.000000e+00
0.000000e+00
0.000000e+00
0.000000e+00
0.000000e+00
0.000000e+00
0.000000e+00
0.000000e+00
0.000000e+00
0.000000e+00
0.000000e+00
0.000000e+00
0.000000e+00
0.000000e+00
0.000000e+00
0.000000e+00
0.000000e+00
0.000000e+00
0.000000e+00
0.000000e+00
0.000000e+00
0.000000e+00
0.000000e+00
0.000000e+00
0.000000e+00
0.000000e+00
0.000000e+00
0.000000e+00
0.000000e+00
0.000000e+00
0.000000e+00
0.000000e+00
0.000000e+00
0.000000e+00
0.000000e+00
0.000000e+00
0.000000e+00
0.000000e+00
0.000000e+00
0.000000e+00
0.000000e+00
0.000000e+00
0.000000e+00
0.000000e+00
0.000000e+00
0.000000e+00
0.000000e+00
0.000000e+00
0.000000e+00
0.000000e+00
0.000000e+00
0.000000e+00
0.000000e+00
0.000000e+00
0.000000e+00
0.000000e+00
0.000000e+00
0.000000e+00
0.000000e+00
0.000000e+00
0.000000e+00
0.000000e+00
0.000000e+00
0.000000e+00
0.000000e+00
0.000000e+00
0.000000e+00
0.000000e+00
0.000000e+00
0.000000e+00
0.000000e+00
0.000000e+00
0.000000e+00
0.000000e+00
0.000000e+00
0.000000e+00
0.000000e+00
0.000000e+00
0.000000e+00
0.000000e+00
0.000000e+00
0.000000e+00
0.000000e+00
0.000000e+00
0.000000e+00
0.000000e+00
0.000000e+00
0.000000e+00
0.000000e+00
0.000000e+00
0.000000e+00
0.000000e+00
0.000000e+00
0.000000e+00
0.000000e+00
0.000000e+00
0.000000e+00
0.000000e+00
0.000000e+00
0.000000e+00
0.000000e+00
0.000000e+00
0.000000e+00
0.000000e+00
0.000000e+00
0.000000e+00
0.000000e+00
0.000000e+00
0.000000e+00
0.000000e+00
0.000000e+00
0.000000e+00
0.000000e+00
0.000000e+00
0.000000e+00
0.000000e+00
0.000000e+00
0.000000e+00
0.000000e+00
0.000000e+00
0.000000e+00
0.000000e+00
0.000000e+00
0.000000e+00
0.000000e+00
0.000000e+00
0.000000e+00
0.000000e+00
0.000000e+00
0.000000e+00
0.000000e+00
0.000000e+00
0.000000e+00
0.000000e+00
0.000000e+00
0.000000e+00
0.000000e+00
0.000000e+00
0.000000e+00
0.000000e+00
0.000000e+00
0.000000e+00
0.000000e+00
0.000000e+00
0.000000e+00
0.000000e+00
0.000000e+00
0.000000e+00
0.000000e+00
0.000000e+00
0.000000e+00
0.000000e+00
0.000000e+00
0.000000e+00
0.000000e+00
0.000000e+00
0.000000e+00
0.000000e+00
0.000000e+00
0.000000e+00
0.000000e+00
0.000000e+00
0.000000e+00
0.000000e+00
0.000000e+00
0.000000e+00
0.000000e+00
0.000000e+00
0.000000e+00
0.000000e+00
0.000000e+00
0.000000e+00
0.000000e+00
0.000000e+00
0.000000e+00
0.000000e+00
0.000000e+00
0.000000e+00
0.000000e+00
0.000000e+00
0.000000e+00
0.000000e+00
0.000000e+00
0.000000e+00
0.000000e+00
0.000000e+00
0.000000e+00
0.000000e+00
0.000000e+00
0.000000e+00
0.000000e+00
0.000000e+00
0.000000e+00
0.000000e+00
0.000000e+00
0.000000e+00
0.000000e+00
0.000000e+00
0.000000e+00
0.000000e+00
0.000000e+00
0.000000e+00
0.000000e+00
0.000000e+00
0.000000e+00
0.000000e+00
0.000000e+00
0.000000e+00
0.000000e+00
0.000000e+00
0.000000e+00
0.000000e+00
0.000000e+00
0.000000e+00
0.000000e+00
0.000000e+00
0.000000e+00
0.000000e+00
0.000000e+00
0.000000e+00
0.000000e+00
0.000000e+00
0.000000e+00
0.000000e+00
0.000000e+00
0.000000e+00
0.000000e+00
0.000000e+00
0.000000e+00
0.000000e+00
0.000000e+00
0.000000e+00
0.000000e+00
0.000000e+00
0.000000e+00
0.000000e+00
0.000000e+00
0.000000e+00
0.000000e+00
0.000000e+00
0.000000e+00
0.000000e+00
0.000000e+00
0.000000e+00
0.000000e+00
0.000000e+00
0.000000e+00
0.000000e+00
0.000000e+00
0.000000e+00
0.000000e+00
0.000000e+00
0.000000e+00
0.000000e+00
0.000000e+00
0.000000e+00
0.000000e+00
0.000000e+00
0.000000e+00
0.000000e+00
0.000000e+00
0.000000e+00
0.000000e+00
0.000000e+00
0.000000e+00
0.000000e+00
0.000000e+00
0.000000e+00
0.000000e+00
0.000000e+00
0.000000e+00
0.000000e+00
0.000000e+00
0.000000e+00
0.000000e+00
0.000000e+00
0.000000e+00
0.000000e+00
0.000000e+00
0.000000e+00
0.000000e+00
0.000000e+00
0.000000e+00
0.000000e+00
0.000000e+00
0.000000e+00
0.000000e+00
0.000000e+00
0.000000e+00
0.000000e+00
0.000000e+00
0.000000e+00
0.000000e+00
0.000000e+00
0.000000e+00
0.000000e+00
0.000000e+00
0.000000e+00
0.000000e+00
0.000000e+00
0.000000e+00
0.000000e+00
0.000000e+00
0.000000e+00
0.000000e+00
0.000000e+00
0.000000e+00
0.000000e+00
0.000000e+00
0.000000e+00
0.000000e+00
0.000000e+00
0.000000e+00
0.000000e+00
0.000000e+00
0.000000e+00
0.000000e+00
0.000000e+00
0.000000e+00
0.000000e+00
0.000000e+00
0.000000e+00
0.000000e+00
0.000000e+00
0.000000e+00
0.000000e+00
0.000000e+00
0.000000e+00
0.000000e+00
0.000000e+00
0.000000e+00
0.000000e+00
0.000000e+00
0.000000e+00
0.000000e+00
0.000000e+00
0.000000e+00
0.000000e+00
0.000000e+00
0.000000e+00
0.000000e+00
0.000000e+00
0.000000e+00
0.000000e+00
0.000000e+00
0.000000e+00
0.000000e+00
0.000000e+00
0.000000e+00
0.000000e+00
0.000000e+00
0.000000e+00
0.000000e+00
0.000000e+00
0.000000e+00
0.000000e+00
0.000000e+00
0.000000e+00
0.000000e+00
0.000000e+00
0.000000e+00
0.000000e+00
0.000000e+00
0.000000e+00
0.000000e+00
0.000000e+00
0.000000e+00
0.000000e+00
0.000000e+00
0.000000e+00
0.000000e+00
0.000000e+00
0.000000e+00
0.000000e+00
0.000000e+00
0.000000e+00
0.000000e+00
0.000000e+00
0.000000e+00
0.000000e+00
0.000000e+00
0.000000e+00
0.000000e+00
0.000000e+00
0.000000e+00
0.000000e+00
0.000000e+00
0.000000e+00
0.000000e+00
0.000000e+00
0.000000e+00
0.000000e+00
0.000000e+00
0.000000e+00
0.000000e+00
0.000000e+00
0.000000e+00
0.000000e+00
0.000000e+00
0.000000e+00
0.000000e+00
0.000000e+00
0.000000e+00
0.000000e+00
0.000000e+00
0.000000e+00
0.000000e+00
0.000000e+00
0.000000e+00
0.000000e+00
0.000000e+00
0.000000e+00
0.000000e+00
0.000000e+00
0.000000e+00
0.000000e+00
0.000000e+00
0.000000e+00
0.000000e+00
0.000000e+00
0.000000e+00
0.000000e+00
0.000000e+00
0.000000e+00
0.000000e+00
0.000000e+00
0.000000e+00
0.000000e+00
0.000000e+00
0.000000e+00
0.000000e+00
0.000000e+00
0.000000e+00
0.000000e+00
0.000000e+00
0.000000e+00
0.000000e+00
0.000000e+00
0.000000e+00
0.000000e+00
0.000000e+00
0.000000e+00
0.000000e+00
0.000000e+00
0.000000e+00
0.000000e+00
0.000000e+00
0.000000e+00
0.000000e+00
0.000000e+00
0.000000e+00
0.000000e+00
0.000000e+00
0.000000e+00
0.000000e+00
0.000000e+00
0.000000e+00
0.000000e+00
0.000000e+00
0.000000e+00
0.000000e+00
0.000000e+00
0.000000e+00
0.000000e+00
0.000000e+00
0.000000e+00
0.000000e+00
0.000000e+00
0.000000e+00
0.000000e+00
0.000000e+00
0.000000e+00
0.000000e+00
0.000000e+00
0.000000e+00
0.000000e+00
0.000000e+00
0.000000e+00
0.000000e+00
0.000000e+00
0.000000e+00
0.000000e+00
0.000000e+00
0.000000e+00
0.000000e+00
0.000000e+00
0.000000e+00
0.000000e+00
0.000000e+00
0.000000e+00
0.000000e+00
0.000000e+00
0.000000e+00
0.000000e+00
0.000000e+00
0.000000e+00
0.000000e+00
0.000000e+00
0.000000e+00
0.000000e+00
0.000000e+00
0.000000e+00
0.000000e+00
0.000000e+00
0.000000e+00
0.000000e+00
0.000000e+00
0.000000e+00
0.000000e+00
0.000000e+00
0.000000e+00
0.000000e+00
0.000000e+00
0.000000e+00
0.000000e+00
0.000000e+00
0.000000e+00
0.000000e+00
0.000000e+00
0.000000e+00
0.000000e+00
0.000000e+00
0.000000e+00
0.000000e+00
0.000000e+00
0.000000e+00
0.000000e+00
0.000000e+00
0.000000e+00
0.000000e+00
0.000000e+00
0.000000e+00
0.000000e+00
0.000000e+00
0.000000e+00
0.000000e+00
0.000000e+00
0.000000e+00
0.000000e+00
0.000000e+00
0.000000e+00
0.000000e+00
0.000000e+00
0.000000e+00
0.000000e+00
0.000000e+00
0.000000e+00
0.000000e+00
0.000000e+00
0.000000e+00
0.000000e+00
0.000000e+00
0.000000e+00
0.000000e+00
0.000000e+00
0.000000e+00
0.000000e+00
0.000000e+00
0.000000e+00
0.000000e+00
0.000000e+00
0.000000e+00
0.000000e+00
0.000000e+00
0.000000e+00
0.000000e+00
0.000000e+00
0.000000e+00
0.000000e+00
0.000000e+00
0.000000e+00
0.000000e+00
0.000000e+00
0.000000e+00
0.000000e+00
0.000000e+00
0.000000e+00
0.000000e+00
0.000000e+00
0.000000e+00
0.000000e+00
0.000000e+00
0.000000e+00
0.000000e+00
0.000000e+00
0.000000e+00
0.000000e+00
0.000000e+00
0.000000e+00
0.000000e+00
0.000000e+00
0.000000e+00
0.000000e+00
0.000000e+00
0.000000e+00
0.000000e+00
0.000000e+00
0.000000e+00
0.000000e+00
0.000000e+00
0.000000e+00
0.000000e+00
0.000000e+00
0.000000e+00
0.000000e+00
0.000000e+00
0.000000e+00
0.000000e+00
0.000000e+00
0.000000e+00
0.000000e+00
0.000000e+00
0.000000e+00
0.000000e+00
0.000000e+00
0.000000e+00
0.000000e+00
0.000000e+00
0.000000e+00
0.000000e+00
0.000000e+00
0.000000e+00
0.000000e+00
0.000000e+00
0.000000e+00
0.000000e+00
0.000000e+00
0.000000e+00
0.000000e+00
0.000000e+00
0.000000e+00
0.000000e+00
0.000000e+00
0.000000e+00
0.000000e+00
0.000000e+00
0.000000e+00
0.000000e+00
0.000000e+00
0.000000e+00
0.000000e+00
0.000000e+00
0.000000e+00
0.000000e+00
0.000000e+00
0.000000e+00
0.000000e+00
0.000000e+00
0.000000e+00
0.000000e+00
0.000000e+00
0.000000e+00
0.000000e+00
0.000000e+00
0.000000e+00
0.000000e+00
0.000000e+00
0.000000e+00
0.000000e+00
0.000000e+00
0.000000e+00
0.000000e+00
0.000000e+00
0.000000e+00
0.000000e+00
0.000000e+00
0.000000e+00
0.000000e+00
0.000000e+00
0.000000e+00
0.000000e+00
0.000000e+00
0.000000e+00
0.000000e+00
0.000000e+00
0.000000e+00
0.000000e+00
0.000000e+00
0.000000e+00
0.000000e+00
0.000000e+00
0.000000e+00
0.000000e+00
0.000000e+00
0.000000e+00
0.000000e+00
0.000000e+00
0.000000e+00
0.000000e+00
0.000000e+00
0.000000e+00
0.000000e+00
0.000000e+00
0.000000e+00
0.000000e+00
0.000000e+00
0.000000e+00
0.000000e+00
0.000000e+00
0.000000e+00
0.000000e+00
0.000000e+00
0.000000e+00
0.000000e+00
0.000000e+00
0.000000e+00
0.000000e+00
0.000000e+00
0.000000e+00
0.000000e+00
0.000000e+00
0.000000e+00
0.000000e+00
0.000000e+00
0.000000e+00
0.000000e+00
0.000000e+00
0.000000e+00
0.000000e+00
0.000000e+00
0.000000e+00
0.000000e+00
0.000000e+00
0.000000e+00
0.000000e+00
0.000000e+00
0.000000e+00
0.000000e+00
0.000000e+00
0.000000e+00
0.000000e+00
0.000000e+00
0.000000e+00
0.000000e+00
0.000000e+00
0.000000e+00
0.000000e+00
0.000000e+00
0.000000e+00
0.000000e+00
0.000000e+00
0.000000e+00
0.000000e+00
0.000000e+00
0.000000e+00
0.000000e+00
0.000000e+00
0.000000e+00
0.000000e+00
0.000000e+00
0.000000e+00
0.000000e+00
0.000000e+00
0.000000e+00
0.000000e+00
0.000000e+00
0.000000e+00
0.000000e+00
0.000000e+00
0.000000e+00
0.000000e+00
0.000000e+00
0.000000e+00
0.000000e+00
0.000000e+00
0.000000e+00
0.000000e+00
0.000000e+00
0.000000e+00
0.000000e+00
0.000000e+00
0.000000e+00
0.000000e+00
0.000000e+00
0.000000e+00
0.000000e+00
0.000000e+00
0.000000e+00
0.000000e+00
0.000000e+00
0.000000e+00
0.000000e+00
0.000000e+00
0.000000e+00
0.000000e+00
0.000000e+00
0.000000e+00
0.000000e+00
0.000000e+00
0.000000e+00
0.000000e+00
0.000000e+00
0.000000e+00
0.000000e+00
0.000000e+00
0.000000e+00
0.000000e+00
0.000000e+00
0.000000e+00
0.000000e+00
0.000000e+00
0.000000e+00
0.000000e+00
0.000000e+00
0.000000e+00
0.000000e+00
0.000000e+00
0.000000e+00
0.000000e+00
0.000000e+00
0.000000e+00
0.000000e+00
0.000000e+00
0.000000e+00
0.000000e+00
0.000000e+00
0.000000e+00
0.000000e+00
0.000000e+00
0.000000e+00
0.000000e+00
0.000000e+00
0.000000e+00
0.000000e+00
0.000000e+00
0.000000e+00
0.000000e+00
