6.230451e+07
6.230370e+07
6.230352e+07
6.230343e+07
6.230336e+07
6.230330e+07
6.230326e+07
6.230322e+07
6.230319e+07
6.230316e+07
6.230314e+07
6.230312e+07
6.230310e+07
6.230308e+07
6.230306e+07
6.230304e+07
6.230303e+07
6.230301e+07
6.230300e+07
6.230298e+07
6.230297e+07
6.230296e+07
6.230295e+07
6.230293e+07
6.230292e+07
6.230291e+07
6.230290e+07
6.230289e+07
6.230288e+07
6.230287e+07
6.230286e+07
6.230285e+07
6.230284e+07
6.230283e+07
6.230282e+07
6.230282e+07
6.230281e+07
6.230280e+07
6.230279e+07
6.230278e+07
6.230277e+07
6.230276e+07
6.230276e+07
6.230275e+07
6.230274e+07
6.230273e+07
6.230272e+07
6.230272e+07
6.230271e+07
6.230270e+07
6.230269e+07
6.230268e+07
6.230268e+07
6.230267e+07
6.230266e+07
6.230265e+07
6.230265e+07
6.230264e+07
6.230263e+07
6.230262e+07
6.230262e+07
6.230261e+07
6.230260e+07
6.230259e+07
6.230258e+07
6.230258e+07
6.230257e+07
6.230256e+07
6.230255e+07
6.230255e+07
6.230254e+07
6.230253e+07
6.230252e+07
6.230251e+07
6.230251e+07
6.230250e+07
6.230249e+07
6.230248e+07
6.230247e+07
6.230247e+07
6.230246e+07
6.230245e+07
6.230244e+07
6.230243e+07
6.230242e+07
6.230242e+07
6.230241e+07
6.230240e+07
6.230239e+07
6.230238e+07
6.230237e+07
6.230236e+07
6.230236e+07
6.230235e+07
6.230234e+07
6.230233e+07
6.230232e+07
6.230231e+07
6.230230e+07
6.230229e+07
6.230228e+07
6.230228e+07
6.230227e+07
6.230226e+07
6.230225e+07
6.230224e+07
6.230223e+07
6.230222e+07
6.230221e+07
6.230220e+07
6.230219e+07
6.230218e+07
6.230217e+07
6.230216e+07
6.230215e+07
6.230214e+07
6.230213e+07
6.230212e+07
6.230211e+07
6.230210e+07
6.230209e+07
6.230208e+07
6.230207e+07
6.230206e+07
6.230205e+07
6.230204e+07
6.230203e+07
6.230202e+07
6.230201e+07
6.230200e+07
6.230199e+07
6.230198e+07
6.230196e+07
6.230195e+07
6.230194e+07
6.230193e+07
6.230192e+07
6.230191e+07
6.230190e+07
6.230189e+07
6.230187e+07
6.230186e+07
6.230185e+07
6.230184e+07
6.230183e+07
6.230181e+07
6.230180e+07
6.230179e+07
6.230178e+07
6.230177e+07
6.230175e+07
6.230174e+07
6.230173e+07
6.230172e+07
6.230170e+07
6.230169e+07
6.230168e+07
6.230166e+07
6.230165e+07
6.230164e+07
6.230163e+07
6.230161e+07
6.230160e+07
6.230159e+07
6.230157e+07
6.230156e+07
6.230154e+07
6.230153e+07
6.230152e+07
6.230150e+07
6.230149e+07
6.230147e+07
6.230146e+07
6.230145e+07
6.230143e+07
6.230142e+07
6.230140e+07
6.230139e+07
6.230137e+07
6.230136e+07
6.230134e+07
6.230133e+07
6.230131e+07
6.230130e+07
6.230128e+07
6.230127e+07
6.230125e+07
6.230124e+07
6.230122e+07
6.230120e+07
6.230119e+07
6.230117e+07
6.230116e+07
6.230114e+07
6.230112e+07
6.230111e+07
6.230109e+07
6.230107e+07
6.230106e+07
6.230104e+07
6.230102e+07
6.230100e+07
6.230099e+07
6.230097e+07
6.230095e+07
6.230094e+07
6.230092e+07
6.230090e+07
6.230088e+07
6.230086e+07
6.230085e+07
6.230083e+07
6.230081e+07
6.230079e+07
6.230077e+07
6.230075e+07
6.230073e+07
6.230072e+07
6.230070e+07
6.230068e+07
6.230066e+07
6.230064e+07
6.230062e+07
6.230060e+07
6.230058e+07
6.230056e+07
6.230054e+07
6.230052e+07
6.230050e+07
6.230048e+07
6.230046e+07
6.230044e+07
6.230041e+07
6.230039e+07
6.230037e+07
6.230035e+07
6.230033e+07
6.230031e+07
6.230029e+07
6.230026e+07
6.230024e+07
6.230022e+07
6.230020e+07
6.230017e+07
6.230015e+07
6.230013e+07
6.230011e+07
6.230008e+07
6.230006e+07
6.230004e+07
6.230001e+07
6.229999e+07
6.229996e+07
6.229994e+07
6.229991e+07
6.229989e+07
6.229987e+07
6.229984e+07
6.229982e+07
6.229979e+07
6.229976e+07
6.229974e+07
6.229971e+07
6.229969e+07
6.229966e+07
6.229963e+07
6.229961e+07
6.229958e+07
6.229955e+07
6.229953e+07
6.229950e+07
6.229947e+07
6.229944e+07
6.229941e+07
6.229939e+07
6.229936e+07
6.229933e+07
6.229930e+07
6.229927e+07
6.229924e+07
6.229921e+07
6.229918e+07
6.229915e+07
6.229912e+07
6.229909e+07
6.229906e+07
6.229903e+07
6.229899e+07
6.229896e+07
6.229893e+07
6.229890e+07
6.229886e+07
6.229883e+07
6.229880e+07
6.229876e+07
6.229873e+07
6.229870e+07
6.229866e+07
6.229863e+07
6.229859e+07
6.229855e+07
6.229852e+07
6.229848e+07
6.229844e+07
6.229841e+07
6.229837e+07
6.229833e+07
6.229829e+07
6.229825e+07
6.229821e+07
6.229817e+07
6.229813e+07
6.229809e+07
6.229805e+07
6.229801e+07
6.229797e+07
6.229793e+07
6.229788e+07
6.229784e+07
6.229780e+07
6.229775e+07
6.229771e+07
6.229766e+07
6.229761e+07
6.229757e+07
6.229752e+07
6.229747e+07
6.229742e+07
6.229737e+07
6.229732e+07
6.229727e+07
6.229722e+07
6.229717e+07
6.229711e+07
6.229706e+07
6.229701e+07
6.229695e+07
6.229689e+07
6.229684e+07
6.229678e+07
6.229672e+07
6.229666e+07
6.229660e+07
6.229654e+07
6.229648e+07
6.229641e+07
6.229635e+07
6.229628e+07
6.229622e+07
6.229615e+07
6.229608e+07
6.229601e+07
6.229594e+07
6.229586e+07
6.229579e+07
6.229572e+07
6.229564e+07
6.229556e+07
6.229548e+07
6.229540e+07
6.229532e+07
6.229524e+07
6.229515e+07
6.229506e+07
6.229497e+07
6.229488e+07
6.229479e+07
6.229470e+07
6.229460e+07
6.229450e+07
6.229440e+07
6.229430e+07
6.229420e+07
6.229409e+07
6.229399e+07
6.229387e+07
6.229376e+07
6.229365e+07
6.229353e+07
6.229341e+07
6.229329e+07
6.229316e+07
6.229303e+07
6.229290e+07
6.229277e+07
6.229263e+07
6.229249e+07
6.229235e+07
6.229220e+07
6.229205e+07
6.229190e+07
6.229174e+07
6.229158e+07
6.229141e+07
6.229124e+07
6.229107e+07
6.229090e+07
6.229071e+07
6.229053e+07
6.229034e+07
6.229014e+07
6.228994e+07
6.228974e+07
6.228953e+07
6.228931e+07
6.228909e+07
6.228887e+07
6.228864e+07
6.228840e+07
6.228816e+07
6.228791e+07
6.228765e+07
6.228739e+07
6.228712e+07
6.228684e+07
6.228655e+07
6.228626e+07
6.228596e+07
6.228566e+07
6.228534e+07
6.228501e+07
6.228468e+07
6.228434e+07
6.228399e+07
6.228363e+07
6.228326e+07
6.228288e+07
6.228248e+07
6.228208e+07
6.228167e+07
6.228125e+07
6.228081e+07
6.228036e+07
6.227990e+07
6.227943e+07
6.227894e+07
6.227844e+07
6.227792e+07
6.227739e+07
6.227685e+07
6.227629e+07
6.227571e+07
6.227512e+07
6.227451e+07
6.227389e+07
6.227324e+07
6.227258e+07
6.227190e+07
6.227119e+07
6.227047e+07
6.226973e+07
6.226897e+07
6.226818e+07
6.226737e+07
6.226654e+07
6.226568e+07
6.226480e+07
6.226389e+07
6.226296e+07
6.226199e+07
6.226100e+07
6.225998e+07
6.225893e+07
6.225785e+07
6.225674e+07
6.225560e+07
6.225442e+07
6.225320e+07
6.225195e+07
6.225067e+07
6.224934e+07
6.224798e+07
6.224657e+07
6.224512e+07
6.224363e+07
6.224210e+07
6.224051e+07
6.223889e+07
6.223721e+07
6.223548e+07
6.223370e+07
6.223187e+07
6.222998e+07
6.222803e+07
6.222603e+07
6.222396e+07
6.222184e+07
6.221965e+07
6.221739e+07
6.221506e+07
6.221267e+07
6.221020e+07
6.220766e+07
6.220504e+07
6.220234e+07
6.219955e+07
6.219669e+07
6.219373e+07
6.219069e+07
6.218755e+07
6.218432e+07
6.218099e+07
6.217756e+07
6.217402e+07
6.217038e+07
6.216662e+07
6.216275e+07
6.215876e+07
6.215465e+07
6.215041e+07
6.214605e+07
6.214155e+07
6.213691e+07
6.213213e+07
6.212720e+07
6.212212e+07
6.211689e+07
6.211149e+07
6.210593e+07
6.210020e+07
6.209429e+07
6.208820e+07
6.208192e+07
6.207545e+07
6.206878e+07
6.206190e+07
6.205482e+07
6.204751e+07
6.203998e+07
6.203221e+07
6.202421e+07
6.201596e+07
6.200745e+07
6.199868e+07
6.198964e+07
6.198033e+07
6.197072e+07
6.196081e+07
6.195060e+07
6.194007e+07
6.192922e+07
6.191803e+07
6.190649e+07
6.189459e+07
6.188233e+07
6.186968e+07
6.185665e+07
6.184320e+07
6.182934e+07
6.181505e+07
6.180031e+07
6.178512e+07
6.176945e+07
6.175330e+07
6.173664e+07
6.171946e+07
6.170175e+07
6.168348e+07
6.166465e+07
6.164523e+07
6.162520e+07
6.160454e+07
6.158324e+07
6.156128e+07
6.153862e+07
6.151526e+07
6.149117e+07
6.146632e+07
6.144069e+07
6.141426e+07
6.138701e+07
6.135889e+07
6.132989e+07
6.129999e+07
6.126914e+07
6.123732e+07
6.120450e+07
6.117065e+07
6.113573e+07
6.109971e+07
6.106255e+07
6.102422e+07
6.098468e+07
6.094389e+07
6.090181e+07
6.085840e+07
6.081361e+07
6.076740e+07
6.071973e+07
6.067054e+07
6.061979e+07
6.056742e+07
6.051339e+07
6.045763e+07
6.040010e+07
6.034073e+07
6.027946e+07
6.021623e+07
6.015097e+07
6.008363e+07
6.001412e+07
5.994237e+07
5.986832e+07
5.979188e+07
5.971298e+07
5.963153e+07
5.954744e+07
5.946063e+07
5.937100e+07
5.927846e+07
5.918290e+07
5.908424e+07
5.898234e+07
5.887712e+07
5.876845e+07
5.865621e+07
5.854028e+07
5.842052e+07
5.829681e+07
5.816900e+07
5.803695e+07
5.790051e+07
5.775952e+07
5.761382e+07
5.746324e+07
5.730759e+07
5.714670e+07
5.698037e+07
5.680840e+07
5.663058e+07
5.644669e+07
5.625651e+07
5.605979e+07
5.585628e+07
5.564572e+07
5.542785e+07
5.520236e+07
5.496897e+07
5.472735e+07
5.447717e+07
5.421809e+07
5.394975e+07
5.367174e+07
5.338368e+07
5.308514e+07
5.277566e+07
5.245476e+07
5.212195e+07
5.177668e+07
5.141840e+07
5.104651e+07
5.066036e+07
5.025927e+07
4.984253e+07
4.940934e+07
4.895890e+07
4.849030e+07
4.800259e+07
4.749474e+07
4.696563e+07
4.641407e+07
4.583873e+07
4.523820e+07
4.461091e+07
4.395516e+07
4.326905e+07
4.255051e+07
4.179721e+07
4.100656e+07
4.017565e+07
3.930117e+07
3.837937e+07
3.740592e+07
3.637580e+07
3.528314e+07
3.412096e+07
3.288085e+07
3.155256e+07
3.012326e+07
2.857662e+07
2.689115e+07
2.503764e+07
2.297450e+07
2.063895e+07
1.792853e+07
1.465805e+07
1.044604e+07
0.000000e+00
0.000000e+00
0.000000e+00
0.000000e+00
0.000000e+00
0.000000e+00
0.000000e+00
0.000000e+00
0.000000e+00
0.000000e+00
0.000000e+00
0.000000e+00
0.000000e+00
0.000000e+00
0.000000e+00
0.000000e+00
0.000000e+00
0.000000e+00
0.000000e+00
0.000000e+00
0.000000e+00
0.000000e+00
0.000000e+00
0.000000e+00
0.000000e+00
0.000000e+00
0.000000e+00
0.000000e+00
0.000000e+00
0.000000e+00
0.000000e+00
0.000000e+00
0.000000e+00
0.000000e+00
0.000000e+00
0.000000e+00
0.000000e+00
0.000000e+00
0.000000e+00
0.000000e+00
0.000000e+00
0.000000e+00
0.000000e+00
0.000000e+00
0.000000e+00
0.000000e+00
0.000000e+00
0.000000e+00
0.000000e+00
0.000000e+00
0.000000e+00
0.000000e+00
0.000000e+00
0.000000e+00
0.000000e+00
0.000000e+00
0.000000e+00
0.000000e+00
0.000000e+00
0.000000e+00
0.000000e+00
0.000000e+00
0.000000e+00
0.000000e+00
0.000000e+00
0.000000e+00
0.000000e+00
0.000000e+00
0.000000e+00
0.000000e+00
0.000000e+00
0.000000e+00
0.000000e+00
0.000000e+00
0.000000e+00
0.000000e+00
0.000000e+00
0.000000e+00
0.000000e+00
0.000000e+00
0.000000e+00
0.000000e+00
0.000000e+00
0.000000e+00
0.000000e+00
0.000000e+00
0.000000e+00
0.000000e+00
0.000000e+00
0.000000e+00
0.000000e+00
0.000000e+00
0.000000e+00
0.000000e+00
0.000000e+00
0.000000e+00
0.000000e+00
0.000000e+00
0.000000e+00
0.000000e+00
0.000000e+00
0.000000e+00
0.000000e+00
0.000000e+00
0.000000e+00
0.000000e+00
0.000000e+00
0.000000e+00
0.000000e+00
0.000000e+00
0.000000e+00
0.000000e+00
0.000000e+00
0.000000e+00
0.000000e+00
0.000000e+00
0.000000e+00
0.000000e+00
0.000000e+00
0.000000e+00
0.000000e+00
0.000000e+00
0.000000e+00
0.000000e+00
0.000000e+00
0.000000e+00
0.000000e+00
0.000000e+00
0.000000e+00
0.000000e+00
0.000000e+00
0.000000e+00
0.000000e+00
0.000000e+00
0.000000e+00
0.000000e+00
0.000000e+00
0.000000e+00
0.000000e+00
0.000000e+00
0.000000e+00
0.000000e+00
0.000000e+00
0.000000e+00
0.000000e+00
0.000000e+00
0.000000e+00
0.000000e+00
0.000000e+00
0.000000e+00
0.000000e+00
0.000000e+00
0.000000e+00
0.000000e+00
0.000000e+00
0.000000e+00
0.000000e+00
0.000000e+00
0.000000e+00
0.000000e+00
0.000000e+00
0.000000e+00
0.000000e+00
0.000000e+00
0.000000e+00
0.000000e+00
0.000000e+00
0.000000e+00
0.000000e+00
0.000000e+00
0.000000e+00
0.000000e+00
0.000000e+00
0.000000e+00
0.000000e+00
0.000000e+00
0.000000e+00
0.000000e+00
0.000000e+00
0.000000e+00
0.000000e+00
0.000000e+00
0.000000e+00
0.000000e+00
0.000000e+00
0.000000e+00
0.000000e+00
0.000000e+00
0.000000e+00
0.000000e+00
0.000000e+00
0.000000e+00
0.000000e+00
0.000000e+00
0.000000e+00
0.000000e+00
0.000000e+00
0.000000e+00
0.000000e+00
0.000000e+00
0.000000e+00
0.000000e+00
0.000000e+00
0.000000e+00
0.000000e+00
0.000000e+00
0.000000e+00
0.000000e+00
0.000000e+00
0.000000e+00
0.000000e+00
0.000000e+00
0.000000e+00
0.000000e+00
0.000000e+00
0.000000e+00
0.000000e+00
0.000000e+00
0.000000e+00
0.000000e+00
0.000000e+00
0.000000e+00
0.000000e+00
0.000000e+00
0.000000e+00
0.000000e+00
0.000000e+00
0.000000e+00
0.000000e+00
0.000000e+00
0.000000e+00
0.000000e+00
0.000000e+00
0.000000e+00
0.000000e+00
0.000000e+00
0.000000e+00
0.000000e+00
0.000000e+00
0.000000e+00
0.000000e+00
0.000000e+00
0.000000e+00
0.000000e+00
0.000000e+00
0.000000e+00
0.000000e+00
0.000000e+00
0.000000e+00
0.000000e+00
0.000000e+00
0.000000e+00
0.000000e+00
0.000000e+00
0.000000e+00
0.000000e+00
0.000000e+00
0.000000e+00
0.000000e+00
0.000000e+00
0.000000e+00
0.000000e+00
0.000000e+00
0.000000e+00
0.000000e+00
0.000000e+00
0.000000e+00
0.000000e+00
0.000000e+00
0.000000e+00
0.000000e+00
0.000000e+00
0.000000e+00
0.000000e+00
0.000000e+00
0.000000e+00
0.000000e+00
0.000000e+00
0.000000e+00
0.000000e+00
0.000000e+00
0.000000e+00
0.000000e+00
0.000000e+00
0.000000e+00
0.000000e+00
0.000000e+00
0.000000e+00
0.000000e+00
0.000000e+00
0.000000e+00
0.000000e+00
0.000000e+00
0.000000e+00
0.000000e+00
0.000000e+00
0.000000e+00
0.000000e+00
0.000000e+00
0.000000e+00
0.000000e+00
0.000000e+00
0.000000e+00
0.000000e+00
0.000000e+00
0.000000e+00
0.000000e+00
0.000000e+00
0.000000e+00
0.000000e+00
0.000000e+00
0.000000e+00
0.000000e+00
0.000000e+00
0.000000e+00
0.000000e+00
0.000000e+00
0.000000e+00
0.000000e+00
0.000000e+00
0.000000e+00
0.000000e+00
0.000000e+00
0.000000e+00
0.000000e+00
0.000000e+00
0.000000e+00
0.000000e+00
0.000000e+00
0.000000e+00
0.000000e+00
0.000000e+00
0.000000e+00
0.000000e+00
0.000000e+00
0.000000e+00
0.000000e+00
0.000000e+00
0.000000e+00
0.000000e+00
0.000000e+00
0.000000e+00
0.000000e+00
0.000000e+00
0.000000e+00
0.000000e+00
0.000000e+00
0.000000e+00
0.000000e+00
0.000000e+00
0.000000e+00
0.000000e+00
0.000000e+00
0.000000e+00
0.000000e+00
0.000000e+00
0.000000e+00
0.000000e+00
0.000000e+00
0.000000e+00
0.000000e+00
0.000000e+00
0.000000e+00
0.000000e+00
0.000000e+00
0.000000e+00
0.000000e+00
0.000000e+00
0.000000e+00
0.000000e+00
0.000000e+00
0.000000e+00
0.000000e+00
0.000000e+00
0.000000e+00
0.000000e+00
0.000000e+00
0.000000e+00
0.000000e+00
0.000000e+00
0.000000e+00
0.000000e+00
0.000000e+00
0.000000e+00
0.000000e+00
0.000000e+00
0.000000e+00
0.000000e+00
0.000000e+00
0.000000e+00
0.000000e+00
0.000000e+00
0.000000e+00
0.000000e+00
0.000000e+00
0.000000e+00
0.000000e+00
0.000000e+00
0.000000e+00
0.000000e+00
0.000000e+00
0.000000e+00
0.000000e+00
0.000000e+00
0.000000e+00
0.000000e+00
0.000000e+00
0.000000e+00
0.000000e+00
0.000000e+00
0.000000e+00
0.000000e+00
0.000000e+00
0.000000e+00
0.000000e+00
0.000000e+00
0.000000e+00
0.000000e+00
0.000000e+00
0.000000e+00
0.000000e+00
0.000000e+00
0.000000e+00
0.000000e+00
0.000000e+00
0.000000e+00
0.000000e+00
0.000000e+00
0.000000e+00
0.000000e+00
0.000000e+00
0.000000e+00
0.000000e+00
0.000000e+00
0.000000e+00
0.000000e+00
0.000000e+00
0.000000e+00
0.000000e+00
0.000000e+00
0.000000e+00
0.000000e+00
0.000000e+00
0.000000e+00
0.000000e+00
0.000000e+00
0.000000e+00
0.000000e+00
0.000000e+00
0.000000e+00
0.000000e+00
0.000000e+00
0.000000e+00
0.000000e+00
0.000000e+00
0.000000e+00
0.000000e+00
0.000000e+00
0.000000e+00
0.000000e+00
0.000000e+00
0.000000e+00
0.000000e+00
0.000000e+00
0.000000e+00
0.000000e+00
0.000000e+00
0.000000e+00
0.000000e+00
0.000000e+00
0.000000e+00
0.000000e+00
0.000000e+00
0.000000e+00
0.000000e+00
0.000000e+00
0.000000e+00
0.000000e+00
0.000000e+00
0.000000e+00
0.000000e+00
0.000000e+00
0.000000e+00
0.000000e+00
0.000000e+00
0.000000e+00
0.000000e+00
0.000000e+00
0.000000e+00
0.000000e+00
0.000000e+00
0.000000e+00
0.000000e+00
0.000000e+00
0.000000e+00
0.000000e+00
0.000000e+00
0.000000e+00
0.000000e+00
0.000000e+00
0.000000e+00
0.000000e+00
0.000000e+00
0.000000e+00
0.000000e+00
0.000000e+00
0.000000e+00
0.000000e+00
0.000000e+00
0.000000e+00
0.000000e+00
0.000000e+00
0.000000e+00
0.000000e+00
0.000000e+00
0.000000e+00
0.000000e+00
0.000000e+00
0.000000e+00
0.000000e+00
0.000000e+00
0.000000e+00
0.000000e+00
0.000000e+00
0.000000e+00
0.000000e+00
0.000000e+00
0.000000e+00
0.000000e+00
0.000000e+00
0.000000e+00
0.000000e+00
0.000000e+00
0.000000e+00
0.000000e+00
0.000000e+00
0.000000e+00
0.000000e+00
0.000000e+00
0.000000e+00
0.000000e+00
0.000000e+00
0.000000e+00
0.000000e+00
0.000000e+00
0.000000e+00
0.000000e+00
0.000000e+00
0.000000e+00
0.000000e+00
0.000000e+00
0.000000e+00
0.000000e+00
0.000000e+00
0.000000e+00
0.000000e+00
0.000000e+00
0.000000e+00
0.000000e+00
0.000000e+00
0.000000e+00
0.000000e+00
0.000000e+00
0.000000e+00
0.000000e+00
0.000000e+00
0.000000e+00
0.000000e+00
0.000000e+00
0.000000e+00
0.000000e+00
0.000000e+00
0.000000e+00
0.000000e+00
0.000000e+00
0.000000e+00
0.000000e+00
0.000000e+00
0.000000e+00
0.000000e+00
0.000000e+00
0.000000e+00
0.000000e+00
0.000000e+00
0.000000e+00
0.000000e+00
0.000000e+00
0.000000e+00
0.000000e+00
0.000000e+00
0.000000e+00
0.000000e+00
0.000000e+00
0.000000e+00
0.000000e+00
0.000000e+00
0.000000e+00
0.000000e+00
0.000000e+00
0.000000e+00
0.000000e+00
0.000000e+00
0.000000e+00
0.000000e+00
0.000000e+00
0.000000e+00
0.000000e+00
0.000000e+00
0.000000e+00
0.000000e+00
0.000000e+00
0.000000e+00
0.000000e+00
0.000000e+00
0.000000e+00
0.000000e+00
0.000000e+00
0.000000e+00
0.000000e+00
0.000000e+00
0.000000e+00
0.000000e+00
0.000000e+00
0.000000e+00
0.000000e+00
0.000000e+00
0.000000e+00
0.000000e+00
0.000000e+00
0.000000e+00
0.000000e+00
0.000000e+00
0.000000e+00
0.000000e+00
0.000000e+00
0.000000e+00
0.000000e+00
0.000000e+00
0.000000e+00
0.000000e+00
0.000000e+00
0.000000e+00
0.000000e+00
0.000000e+00
0.000000e+00
0.000000e+00
0.000000e+00
0.000000e+00
0.000000e+00
0.000000e+00
0.000000e+00
0.000000e+00
0.000000e+00
0.000000e+00
0.000000e+00
0.000000e+00
0.000000e+00
0.000000e+00
0.000000e+00
0.000000e+00
0.000000e+00
0.000000e+00
0.000000e+00
0.000000e+00
0.000000e+00
0.000000e+00
0.000000e+00
0.000000e+00
0.000000e+00
0.000000e+00
0.000000e+00
0.000000e+00
0.000000e+00
0.000000e+00
0.000000e+00
0.000000e+00
0.000000e+00
0.000000e+00
0.000000e+00
0.000000e+00
0.000000e+00
0.000000e+00
0.000000e+00
0.000000e+00
0.000000e+00
0.000000e+00
0.000000e+00
0.000000e+00
0.000000e+00
0.000000e+00
0.000000e+00
0.000000e+00
0.000000e+00
0.000000e+00
0.000000e+00
0.000000e+00
0.000000e+00
0.000000e+00
0.000000e+00
0.000000e+00
0.000000e+00
0.000000e+00
0.000000e+00
0.000000e+00
0.000000e+00
0.000000e+00
0.000000e+00
0.000000e+00
0.000000e+00
0.000000e+00
0.000000e+00
0.000000e+00
0.000000e+00
0.000000e+00
0.000000e+00
0.000000e+00
0.000000e+00
0.000000e+00
0.000000e+00
0.000000e+00
0.000000e+00
0.000000e+00
0.000000e+00
0.000000e+00
0.000000e+00
0.000000e+00
0.000000e+00
0.000000e+00
0.000000e+00
0.000000e+00
0.000000e+00
0.000000e+00
0.000000e+00
0.000000e+00
0.000000e+00
0.000000e+00
0.000000e+00
0.000000e+00
0.000000e+00
0.000000e+00
0.000000e+00
0.000000e+00
0.000000e+00
0.000000e+00
0.000000e+00
0.000000e+00
0.000000e+00
0.000000e+00
0.000000e+00
0.000000e+00
0.000000e+00
0.000000e+00
0.000000e+00
0.000000e+00
0.000000e+00
0.000000e+00
0.000000e+00
0.000000e+00
0.000000e+00
0.000000e+00
0.000000e+00
0.000000e+00
0.000000e+00
0.000000e+00
0.000000e+00
0.000000e+00
0.000000e+00
0.000000e+00
0.000000e+00
0.000000e+00
0.000000e+00
0.000000e+00
0.000000e+00
0.000000e+00
0.000000e+00
0.000000e+00
0.000000e+00
0.000000e+00
0.000000e+00
0.000000e+00
0.000000e+00
0.000000e+00
0.000000e+00
0.000000e+00
0.000000e+00
0.000000e+00
0.000000e+00
0.000000e+00
0.000000e+00
0.000000e+00
0.000000e+00
0.000000e+00
0.000000e+00
0.000000e+00
0.000000e+00
0.000000e+00
0.000000e+00
0.000000e+00
0.000000e+00
0.000000e+00
0.000000e+00
0.000000e+00
0.000000e+00
0.000000e+00
0.000000e+00
0.000000e+00
0.000000e+00
0.000000e+00
0.000000e+00
0.000000e+00
0.000000e+00
0.000000e+00
0.000000e+00
0.000000e+00
0.000000e+00
0.000000e+00
0.000000e+00
0.000000e+00
0.000000e+00
0.000000e+00
0.000000e+00
0.000000e+00
0.000000e+00
0.000000e+00
0.000000e+00
0.000000e+00
0.000000e+00
0.000000e+00
0.000000e+00
0.000000e+00
0.000000e+00
0.000000e+00
0.000000e+00
0.000000e+00
0.000000e+00
0.000000e+00
0.000000e+00
0.000000e+00
0.000000e+00
0.000000e+00
0.000000e+00
0.000000e+00
0.000000e+00
0.000000e+00
0.000000e+00
0.000000e+00
0.000000e+00
0.000000e+00
0.000000e+00
0.000000e+00
0.000000e+00
0.000000e+00
0.000000e+00
0.000000e+00
0.000000e+00
0.000000e+00
0.000000e+00
0.000000e+00
0.000000e+00
0.000000e+00
0.000000e+00
0.000000e+00
0.000000e+00
0.000000e+00
0.000000e+00
0.000000e+00
0.000000e+00
0.000000e+00
0.000000e+00
0.000000e+00
0.000000e+00
0.000000e+00
0.000000e+00
0.000000e+00
0.000000e+00
0.000000e+00
0.000000e+00
0.000000e+00
0.000000e+00
0.000000e+00
0.000000e+00
0.000000e+00
0.000000e+00
0.000000e+00
0.000000e+00
0.000000e+00
0.000000e+00
0.000000e+00
0.000000e+00
0.000000e+00
0.000000e+00
0.000000e+00
0.000000e+00
0.000000e+00
0.000000e+00
0.000000e+00
0.000000e+00
0.000000e+00
0.000000e+00
0.000000e+00
0.000000e+00
0.000000e+00
0.000000e+00
0.000000e+00
0.000000e+00
0.000000e+00
0.000000e+00
0.000000e+00
0.000000e+00
0.000000e+00
0.000000e+00
0.000000e+00
0.000000e+00
0.000000e+00
0.000000e+00
0.000000e+00
0.000000e+00
0.000000e+00
0.000000e+00
0.000000e+00
0.000000e+00
0.000000e+00
0.000000e+00
0.000000e+00
0.000000e+00
0.000000e+00
0.000000e+00
0.000000e+00
0.000000e+00
0.000000e+00
0.000000e+00
0.000000e+00
0.000000e+00
0.000000e+00
0.000000e+00
0.000000e+00
0.000000e+00
0.000000e+00
0.000000e+00
0.000000e+00
0.000000e+00
0.000000e+00
0.000000e+00
0.000000e+00
0.000000e+00
0.000000e+00
0.000000e+00
0.000000e+00
0.000000e+00
0.000000e+00
0.000000e+00
0.000000e+00
0.000000e+00
0.000000e+00
0.000000e+00
0.000000e+00
0.000000e+00
0.000000e+00
0.000000e+00
0.000000e+00
0.000000e+00
0.000000e+00
0.000000e+00
0.000000e+00
0.000000e+00
0.000000e+00
0.000000e+00
0.000000e+00
0.000000e+00
0.000000e+00
0.000000e+00
0.000000e+00
0.000000e+00
0.000000e+00
0.000000e+00
0.000000e+00
0.000000e+00
0.000000e+00
0.000000e+00
0.000000e+00
0.000000e+00
0.000000e+00
0.000000e+00
0.000000e+00
0.000000e+00
0.000000e+00
0.000000e+00
0.000000e+00
0.000000e+00
0.000000e+00
0.000000e+00
0.000000e+00
0.000000e+00
0.000000e+00
0.000000e+00
0.000000e+00
0.000000e+00
0.000000e+00
0.000000e+00
0.000000e+00
0.000000e+00
0.000000e+00
0.000000e+00
0.000000e+00
0.000000e+00
0.000000e+00
0.000000e+00
0.000000e+00
0.000000e+00
0.000000e+00
0.000000e+00
0.000000e+00
0.000000e+00
0.000000e+00
0.000000e+00
0.000000e+00
0.000000e+00
0.000000e+00
0.000000e+00
0.000000e+00
0.000000e+00
0.000000e+00
0.000000e+00
0.000000e+00
0.000000e+00
0.000000e+00
0.000000e+00
0.000000e+00
0.000000e+00
0.000000e+00
0.000000e+00
0.000000e+00
0.000000e+00
0.000000e+00
0.000000e+00
0.000000e+00
0.000000e+00
0.000000e+00
0.000000e+00
0.000000e+00
0.000000e+00
0.000000e+00
0.000000e+00
0.000000e+00
0.000000e+00
0.000000e+00
0.000000e+00
0.000000e+00
0.000000e+00
0.000000e+00
0.000000e+00
0.000000e+00
0.000000e+00
0.000000e+00
0.000000e+00
0.000000e+00
0.000000e+00
0.000000e+00
0.000000e+00
0.000000e+00
0.000000e+00
0.000000e+00
0.000000e+00
0.000000e+00
0.000000e+00
0.000000e+00
0.000000e+00
0.000000e+00
0.000000e+00
0.000000e+00
0.000000e+00
0.000000e+00
0.000000e+00
0.000000e+00
0.000000e+00
0.000000e+00
0.000000e+00
0.000000e+00
0.000000e+00
0.000000e+00
0.000000e+00
0.000000e+00
0.000000e+00
0.000000e+00
0.000000e+00
0.000000e+00
0.000000e+00
0.000000e+00
0.000000e+00
0.000000e+00
0.000000e+00
0.000000e+00
0.000000e+00
0.000000e+00
0.000000e+00
0.000000e+00
0.000000e+00
0.000000e+00
0.000000e+00
0.000000e+00
0.000000e+00
0.000000e+00
0.000000e+00
0.000000e+00
0.000000e+00
0.000000e+00
0.000000e+00
0.000000e+00
0.000000e+00
0.000000e+00
0.000000e+00
0.000000e+00
0.000000e+00
0.000000e+00
