6.884286e+06
6.718674e+06
6.555162e+06
6.393750e+06
6.234437e+06
6.077225e+06
5.922112e+06
5.769099e+06
5.618184e+06
5.469369e+06
5.322653e+06
5.178036e+06
5.035517e+06
4.895096e+06
4.756773e+06
4.620547e+06
4.486419e+06
4.354387e+06
4.224452e+06
4.096613e+06
3.970869e+06
3.847221e+06
3.725668e+06
3.606208e+06
3.488842e+06
3.373570e+06
3.260390e+06
3.149301e+06
3.040304e+06
2.933398e+06
2.828581e+06
2.725854e+06
2.625215e+06
2.526664e+06
2.430199e+06
2.335821e+06
2.243528e+06
2.153319e+06
2.065193e+06
1.979150e+06
1.895187e+06
1.813306e+06
1.733503e+06
1.655779e+06
1.580132e+06
1.506560e+06
1.435063e+06
1.365640e+06
1.298289e+06
1.233008e+06
1.169798e+06
1.108655e+06
1.049579e+06
9.925682e+05
9.376213e+05
8.847367e+05
8.339127e+05
7.851478e+05
7.384403e+05
6.937885e+05
6.511908e+05
6.106453e+05
5.721501e+05
5.357036e+05
5.013037e+05
4.689485e+05
4.386360e+05
4.103642e+05
3.841310e+05
3.599344e+05
3.377720e+05
3.176418e+05
2.995414e+05
2.834686e+05
2.694209e+05
2.573961e+05
2.473916e+05
2.394049e+05
2.334335e+05
2.294748e+05
2.275261e+05
2.275848e+05
2.296480e+05
2.337130e+05
2.397770e+05
2.478369e+05
2.578899e+05
2.699329e+05
2.839629e+05
2.999767e+05
3.179712e+05
3.379430e+05
3.598890e+05
3.838058e+05
4.096899e+05
4.375379e+05
4.673462e+05
4.991114e+05
5.328297e+05
5.684974e+05
6.061109e+05
