6.432737e+06
6.277476e+06
6.124191e+06
5.972882e+06
5.823549e+06
5.676191e+06
5.530808e+06
5.387401e+06
5.245969e+06
5.106512e+06
4.969029e+06
4.833521e+06
4.699988e+06
4.568428e+06
4.438842e+06
4.311230e+06
4.185590e+06
4.061924e+06
3.940230e+06
3.820508e+06
3.702757e+06
3.586978e+06
3.473170e+06
3.361332e+06
3.251463e+06
3.143564e+06
3.037634e+06
2.933671e+06
2.831677e+06
2.731649e+06
2.633587e+06
2.537491e+06
2.443360e+06
2.351192e+06
2.260988e+06
2.172747e+06
2.086468e+06
2.002149e+06
1.919790e+06
1.839390e+06
1.760949e+06
1.684464e+06
1.609936e+06
1.537363e+06
1.466744e+06
1.398077e+06
1.331363e+06
1.266599e+06
1.203785e+06
1.142919e+06
1.084000e+06
1.027026e+06
9.719968e+05
9.189104e+05
8.677655e+05
8.185607e+05
7.712944e+05
7.259652e+05
6.825714e+05
6.411115e+05
6.015839e+05
5.639868e+05
5.283186e+05
4.945774e+05
4.627616e+05
4.328692e+05
4.048983e+05
3.788471e+05
3.547136e+05
3.324957e+05
3.121915e+05
2.937988e+05
2.773154e+05
2.627393e+05
2.500681e+05
2.392997e+05
2.304316e+05
2.234615e+05
2.183871e+05
2.152058e+05
2.139151e+05
2.145125e+05
2.169953e+05
2.213610e+05
2.276068e+05
2.357299e+05
2.457276e+05
2.575970e+05
2.713352e+05
2.869393e+05
3.044061e+05
3.237327e+05
3.449160e+05
3.679528e+05
3.928398e+05
4.195738e+05
4.481515e+05
4.785694e+05
5.108241e+05
5.449121e+05
5.808299e+05
