1.75719512
1.75721112
1.75722812
1.75724512
1.75726212
1.75727912
1.75729712
1.75731612
1.75733512
1.75735412
1.75737412
1.75739412
1.75741512
1.75743612
1.75745812
1.75748112
1.75750412
1.75752812
1.75755212
1.75757712
1.75760312
1.75762912
1.75765712
1.75768512
1.75771312
1.75774312
1.75777312
1.75780512
1.75783712
1.75787012
1.75790512
1.75794012
1.75797612
1.75801412
1.75805212
1.75809212
1.75813312
1.75817512
1.75821912
1.75826412
1.75831012
1.75835712
1.75840612
1.75845512
1.75850712
1.75855912
1.75861312
1.75866812
1.75872412
1.75878012
1.75883812
1.75889512
1.75895312
1.75901112
1.75906812
1.75912312
1.75917612
1.75922612
1.75927212
1.75931212
1.75934512
1.75936812
1.75938012
1.75937712
1.75935712
1.75931612
1.75924912
1.75915412
1.75902512
1.75885912
1.75865312
1.75840212
1.75810812
1.75777012
1.75739112
1.75697712
1.75653712
1.75608112
1.75562012
1.75516712
1.75473312
1.75432812
1.75395912
1.75363212
1.75334912
1.75311112
1.75291512
1.75276012
1.75264012
1.75255312
1.75249412
1.75245812
1.75244312
1.75244412
1.75246012
1.75248612
1.75252012
1.75256212
1.75260912
1.75266012
1.75271412
