1.75731812
1.75733512
1.75735312
1.75737112
1.75739012
1.75740912
1.75742812
1.75744812
1.75746912
1.75749012
1.75751112
1.75753412
1.75755612
1.75757912
1.75760312
1.75762812
1.75765312
1.75767912
1.75770512
1.75773312
1.75776112
1.75779012
1.75781912
1.75785012
1.75788112
1.75791412
1.75794712
1.75798112
1.75801612
1.75805312
1.75809012
1.75812912
1.75816812
1.75820912
1.75825112
1.75829512
1.75833912
1.75838512
1.75843312
1.75848212
1.75853212
1.75858312
1.75863612
1.75869012
1.75874612
1.75880312
1.75886112
1.75892012
1.75898112
1.75904112
1.75910312
1.75916412
1.75922612
1.75928612
1.75934512
1.75940212
1.75945512
1.75950412
1.75954712
1.75958312
1.75960812
1.75962212
1.75962012
1.75960012
1.75955812
1.75949012
1.75939112
1.75925812
1.75908512
1.75886912
1.75860712
1.75829812
1.75794212
1.75754312
1.75710612
1.75664112
1.75615712
1.75566812
1.75518512
1.75472312
1.75429012
1.75389512
1.75354412
1.75324012
1.75298312
1.75277212
1.75260312
1.75247412
1.75237812
1.75231312
1.75227412
1.75225612
1.75225612
1.75227112
1.75229812
1.75233412
1.75237812
1.75242812
1.75248212
1.75253912
1.75259812
