6.237349e+07
6.237268e+07
6.237250e+07
6.237240e+07
6.237233e+07
6.237228e+07
6.237223e+07
6.237220e+07
6.237217e+07
6.237214e+07
6.237211e+07
6.237209e+07
6.237207e+07
6.237205e+07
6.237203e+07
6.237202e+07
6.237200e+07
6.237199e+07
6.237197e+07
6.237196e+07
6.237194e+07
6.237193e+07
6.237192e+07
6.237191e+07
6.237190e+07
6.237189e+07
6.237188e+07
6.237187e+07
6.237186e+07
6.237185e+07
6.237184e+07
6.237183e+07
6.237182e+07
6.237181e+07
6.237180e+07
6.237179e+07
6.237178e+07
6.237177e+07
6.237176e+07
6.237176e+07
6.237175e+07
6.237174e+07
6.237173e+07
6.237172e+07
6.237172e+07
6.237171e+07
6.237170e+07
6.237169e+07
6.237168e+07
6.237168e+07
6.237167e+07
6.237166e+07
6.237165e+07
6.237165e+07
6.237164e+07
6.237163e+07
6.237162e+07
6.237161e+07
6.237161e+07
6.237160e+07
6.237159e+07
6.237158e+07
6.237158e+07
6.237157e+07
6.237156e+07
6.237155e+07
6.237155e+07
6.237154e+07
6.237153e+07
6.237152e+07
6.237151e+07
6.237151e+07
6.237150e+07
6.237149e+07
6.237148e+07
6.237148e+07
6.237147e+07
6.237146e+07
6.237145e+07
6.237144e+07
6.237144e+07
6.237143e+07
6.237142e+07
6.237141e+07
6.237140e+07
6.237139e+07
6.237139e+07
6.237138e+07
6.237137e+07
6.237136e+07
6.237135e+07
6.237134e+07
6.237134e+07
6.237133e+07
6.237132e+07
6.237131e+07
6.237130e+07
6.237129e+07
6.237128e+07
6.237127e+07
6.237127e+07
6.237126e+07
6.237125e+07
6.237124e+07
6.237123e+07
6.237122e+07
6.237121e+07
6.237120e+07
6.237119e+07
6.237118e+07
6.237117e+07
6.237116e+07
6.237115e+07
6.237114e+07
6.237114e+07
6.237113e+07
6.237112e+07
6.237111e+07
6.237110e+07
6.237109e+07
6.237108e+07
6.237107e+07
6.237106e+07
6.237105e+07
6.237103e+07
6.237102e+07
6.237101e+07
6.237100e+07
6.237099e+07
6.237098e+07
6.237097e+07
6.237096e+07
6.237095e+07
6.237094e+07
6.237093e+07
6.237092e+07
6.237091e+07
6.237089e+07
6.237088e+07
6.237087e+07
6.237086e+07
6.237085e+07
6.237084e+07
6.237083e+07
6.237081e+07
6.237080e+07
6.237079e+07
6.237078e+07
6.237077e+07
6.237075e+07
6.237074e+07
6.237073e+07
6.237072e+07
6.237071e+07
6.237069e+07
6.237068e+07
6.237067e+07
6.237066e+07
6.237064e+07
6.237063e+07
6.237062e+07
6.237060e+07
6.237059e+07
6.237058e+07
6.237056e+07
6.237055e+07
6.237054e+07
6.237052e+07
6.237051e+07
6.237050e+07
6.237048e+07
6.237047e+07
6.237045e+07
6.237044e+07
6.237043e+07
6.237041e+07
6.237040e+07
6.237038e+07
6.237037e+07
6.237035e+07
6.237034e+07
6.237032e+07
6.237031e+07
6.237029e+07
6.237028e+07
6.237026e+07
6.237025e+07
6.237023e+07
6.237022e+07
6.237020e+07
6.237019e+07
6.237017e+07
6.237016e+07
6.237014e+07
6.237012e+07
6.237011e+07
6.237009e+07
6.237007e+07
6.237006e+07
6.237004e+07
6.237002e+07
6.237001e+07
6.236999e+07
6.236997e+07
6.236996e+07
6.236994e+07
6.236992e+07
6.236990e+07
6.236989e+07
6.236987e+07
6.236985e+07
6.236983e+07
6.236982e+07
6.236980e+07
6.236978e+07
6.236976e+07
6.236974e+07
6.236972e+07
6.236970e+07
6.236969e+07
6.236967e+07
6.236965e+07
6.236963e+07
6.236961e+07
6.236959e+07
6.236957e+07
6.236955e+07
6.236953e+07
6.236951e+07
6.236949e+07
6.236947e+07
6.236945e+07
6.236943e+07
6.236941e+07
6.236939e+07
6.236937e+07
6.236934e+07
6.236932e+07
6.236930e+07
6.236928e+07
6.236926e+07
6.236924e+07
6.236921e+07
6.236919e+07
6.236917e+07
6.236915e+07
6.236912e+07
6.236910e+07
6.236908e+07
6.236906e+07
6.236903e+07
6.236901e+07
6.236899e+07
6.236896e+07
6.236894e+07
6.236891e+07
6.236889e+07
6.236887e+07
6.236884e+07
6.236882e+07
6.236879e+07
6.236877e+07
6.236874e+07
6.236872e+07
6.236869e+07
6.236866e+07
6.236864e+07
6.236861e+07
6.236858e+07
6.236856e+07
6.236853e+07
6.236850e+07
6.236848e+07
6.236845e+07
6.236842e+07
6.236839e+07
6.236837e+07
6.236834e+07
6.236831e+07
6.236828e+07
6.236825e+07
6.236822e+07
6.236819e+07
6.236816e+07
6.236813e+07
6.236810e+07
6.236807e+07
6.236804e+07
6.236801e+07
6.236798e+07
6.236794e+07
6.236791e+07
6.236788e+07
6.236785e+07
6.236781e+07
6.236778e+07
6.236775e+07
6.236771e+07
6.236768e+07
6.236765e+07
6.236761e+07
6.236758e+07
6.236754e+07
6.236750e+07
6.236747e+07
6.236743e+07
6.236739e+07
6.236736e+07
6.236732e+07
6.236728e+07
6.236724e+07
6.236720e+07
6.236716e+07
6.236712e+07
6.236708e+07
6.236704e+07
6.236700e+07
6.236696e+07
6.236692e+07
6.236688e+07
6.236683e+07
6.236679e+07
6.236674e+07
6.236670e+07
6.236665e+07
6.236661e+07
6.236656e+07
6.236652e+07
6.236647e+07
6.236642e+07
6.236637e+07
6.236632e+07
6.236627e+07
6.236622e+07
6.236617e+07
6.236612e+07
6.236606e+07
6.236601e+07
6.236595e+07
6.236590e+07
6.236584e+07
6.236579e+07
6.236573e+07
6.236567e+07
6.236561e+07
6.236555e+07
6.236549e+07
6.236542e+07
6.236536e+07
6.236530e+07
6.236523e+07
6.236516e+07
6.236510e+07
6.236503e+07
6.236496e+07
6.236488e+07
6.236481e+07
6.236474e+07
6.236466e+07
6.236459e+07
6.236451e+07
6.236443e+07
6.236435e+07
6.236427e+07
6.236418e+07
6.236410e+07
6.236401e+07
6.236392e+07
6.236383e+07
6.236374e+07
6.236364e+07
6.236355e+07
6.236345e+07
6.236335e+07
6.236325e+07
6.236315e+07
6.236304e+07
6.236293e+07
6.236282e+07
6.236271e+07
6.236259e+07
6.236247e+07
6.236235e+07
6.236223e+07
6.236211e+07
6.236198e+07
6.236185e+07
6.236171e+07
6.236157e+07
6.236143e+07
6.236129e+07
6.236114e+07
6.236099e+07
6.236084e+07
6.236068e+07
6.236052e+07
6.236036e+07
6.236019e+07
6.236001e+07
6.235984e+07
6.235966e+07
6.235947e+07
6.235928e+07
6.235908e+07
6.235889e+07
6.235868e+07
6.235847e+07
6.235826e+07
6.235803e+07
6.235781e+07
6.235758e+07
6.235734e+07
6.235709e+07
6.235684e+07
6.235659e+07
6.235632e+07
6.235605e+07
6.235578e+07
6.235549e+07
6.235520e+07
6.235490e+07
6.235459e+07
6.235427e+07
6.235395e+07
6.235362e+07
6.235327e+07
6.235292e+07
6.235256e+07
6.235219e+07
6.235181e+07
6.235141e+07
6.235101e+07
6.235060e+07
6.235017e+07
6.234974e+07
6.234929e+07
6.234883e+07
6.234835e+07
6.234786e+07
6.234736e+07
6.234685e+07
6.234632e+07
6.234577e+07
6.234521e+07
6.234463e+07
6.234404e+07
6.234343e+07
6.234280e+07
6.234216e+07
6.234149e+07
6.234081e+07
6.234011e+07
6.233938e+07
6.233864e+07
6.233787e+07
6.233709e+07
6.233628e+07
6.233544e+07
6.233458e+07
6.233370e+07
6.233279e+07
6.233185e+07
6.233089e+07
6.232990e+07
6.232888e+07
6.232782e+07
6.232674e+07
6.232563e+07
6.232448e+07
6.232330e+07
6.232208e+07
6.232083e+07
6.231954e+07
6.231821e+07
6.231685e+07
6.231544e+07
6.231399e+07
6.231249e+07
6.231095e+07
6.230937e+07
6.230774e+07
6.230606e+07
6.230433e+07
6.230254e+07
6.230071e+07
6.229881e+07
6.229686e+07
6.229486e+07
6.229279e+07
6.229066e+07
6.228846e+07
6.228620e+07
6.228387e+07
6.228147e+07
6.227900e+07
6.227645e+07
6.227382e+07
6.227112e+07
6.226833e+07
6.226546e+07
6.226250e+07
6.225945e+07
6.225630e+07
6.225306e+07
6.224973e+07
6.224629e+07
6.224274e+07
6.223909e+07
6.223533e+07
6.223145e+07
6.222745e+07
6.222333e+07
6.221909e+07
6.221471e+07
6.221020e+07
6.220555e+07
6.220076e+07
6.219582e+07
6.219073e+07
6.218549e+07
6.218008e+07
6.217451e+07
6.216876e+07
6.216284e+07
6.215674e+07
6.215045e+07
6.214396e+07
6.213728e+07
6.213039e+07
6.212329e+07
6.211596e+07
6.210842e+07
6.210063e+07
6.209261e+07
6.208434e+07
6.207582e+07
6.206703e+07
6.205797e+07
6.204863e+07
6.203900e+07
6.202907e+07
6.201884e+07
6.200829e+07
6.199741e+07
6.198619e+07
6.197463e+07
6.196271e+07
6.195042e+07
6.193774e+07
6.192467e+07
6.191120e+07
6.189731e+07
6.188298e+07
6.186822e+07
6.185299e+07
6.183728e+07
6.182109e+07
6.180439e+07
6.178718e+07
6.176942e+07
6.175112e+07
6.173224e+07
6.171277e+07
6.169270e+07
6.167199e+07
6.165065e+07
6.162863e+07
6.160592e+07
6.158251e+07
6.155836e+07
6.153345e+07
6.150777e+07
6.148128e+07
6.145395e+07
6.142577e+07
6.139671e+07
6.136673e+07
6.133581e+07
6.130392e+07
6.127102e+07
6.123709e+07
6.120209e+07
6.116599e+07
6.112874e+07
6.109032e+07
6.105069e+07
6.100980e+07
6.096762e+07
6.092411e+07
6.087921e+07
6.083290e+07
6.078511e+07
6.073581e+07
6.068493e+07
6.063244e+07
6.057828e+07
6.052240e+07
6.046473e+07
6.040522e+07
6.034380e+07
6.028042e+07
6.021502e+07
6.014751e+07
6.007784e+07
6.000593e+07
5.993170e+07
5.985508e+07
5.977599e+07
5.969435e+07
5.961006e+07
5.952305e+07
5.943321e+07
5.934045e+07
5.924468e+07
5.914578e+07
5.904365e+07
5.893819e+07
5.882926e+07
5.871676e+07
5.860056e+07
5.848053e+07
5.835654e+07
5.822844e+07
5.809609e+07
5.795933e+07
5.781802e+07
5.767199e+07
5.752106e+07
5.736507e+07
5.720381e+07
5.703711e+07
5.686476e+07
5.668654e+07
5.650225e+07
5.631165e+07
5.611449e+07
5.591054e+07
5.569953e+07
5.548118e+07
5.525521e+07
5.502132e+07
5.477919e+07
5.452849e+07
5.426887e+07
5.399996e+07
5.372139e+07
5.343274e+07
5.313358e+07
5.282348e+07
5.250194e+07
5.216847e+07
5.182253e+07
5.146355e+07
5.109094e+07
5.070406e+07
5.030222e+07
4.988470e+07
4.945073e+07
4.899947e+07
4.853003e+07
4.804147e+07
4.753274e+07
4.700273e+07
4.645024e+07
4.587397e+07
4.527247e+07
4.464419e+07
4.398743e+07
4.330029e+07
4.258069e+07
4.182631e+07
4.103456e+07
4.020252e+07
3.932689e+07
3.840391e+07
3.742927e+07
3.639793e+07
3.530403e+07
3.414058e+07
3.289920e+07
3.156959e+07
3.013897e+07
2.859097e+07
2.690413e+07
2.504921e+07
2.298464e+07
2.064760e+07
1.793564e+07
1.466352e+07
1.044967e+07
0.000000e+00
0.000000e+00
0.000000e+00
0.000000e+00
0.000000e+00
0.000000e+00
0.000000e+00
0.000000e+00
0.000000e+00
0.000000e+00
0.000000e+00
0.000000e+00
0.000000e+00
0.000000e+00
0.000000e+00
0.000000e+00
0.000000e+00
0.000000e+00
0.000000e+00
0.000000e+00
0.000000e+00
0.000000e+00
0.000000e+00
0.000000e+00
0.000000e+00
0.000000e+00
0.000000e+00
0.000000e+00
0.000000e+00
0.000000e+00
0.000000e+00
0.000000e+00
0.000000e+00
0.000000e+00
0.000000e+00
0.000000e+00
0.000000e+00
0.000000e+00
0.000000e+00
0.000000e+00
0.000000e+00
0.000000e+00
0.000000e+00
0.000000e+00
0.000000e+00
0.000000e+00
0.000000e+00
0.000000e+00
0.000000e+00
0.000000e+00
0.000000e+00
0.000000e+00
0.000000e+00
0.000000e+00
0.000000e+00
0.000000e+00
0.000000e+00
0.000000e+00
0.000000e+00
0.000000e+00
0.000000e+00
0.000000e+00
0.000000e+00
0.000000e+00
0.000000e+00
0.000000e+00
0.000000e+00
0.000000e+00
0.000000e+00
0.000000e+00
0.000000e+00
0.000000e+00
0.000000e+00
0.000000e+00
0.000000e+00
0.000000e+00
0.000000e+00
0.000000e+00
0.000000e+00
0.000000e+00
0.000000e+00
0.000000e+00
0.000000e+00
0.000000e+00
0.000000e+00
0.000000e+00
0.000000e+00
0.000000e+00
0.000000e+00
0.000000e+00
0.000000e+00
0.000000e+00
0.000000e+00
0.000000e+00
0.000000e+00
0.000000e+00
0.000000e+00
0.000000e+00
0.000000e+00
0.000000e+00
0.000000e+00
0.000000e+00
0.000000e+00
0.000000e+00
0.000000e+00
0.000000e+00
0.000000e+00
0.000000e+00
0.000000e+00
0.000000e+00
0.000000e+00
0.000000e+00
0.000000e+00
0.000000e+00
0.000000e+00
0.000000e+00
0.000000e+00
0.000000e+00
0.000000e+00
0.000000e+00
0.000000e+00
0.000000e+00
0.000000e+00
0.000000e+00
0.000000e+00
0.000000e+00
0.000000e+00
0.000000e+00
0.000000e+00
0.000000e+00
0.000000e+00
0.000000e+00
0.000000e+00
0.000000e+00
0.000000e+00
0.000000e+00
0.000000e+00
0.000000e+00
0.000000e+00
0.000000e+00
0.000000e+00
0.000000e+00
0.000000e+00
0.000000e+00
0.000000e+00
0.000000e+00
0.000000e+00
0.000000e+00
0.000000e+00
0.000000e+00
0.000000e+00
0.000000e+00
0.000000e+00
0.000000e+00
0.000000e+00
0.000000e+00
0.000000e+00
0.000000e+00
0.000000e+00
0.000000e+00
0.000000e+00
0.000000e+00
0.000000e+00
0.000000e+00
0.000000e+00
0.000000e+00
0.000000e+00
0.000000e+00
0.000000e+00
0.000000e+00
0.000000e+00
0.000000e+00
0.000000e+00
0.000000e+00
0.000000e+00
0.000000e+00
0.000000e+00
0.000000e+00
0.000000e+00
0.000000e+00
0.000000e+00
0.000000e+00
0.000000e+00
0.000000e+00
0.000000e+00
0.000000e+00
0.000000e+00
0.000000e+00
0.000000e+00
0.000000e+00
0.000000e+00
0.000000e+00
0.000000e+00
0.000000e+00
0.000000e+00
0.000000e+00
0.000000e+00
0.000000e+00
0.000000e+00
0.000000e+00
0.000000e+00
0.000000e+00
0.000000e+00
0.000000e+00
0.000000e+00
0.000000e+00
0.000000e+00
0.000000e+00
0.000000e+00
0.000000e+00
0.000000e+00
0.000000e+00
0.000000e+00
0.000000e+00
0.000000e+00
0.000000e+00
0.000000e+00
0.000000e+00
0.000000e+00
0.000000e+00
0.000000e+00
0.000000e+00
0.000000e+00
0.000000e+00
0.000000e+00
0.000000e+00
0.000000e+00
0.000000e+00
0.000000e+00
0.000000e+00
0.000000e+00
0.000000e+00
0.000000e+00
0.000000e+00
0.000000e+00
0.000000e+00
0.000000e+00
0.000000e+00
0.000000e+00
0.000000e+00
0.000000e+00
0.000000e+00
0.000000e+00
0.000000e+00
0.000000e+00
0.000000e+00
0.000000e+00
0.000000e+00
0.000000e+00
0.000000e+00
0.000000e+00
0.000000e+00
0.000000e+00
0.000000e+00
0.000000e+00
0.000000e+00
0.000000e+00
0.000000e+00
0.000000e+00
0.000000e+00
0.000000e+00
0.000000e+00
0.000000e+00
0.000000e+00
0.000000e+00
0.000000e+00
0.000000e+00
0.000000e+00
0.000000e+00
0.000000e+00
0.000000e+00
0.000000e+00
0.000000e+00
0.000000e+00
0.000000e+00
0.000000e+00
0.000000e+00
0.000000e+00
0.000000e+00
0.000000e+00
0.000000e+00
0.000000e+00
0.000000e+00
0.000000e+00
0.000000e+00
0.000000e+00
0.000000e+00
0.000000e+00
0.000000e+00
0.000000e+00
0.000000e+00
0.000000e+00
0.000000e+00
0.000000e+00
0.000000e+00
0.000000e+00
0.000000e+00
0.000000e+00
0.000000e+00
0.000000e+00
0.000000e+00
0.000000e+00
0.000000e+00
0.000000e+00
0.000000e+00
0.000000e+00
0.000000e+00
0.000000e+00
0.000000e+00
0.000000e+00
0.000000e+00
0.000000e+00
0.000000e+00
0.000000e+00
0.000000e+00
0.000000e+00
0.000000e+00
0.000000e+00
0.000000e+00
0.000000e+00
0.000000e+00
0.000000e+00
0.000000e+00
0.000000e+00
0.000000e+00
0.000000e+00
0.000000e+00
0.000000e+00
0.000000e+00
0.000000e+00
0.000000e+00
0.000000e+00
0.000000e+00
0.000000e+00
0.000000e+00
0.000000e+00
0.000000e+00
0.000000e+00
0.000000e+00
0.000000e+00
0.000000e+00
0.000000e+00
0.000000e+00
0.000000e+00
0.000000e+00
0.000000e+00
0.000000e+00
0.000000e+00
0.000000e+00
0.000000e+00
0.000000e+00
0.000000e+00
0.000000e+00
0.000000e+00
0.000000e+00
0.000000e+00
0.000000e+00
0.000000e+00
0.000000e+00
0.000000e+00
0.000000e+00
0.000000e+00
0.000000e+00
0.000000e+00
0.000000e+00
0.000000e+00
0.000000e+00
0.000000e+00
0.000000e+00
0.000000e+00
0.000000e+00
0.000000e+00
0.000000e+00
0.000000e+00
0.000000e+00
0.000000e+00
0.000000e+00
0.000000e+00
0.000000e+00
0.000000e+00
0.000000e+00
0.000000e+00
0.000000e+00
0.000000e+00
0.000000e+00
0.000000e+00
0.000000e+00
0.000000e+00
0.000000e+00
0.000000e+00
0.000000e+00
0.000000e+00
0.000000e+00
0.000000e+00
0.000000e+00
0.000000e+00
0.000000e+00
0.000000e+00
0.000000e+00
0.000000e+00
0.000000e+00
0.000000e+00
0.000000e+00
0.000000e+00
0.000000e+00
0.000000e+00
0.000000e+00
0.000000e+00
0.000000e+00
0.000000e+00
0.000000e+00
0.000000e+00
0.000000e+00
0.000000e+00
0.000000e+00
0.000000e+00
0.000000e+00
0.000000e+00
0.000000e+00
0.000000e+00
0.000000e+00
0.000000e+00
0.000000e+00
0.000000e+00
0.000000e+00
0.000000e+00
0.000000e+00
0.000000e+00
0.000000e+00
0.000000e+00
0.000000e+00
0.000000e+00
0.000000e+00
0.000000e+00
0.000000e+00
0.000000e+00
0.000000e+00
0.000000e+00
0.000000e+00
0.000000e+00
0.000000e+00
0.000000e+00
0.000000e+00
0.000000e+00
0.000000e+00
0.000000e+00
0.000000e+00
0.000000e+00
0.000000e+00
0.000000e+00
0.000000e+00
0.000000e+00
0.000000e+00
0.000000e+00
0.000000e+00
0.000000e+00
0.000000e+00
0.000000e+00
0.000000e+00
0.000000e+00
0.000000e+00
0.000000e+00
0.000000e+00
0.000000e+00
0.000000e+00
0.000000e+00
0.000000e+00
0.000000e+00
0.000000e+00
0.000000e+00
0.000000e+00
0.000000e+00
0.000000e+00
0.000000e+00
0.000000e+00
0.000000e+00
0.000000e+00
0.000000e+00
0.000000e+00
0.000000e+00
0.000000e+00
0.000000e+00
0.000000e+00
0.000000e+00
0.000000e+00
0.000000e+00
0.000000e+00
0.000000e+00
0.000000e+00
0.000000e+00
0.000000e+00
0.000000e+00
0.000000e+00
0.000000e+00
0.000000e+00
0.000000e+00
0.000000e+00
0.000000e+00
0.000000e+00
0.000000e+00
0.000000e+00
0.000000e+00
0.000000e+00
0.000000e+00
0.000000e+00
0.000000e+00
0.000000e+00
0.000000e+00
0.000000e+00
0.000000e+00
0.000000e+00
0.000000e+00
0.000000e+00
0.000000e+00
0.000000e+00
0.000000e+00
0.000000e+00
0.000000e+00
0.000000e+00
0.000000e+00
0.000000e+00
0.000000e+00
0.000000e+00
0.000000e+00
0.000000e+00
0.000000e+00
0.000000e+00
0.000000e+00
0.000000e+00
0.000000e+00
0.000000e+00
0.000000e+00
0.000000e+00
0.000000e+00
0.000000e+00
0.000000e+00
0.000000e+00
0.000000e+00
0.000000e+00
0.000000e+00
0.000000e+00
0.000000e+00
0.000000e+00
0.000000e+00
0.000000e+00
0.000000e+00
0.000000e+00
0.000000e+00
0.000000e+00
0.000000e+00
0.000000e+00
0.000000e+00
0.000000e+00
0.000000e+00
0.000000e+00
0.000000e+00
0.000000e+00
0.000000e+00
0.000000e+00
0.000000e+00
0.000000e+00
0.000000e+00
0.000000e+00
0.000000e+00
0.000000e+00
0.000000e+00
0.000000e+00
0.000000e+00
0.000000e+00
0.000000e+00
0.000000e+00
0.000000e+00
0.000000e+00
0.000000e+00
0.000000e+00
0.000000e+00
0.000000e+00
0.000000e+00
0.000000e+00
0.000000e+00
0.000000e+00
0.000000e+00
0.000000e+00
0.000000e+00
0.000000e+00
0.000000e+00
0.000000e+00
0.000000e+00
0.000000e+00
0.000000e+00
0.000000e+00
0.000000e+00
0.000000e+00
0.000000e+00
0.000000e+00
0.000000e+00
0.000000e+00
0.000000e+00
0.000000e+00
0.000000e+00
0.000000e+00
0.000000e+00
0.000000e+00
0.000000e+00
0.000000e+00
0.000000e+00
0.000000e+00
0.000000e+00
0.000000e+00
0.000000e+00
0.000000e+00
0.000000e+00
0.000000e+00
0.000000e+00
0.000000e+00
0.000000e+00
0.000000e+00
0.000000e+00
0.000000e+00
0.000000e+00
0.000000e+00
0.000000e+00
0.000000e+00
0.000000e+00
0.000000e+00
0.000000e+00
0.000000e+00
0.000000e+00
0.000000e+00
0.000000e+00
0.000000e+00
0.000000e+00
0.000000e+00
0.000000e+00
0.000000e+00
0.000000e+00
0.000000e+00
0.000000e+00
0.000000e+00
0.000000e+00
0.000000e+00
0.000000e+00
0.000000e+00
0.000000e+00
0.000000e+00
0.000000e+00
0.000000e+00
0.000000e+00
0.000000e+00
0.000000e+00
0.000000e+00
0.000000e+00
0.000000e+00
0.000000e+00
0.000000e+00
0.000000e+00
0.000000e+00
0.000000e+00
0.000000e+00
0.000000e+00
0.000000e+00
0.000000e+00
0.000000e+00
0.000000e+00
0.000000e+00
0.000000e+00
0.000000e+00
0.000000e+00
0.000000e+00
0.000000e+00
0.000000e+00
0.000000e+00
0.000000e+00
0.000000e+00
0.000000e+00
0.000000e+00
0.000000e+00
0.000000e+00
0.000000e+00
0.000000e+00
0.000000e+00
0.000000e+00
0.000000e+00
0.000000e+00
0.000000e+00
0.000000e+00
0.000000e+00
0.000000e+00
0.000000e+00
0.000000e+00
0.000000e+00
0.000000e+00
0.000000e+00
0.000000e+00
0.000000e+00
0.000000e+00
0.000000e+00
0.000000e+00
0.000000e+00
0.000000e+00
0.000000e+00
0.000000e+00
0.000000e+00
0.000000e+00
0.000000e+00
0.000000e+00
0.000000e+00
0.000000e+00
0.000000e+00
0.000000e+00
0.000000e+00
0.000000e+00
0.000000e+00
0.000000e+00
0.000000e+00
0.000000e+00
0.000000e+00
0.000000e+00
0.000000e+00
0.000000e+00
0.000000e+00
0.000000e+00
0.000000e+00
0.000000e+00
0.000000e+00
0.000000e+00
0.000000e+00
0.000000e+00
0.000000e+00
0.000000e+00
0.000000e+00
0.000000e+00
0.000000e+00
0.000000e+00
0.000000e+00
0.000000e+00
0.000000e+00
0.000000e+00
0.000000e+00
0.000000e+00
0.000000e+00
0.000000e+00
0.000000e+00
0.000000e+00
0.000000e+00
0.000000e+00
0.000000e+00
0.000000e+00
0.000000e+00
0.000000e+00
0.000000e+00
0.000000e+00
0.000000e+00
0.000000e+00
0.000000e+00
0.000000e+00
0.000000e+00
0.000000e+00
0.000000e+00
0.000000e+00
0.000000e+00
0.000000e+00
0.000000e+00
0.000000e+00
0.000000e+00
0.000000e+00
0.000000e+00
0.000000e+00
0.000000e+00
0.000000e+00
0.000000e+00
0.000000e+00
0.000000e+00
0.000000e+00
0.000000e+00
0.000000e+00
0.000000e+00
0.000000e+00
0.000000e+00
0.000000e+00
0.000000e+00
0.000000e+00
0.000000e+00
0.000000e+00
0.000000e+00
0.000000e+00
0.000000e+00
0.000000e+00
0.000000e+00
0.000000e+00
0.000000e+00
0.000000e+00
0.000000e+00
0.000000e+00
0.000000e+00
0.000000e+00
0.000000e+00
0.000000e+00
0.000000e+00
0.000000e+00
0.000000e+00
0.000000e+00
0.000000e+00
0.000000e+00
0.000000e+00
0.000000e+00
0.000000e+00
0.000000e+00
0.000000e+00
0.000000e+00
0.000000e+00
0.000000e+00
0.000000e+00
0.000000e+00
0.000000e+00
0.000000e+00
0.000000e+00
0.000000e+00
0.000000e+00
0.000000e+00
0.000000e+00
0.000000e+00
0.000000e+00
0.000000e+00
0.000000e+00
0.000000e+00
0.000000e+00
0.000000e+00
0.000000e+00
0.000000e+00
0.000000e+00
0.000000e+00
0.000000e+00
0.000000e+00
0.000000e+00
0.000000e+00
0.000000e+00
0.000000e+00
0.000000e+00
0.000000e+00
0.000000e+00
0.000000e+00
0.000000e+00
0.000000e+00
0.000000e+00
0.000000e+00
0.000000e+00
0.000000e+00
0.000000e+00
0.000000e+00
0.000000e+00
0.000000e+00
0.000000e+00
0.000000e+00
0.000000e+00
0.000000e+00
0.000000e+00
0.000000e+00
0.000000e+00
0.000000e+00
0.000000e+00
0.000000e+00
0.000000e+00
0.000000e+00
0.000000e+00
0.000000e+00
0.000000e+00
0.000000e+00
0.000000e+00
0.000000e+00
0.000000e+00
0.000000e+00
0.000000e+00
0.000000e+00
0.000000e+00
0.000000e+00
0.000000e+00
0.000000e+00
0.000000e+00
0.000000e+00
0.000000e+00
0.000000e+00
0.000000e+00
0.000000e+00
0.000000e+00
0.000000e+00
0.000000e+00
0.000000e+00
0.000000e+00
0.000000e+00
0.000000e+00
0.000000e+00
0.000000e+00
0.000000e+00
0.000000e+00
0.000000e+00
0.000000e+00
0.000000e+00
0.000000e+00
0.000000e+00
0.000000e+00
0.000000e+00
0.000000e+00
0.000000e+00
0.000000e+00
0.000000e+00
0.000000e+00
0.000000e+00
0.000000e+00
0.000000e+00
0.000000e+00
0.000000e+00
0.000000e+00
0.000000e+00
0.000000e+00
0.000000e+00
0.000000e+00
0.000000e+00
0.000000e+00
0.000000e+00
0.000000e+00
0.000000e+00
0.000000e+00
0.000000e+00
0.000000e+00
0.000000e+00
0.000000e+00
0.000000e+00
0.000000e+00
0.000000e+00
0.000000e+00
0.000000e+00
0.000000e+00
0.000000e+00
0.000000e+00
0.000000e+00
0.000000e+00
0.000000e+00
0.000000e+00
0.000000e+00
0.000000e+00
0.000000e+00
0.000000e+00
0.000000e+00
0.000000e+00
0.000000e+00
0.000000e+00
0.000000e+00
0.000000e+00
0.000000e+00
0.000000e+00
0.000000e+00
0.000000e+00
0.000000e+00
0.000000e+00
0.000000e+00
0.000000e+00
0.000000e+00
0.000000e+00
0.000000e+00
0.000000e+00
0.000000e+00
0.000000e+00
0.000000e+00
0.000000e+00
0.000000e+00
0.000000e+00
0.000000e+00
0.000000e+00
0.000000e+00
0.000000e+00
0.000000e+00
0.000000e+00
0.000000e+00
0.000000e+00
0.000000e+00
0.000000e+00
0.000000e+00
0.000000e+00
0.000000e+00
0.000000e+00
0.000000e+00
0.000000e+00
0.000000e+00
0.000000e+00
0.000000e+00
0.000000e+00
0.000000e+00
0.000000e+00
0.000000e+00
0.000000e+00
0.000000e+00
0.000000e+00
0.000000e+00
0.000000e+00
0.000000e+00
0.000000e+00
0.000000e+00
0.000000e+00
0.000000e+00
0.000000e+00
0.000000e+00
0.000000e+00
0.000000e+00
0.000000e+00
0.000000e+00
0.000000e+00
0.000000e+00
0.000000e+00
0.000000e+00
0.000000e+00
0.000000e+00
0.000000e+00
0.000000e+00
0.000000e+00
0.000000e+00
0.000000e+00
0.000000e+00
0.000000e+00
0.000000e+00
0.000000e+00
0.000000e+00
0.000000e+00
0.000000e+00
0.000000e+00
0.000000e+00
0.000000e+00
0.000000e+00
0.000000e+00
0.000000e+00
0.000000e+00
0.000000e+00
0.000000e+00
0.000000e+00
0.000000e+00
0.000000e+00
0.000000e+00
0.000000e+00
0.000000e+00
0.000000e+00
0.000000e+00
0.000000e+00
0.000000e+00
0.000000e+00
0.000000e+00
0.000000e+00
0.000000e+00
0.000000e+00
0.000000e+00
0.000000e+00
0.000000e+00
0.000000e+00
0.000000e+00
0.000000e+00
0.000000e+00
0.000000e+00
0.000000e+00
0.000000e+00
0.000000e+00
0.000000e+00
0.000000e+00
0.000000e+00
0.000000e+00
0.000000e+00
0.000000e+00
0.000000e+00
0.000000e+00
0.000000e+00
0.000000e+00
0.000000e+00
0.000000e+00
0.000000e+00
0.000000e+00
0.000000e+00
0.000000e+00
0.000000e+00
0.000000e+00
0.000000e+00
0.000000e+00
0.000000e+00
0.000000e+00
0.000000e+00
0.000000e+00
0.000000e+00
0.000000e+00
0.000000e+00
0.000000e+00
0.000000e+00
0.000000e+00
0.000000e+00
0.000000e+00
0.000000e+00
0.000000e+00
0.000000e+00
0.000000e+00
0.000000e+00
0.000000e+00
0.000000e+00
0.000000e+00
0.000000e+00
0.000000e+00
0.000000e+00
0.000000e+00
0.000000e+00
0.000000e+00
0.000000e+00
0.000000e+00
0.000000e+00
0.000000e+00
0.000000e+00
0.000000e+00
