6.216122e+07
6.216041e+07
6.216024e+07
6.216014e+07
6.216007e+07
6.216002e+07
6.215997e+07
6.215994e+07
6.215991e+07
6.215988e+07
6.215985e+07
6.215983e+07
6.215981e+07
6.215979e+07
6.215977e+07
6.215976e+07
6.215974e+07
6.215973e+07
6.215971e+07
6.215970e+07
6.215968e+07
6.215967e+07
6.215966e+07
6.215965e+07
6.215964e+07
6.215963e+07
6.215962e+07
6.215961e+07
6.215960e+07
6.215959e+07
6.215958e+07
6.215957e+07
6.215956e+07
6.215955e+07
6.215954e+07
6.215953e+07
6.215952e+07
6.215951e+07
6.215950e+07
6.215950e+07
6.215949e+07
6.215948e+07
6.215947e+07
6.215946e+07
6.215946e+07
6.215945e+07
6.215944e+07
6.215943e+07
6.215942e+07
6.215942e+07
6.215941e+07
6.215940e+07
6.215939e+07
6.215939e+07
6.215938e+07
6.215937e+07
6.215936e+07
6.215935e+07
6.215935e+07
6.215934e+07
6.215933e+07
6.215932e+07
6.215932e+07
6.215931e+07
6.215930e+07
6.215929e+07
6.215928e+07
6.215928e+07
6.215927e+07
6.215926e+07
6.215925e+07
6.215925e+07
6.215924e+07
6.215923e+07
6.215922e+07
6.215921e+07
6.215921e+07
6.215920e+07
6.215919e+07
6.215918e+07
6.215917e+07
6.215917e+07
6.215916e+07
6.215915e+07
6.215914e+07
6.215913e+07
6.215912e+07
6.215912e+07
6.215911e+07
6.215910e+07
6.215909e+07
6.215908e+07
6.215907e+07
6.215907e+07
6.215906e+07
6.215905e+07
6.215904e+07
6.215903e+07
6.215902e+07
6.215901e+07
6.215900e+07
6.215899e+07
6.215899e+07
6.215898e+07
6.215897e+07
6.215896e+07
6.215895e+07
6.215894e+07
6.215893e+07
6.215892e+07
6.215891e+07
6.215890e+07
6.215889e+07
6.215888e+07
6.215887e+07
6.215886e+07
6.215885e+07
6.215884e+07
6.215883e+07
6.215882e+07
6.215881e+07
6.215880e+07
6.215879e+07
6.215878e+07
6.215877e+07
6.215876e+07
6.215875e+07
6.215874e+07
6.215873e+07
6.215872e+07
6.215871e+07
6.215870e+07
6.215869e+07
6.215867e+07
6.215866e+07
6.215865e+07
6.215864e+07
6.215863e+07
6.215862e+07
6.215861e+07
6.215860e+07
6.215858e+07
6.215857e+07
6.215856e+07
6.215855e+07
6.215854e+07
6.215852e+07
6.215851e+07
6.215850e+07
6.215849e+07
6.215848e+07
6.215846e+07
6.215845e+07
6.215844e+07
6.215843e+07
6.215841e+07
6.215840e+07
6.215839e+07
6.215838e+07
6.215836e+07
6.215835e+07
6.215834e+07
6.215832e+07
6.215831e+07
6.215830e+07
6.215828e+07
6.215827e+07
6.215826e+07
6.215824e+07
6.215823e+07
6.215821e+07
6.215820e+07
6.215819e+07
6.215817e+07
6.215816e+07
6.215814e+07
6.215813e+07
6.215811e+07
6.215810e+07
6.215808e+07
6.215807e+07
6.215805e+07
6.215804e+07
6.215802e+07
6.215801e+07
6.215799e+07
6.215798e+07
6.215796e+07
6.215795e+07
6.215793e+07
6.215792e+07
6.215790e+07
6.215788e+07
6.215787e+07
6.215785e+07
6.215783e+07
6.215782e+07
6.215780e+07
6.215778e+07
6.215777e+07
6.215775e+07
6.215773e+07
6.215772e+07
6.215770e+07
6.215768e+07
6.215767e+07
6.215765e+07
6.215763e+07
6.215761e+07
6.215759e+07
6.215758e+07
6.215756e+07
6.215754e+07
6.215752e+07
6.215750e+07
6.215748e+07
6.215747e+07
6.215745e+07
6.215743e+07
6.215741e+07
6.215739e+07
6.215737e+07
6.215735e+07
6.215733e+07
6.215731e+07
6.215729e+07
6.215727e+07
6.215725e+07
6.215723e+07
6.215721e+07
6.215719e+07
6.215717e+07
6.215715e+07
6.215713e+07
6.215711e+07
6.215709e+07
6.215706e+07
6.215704e+07
6.215702e+07
6.215700e+07
6.215698e+07
6.215696e+07
6.215693e+07
6.215691e+07
6.215689e+07
6.215687e+07
6.215684e+07
6.215682e+07
6.215680e+07
6.215677e+07
6.215675e+07
6.215673e+07
6.215670e+07
6.215668e+07
6.215665e+07
6.215663e+07
6.215660e+07
6.215658e+07
6.215656e+07
6.215653e+07
6.215651e+07
6.215648e+07
6.215645e+07
6.215643e+07
6.215640e+07
6.215638e+07
6.215635e+07
6.215632e+07
6.215630e+07
6.215627e+07
6.215624e+07
6.215621e+07
6.215619e+07
6.215616e+07
6.215613e+07
6.215610e+07
6.215607e+07
6.215604e+07
6.215602e+07
6.215599e+07
6.215596e+07
6.215593e+07
6.215590e+07
6.215587e+07
6.215584e+07
6.215581e+07
6.215577e+07
6.215574e+07
6.215571e+07
6.215568e+07
6.215565e+07
6.215561e+07
6.215558e+07
6.215555e+07
6.215552e+07
6.215548e+07
6.215545e+07
6.215541e+07
6.215538e+07
6.215534e+07
6.215531e+07
6.215527e+07
6.215524e+07
6.215520e+07
6.215516e+07
6.215513e+07
6.215509e+07
6.215505e+07
6.215501e+07
6.215497e+07
6.215493e+07
6.215489e+07
6.215485e+07
6.215481e+07
6.215477e+07
6.215473e+07
6.215469e+07
6.215465e+07
6.215460e+07
6.215456e+07
6.215452e+07
6.215447e+07
6.215443e+07
6.215438e+07
6.215433e+07
6.215429e+07
6.215424e+07
6.215419e+07
6.215414e+07
6.215409e+07
6.215404e+07
6.215399e+07
6.215394e+07
6.215389e+07
6.215384e+07
6.215378e+07
6.215373e+07
6.215367e+07
6.215362e+07
6.215356e+07
6.215350e+07
6.215344e+07
6.215338e+07
6.215332e+07
6.215326e+07
6.215320e+07
6.215314e+07
6.215307e+07
6.215301e+07
6.215294e+07
6.215287e+07
6.215280e+07
6.215273e+07
6.215266e+07
6.215259e+07
6.215252e+07
6.215244e+07
6.215236e+07
6.215229e+07
6.215221e+07
6.215213e+07
6.215204e+07
6.215196e+07
6.215188e+07
6.215179e+07
6.215170e+07
6.215161e+07
6.215152e+07
6.215143e+07
6.215133e+07
6.215123e+07
6.215113e+07
6.215103e+07
6.215093e+07
6.215082e+07
6.215071e+07
6.215060e+07
6.215049e+07
6.215038e+07
6.215026e+07
6.215014e+07
6.215002e+07
6.214989e+07
6.214976e+07
6.214963e+07
6.214950e+07
6.214936e+07
6.214922e+07
6.214908e+07
6.214893e+07
6.214878e+07
6.214863e+07
6.214847e+07
6.214831e+07
6.214815e+07
6.214798e+07
6.214781e+07
6.214763e+07
6.214745e+07
6.214727e+07
6.214708e+07
6.214688e+07
6.214668e+07
6.214648e+07
6.214627e+07
6.214605e+07
6.214583e+07
6.214561e+07
6.214538e+07
6.214514e+07
6.214490e+07
6.214465e+07
6.214439e+07
6.214413e+07
6.214386e+07
6.214358e+07
6.214330e+07
6.214301e+07
6.214271e+07
6.214240e+07
6.214209e+07
6.214176e+07
6.214143e+07
6.214109e+07
6.214074e+07
6.214038e+07
6.214001e+07
6.213963e+07
6.213924e+07
6.213884e+07
6.213843e+07
6.213800e+07
6.213757e+07
6.213712e+07
6.213666e+07
6.213619e+07
6.213570e+07
6.213520e+07
6.213469e+07
6.213416e+07
6.213362e+07
6.213306e+07
6.213248e+07
6.213189e+07
6.213128e+07
6.213066e+07
6.213002e+07
6.212935e+07
6.212867e+07
6.212797e+07
6.212725e+07
6.212651e+07
6.212575e+07
6.212496e+07
6.212416e+07
6.212333e+07
6.212247e+07
6.212159e+07
6.212068e+07
6.211975e+07
6.211879e+07
6.211780e+07
6.211679e+07
6.211574e+07
6.211466e+07
6.211355e+07
6.211241e+07
6.211123e+07
6.211002e+07
6.210877e+07
6.210749e+07
6.210616e+07
6.210480e+07
6.210340e+07
6.210196e+07
6.210047e+07
6.209894e+07
6.209736e+07
6.209573e+07
6.209406e+07
6.209233e+07
6.209056e+07
6.208873e+07
6.208684e+07
6.208490e+07
6.208290e+07
6.208084e+07
6.207872e+07
6.207653e+07
6.207428e+07
6.207196e+07
6.206957e+07
6.206710e+07
6.206457e+07
6.206195e+07
6.205926e+07
6.205648e+07
6.205362e+07
6.205067e+07
6.204763e+07
6.204450e+07
6.204128e+07
6.203795e+07
6.203453e+07
6.203100e+07
6.202736e+07
6.202361e+07
6.201975e+07
6.201577e+07
6.201167e+07
6.200744e+07
6.200308e+07
6.199859e+07
6.199396e+07
6.198919e+07
6.198427e+07
6.197920e+07
6.197398e+07
6.196859e+07
6.196304e+07
6.195732e+07
6.195142e+07
6.194535e+07
6.193908e+07
6.193262e+07
6.192597e+07
6.191910e+07
6.191203e+07
6.190474e+07
6.189722e+07
6.188947e+07
6.188148e+07
6.187325e+07
6.186476e+07
6.185601e+07
6.184699e+07
6.183768e+07
6.182810e+07
6.181821e+07
6.180802e+07
6.179751e+07
6.178668e+07
6.177551e+07
6.176399e+07
6.175212e+07
6.173988e+07
6.172726e+07
6.171424e+07
6.170083e+07
6.168699e+07
6.167273e+07
6.165802e+07
6.164286e+07
6.162722e+07
6.161109e+07
6.159447e+07
6.157732e+07
6.155965e+07
6.154142e+07
6.152262e+07
6.150323e+07
6.148324e+07
6.146263e+07
6.144137e+07
6.141944e+07
6.139683e+07
6.137352e+07
6.134947e+07
6.132467e+07
6.129909e+07
6.127271e+07
6.124551e+07
6.121745e+07
6.118850e+07
6.115865e+07
6.112787e+07
6.109611e+07
6.106335e+07
6.102956e+07
6.099471e+07
6.095876e+07
6.092167e+07
6.088342e+07
6.084395e+07
6.080324e+07
6.076124e+07
6.071791e+07
6.067320e+07
6.062708e+07
6.057950e+07
6.053040e+07
6.047975e+07
6.042748e+07
6.037355e+07
6.031790e+07
6.026048e+07
6.020122e+07
6.014007e+07
6.007696e+07
6.001183e+07
5.994461e+07
5.987523e+07
5.980362e+07
5.972971e+07
5.965342e+07
5.957467e+07
5.949337e+07
5.940944e+07
5.932279e+07
5.923334e+07
5.914097e+07
5.904560e+07
5.894712e+07
5.884543e+07
5.874040e+07
5.863194e+07
5.851991e+07
5.840420e+07
5.828468e+07
5.816120e+07
5.803364e+07
5.790185e+07
5.776567e+07
5.762495e+07
5.747953e+07
5.732924e+07
5.717389e+07
5.701331e+07
5.684730e+07
5.667567e+07
5.649819e+07
5.631466e+07
5.612485e+07
5.592851e+07
5.572540e+07
5.551526e+07
5.529781e+07
5.507277e+07
5.483983e+07
5.459869e+07
5.434901e+07
5.409045e+07
5.382263e+07
5.354519e+07
5.325770e+07
5.295975e+07
5.265089e+07
5.233064e+07
5.199850e+07
5.165394e+07
5.129639e+07
5.092525e+07
5.053989e+07
5.013962e+07
4.972374e+07
4.929145e+07
4.884194e+07
4.837432e+07
4.788763e+07
4.738084e+07
4.685285e+07
4.630246e+07
4.572835e+07
4.512910e+07
4.450316e+07
4.384882e+07
4.316421e+07
4.244723e+07
4.169559e+07
4.090668e+07
4.007761e+07
3.920509e+07
3.828536e+07
3.731410e+07
3.628633e+07
3.519617e+07
3.403667e+07
3.279945e+07
3.147426e+07
3.004833e+07
2.850536e+07
2.682392e+07
2.497488e+07
2.291676e+07
2.058693e+07
1.788321e+07
1.462089e+07
1.041947e+07
0.000000e+00
0.000000e+00
0.000000e+00
0.000000e+00
0.000000e+00
0.000000e+00
0.000000e+00
0.000000e+00
0.000000e+00
0.000000e+00
0.000000e+00
0.000000e+00
0.000000e+00
0.000000e+00
0.000000e+00
0.000000e+00
0.000000e+00
0.000000e+00
0.000000e+00
0.000000e+00
0.000000e+00
0.000000e+00
0.000000e+00
0.000000e+00
0.000000e+00
0.000000e+00
0.000000e+00
0.000000e+00
0.000000e+00
0.000000e+00
0.000000e+00
0.000000e+00
0.000000e+00
0.000000e+00
0.000000e+00
0.000000e+00
0.000000e+00
0.000000e+00
0.000000e+00
0.000000e+00
0.000000e+00
0.000000e+00
0.000000e+00
0.000000e+00
0.000000e+00
0.000000e+00
0.000000e+00
0.000000e+00
0.000000e+00
0.000000e+00
0.000000e+00
0.000000e+00
0.000000e+00
0.000000e+00
0.000000e+00
0.000000e+00
0.000000e+00
0.000000e+00
0.000000e+00
0.000000e+00
0.000000e+00
0.000000e+00
0.000000e+00
0.000000e+00
0.000000e+00
0.000000e+00
0.000000e+00
0.000000e+00
0.000000e+00
0.000000e+00
0.000000e+00
0.000000e+00
0.000000e+00
0.000000e+00
0.000000e+00
0.000000e+00
0.000000e+00
0.000000e+00
0.000000e+00
0.000000e+00
0.000000e+00
0.000000e+00
0.000000e+00
0.000000e+00
0.000000e+00
0.000000e+00
0.000000e+00
0.000000e+00
0.000000e+00
0.000000e+00
0.000000e+00
0.000000e+00
0.000000e+00
0.000000e+00
0.000000e+00
0.000000e+00
0.000000e+00
0.000000e+00
0.000000e+00
0.000000e+00
0.000000e+00
0.000000e+00
0.000000e+00
0.000000e+00
0.000000e+00
0.000000e+00
0.000000e+00
0.000000e+00
0.000000e+00
0.000000e+00
0.000000e+00
0.000000e+00
0.000000e+00
0.000000e+00
0.000000e+00
0.000000e+00
0.000000e+00
0.000000e+00
0.000000e+00
0.000000e+00
0.000000e+00
0.000000e+00
0.000000e+00
0.000000e+00
0.000000e+00
0.000000e+00
0.000000e+00
0.000000e+00
0.000000e+00
0.000000e+00
0.000000e+00
0.000000e+00
0.000000e+00
0.000000e+00
0.000000e+00
0.000000e+00
0.000000e+00
0.000000e+00
0.000000e+00
0.000000e+00
0.000000e+00
0.000000e+00
0.000000e+00
0.000000e+00
0.000000e+00
0.000000e+00
0.000000e+00
0.000000e+00
0.000000e+00
0.000000e+00
0.000000e+00
0.000000e+00
0.000000e+00
0.000000e+00
0.000000e+00
0.000000e+00
0.000000e+00
0.000000e+00
0.000000e+00
0.000000e+00
0.000000e+00
0.000000e+00
0.000000e+00
0.000000e+00
0.000000e+00
0.000000e+00
0.000000e+00
0.000000e+00
0.000000e+00
0.000000e+00
0.000000e+00
0.000000e+00
0.000000e+00
0.000000e+00
0.000000e+00
0.000000e+00
0.000000e+00
0.000000e+00
0.000000e+00
0.000000e+00
0.000000e+00
0.000000e+00
0.000000e+00
0.000000e+00
0.000000e+00
0.000000e+00
0.000000e+00
0.000000e+00
0.000000e+00
0.000000e+00
0.000000e+00
0.000000e+00
0.000000e+00
0.000000e+00
0.000000e+00
0.000000e+00
0.000000e+00
0.000000e+00
0.000000e+00
0.000000e+00
0.000000e+00
0.000000e+00
0.000000e+00
0.000000e+00
0.000000e+00
0.000000e+00
0.000000e+00
0.000000e+00
0.000000e+00
0.000000e+00
0.000000e+00
0.000000e+00
0.000000e+00
0.000000e+00
0.000000e+00
0.000000e+00
0.000000e+00
0.000000e+00
0.000000e+00
0.000000e+00
0.000000e+00
0.000000e+00
0.000000e+00
0.000000e+00
0.000000e+00
0.000000e+00
0.000000e+00
0.000000e+00
0.000000e+00
0.000000e+00
0.000000e+00
0.000000e+00
0.000000e+00
0.000000e+00
0.000000e+00
0.000000e+00
0.000000e+00
0.000000e+00
0.000000e+00
0.000000e+00
0.000000e+00
0.000000e+00
0.000000e+00
0.000000e+00
0.000000e+00
0.000000e+00
0.000000e+00
0.000000e+00
0.000000e+00
0.000000e+00
0.000000e+00
0.000000e+00
0.000000e+00
0.000000e+00
0.000000e+00
0.000000e+00
0.000000e+00
0.000000e+00
0.000000e+00
0.000000e+00
0.000000e+00
0.000000e+00
0.000000e+00
0.000000e+00
0.000000e+00
0.000000e+00
0.000000e+00
0.000000e+00
0.000000e+00
0.000000e+00
0.000000e+00
0.000000e+00
0.000000e+00
0.000000e+00
0.000000e+00
0.000000e+00
0.000000e+00
0.000000e+00
0.000000e+00
0.000000e+00
0.000000e+00
0.000000e+00
0.000000e+00
0.000000e+00
0.000000e+00
0.000000e+00
0.000000e+00
0.000000e+00
0.000000e+00
0.000000e+00
0.000000e+00
0.000000e+00
0.000000e+00
0.000000e+00
0.000000e+00
0.000000e+00
0.000000e+00
0.000000e+00
0.000000e+00
0.000000e+00
0.000000e+00
0.000000e+00
0.000000e+00
0.000000e+00
0.000000e+00
0.000000e+00
0.000000e+00
0.000000e+00
0.000000e+00
0.000000e+00
0.000000e+00
0.000000e+00
0.000000e+00
0.000000e+00
0.000000e+00
0.000000e+00
0.000000e+00
0.000000e+00
0.000000e+00
0.000000e+00
0.000000e+00
0.000000e+00
0.000000e+00
0.000000e+00
0.000000e+00
0.000000e+00
0.000000e+00
0.000000e+00
0.000000e+00
0.000000e+00
0.000000e+00
0.000000e+00
0.000000e+00
0.000000e+00
0.000000e+00
0.000000e+00
0.000000e+00
0.000000e+00
0.000000e+00
0.000000e+00
0.000000e+00
0.000000e+00
0.000000e+00
0.000000e+00
0.000000e+00
0.000000e+00
0.000000e+00
0.000000e+00
0.000000e+00
0.000000e+00
0.000000e+00
0.000000e+00
0.000000e+00
0.000000e+00
0.000000e+00
0.000000e+00
0.000000e+00
0.000000e+00
0.000000e+00
0.000000e+00
0.000000e+00
0.000000e+00
0.000000e+00
0.000000e+00
0.000000e+00
0.000000e+00
0.000000e+00
0.000000e+00
0.000000e+00
0.000000e+00
0.000000e+00
0.000000e+00
0.000000e+00
0.000000e+00
0.000000e+00
0.000000e+00
0.000000e+00
0.000000e+00
0.000000e+00
0.000000e+00
0.000000e+00
0.000000e+00
0.000000e+00
0.000000e+00
0.000000e+00
0.000000e+00
0.000000e+00
0.000000e+00
0.000000e+00
0.000000e+00
0.000000e+00
0.000000e+00
0.000000e+00
0.000000e+00
0.000000e+00
0.000000e+00
0.000000e+00
0.000000e+00
0.000000e+00
0.000000e+00
0.000000e+00
0.000000e+00
0.000000e+00
0.000000e+00
0.000000e+00
0.000000e+00
0.000000e+00
0.000000e+00
0.000000e+00
0.000000e+00
0.000000e+00
0.000000e+00
0.000000e+00
0.000000e+00
0.000000e+00
0.000000e+00
0.000000e+00
0.000000e+00
0.000000e+00
0.000000e+00
0.000000e+00
0.000000e+00
0.000000e+00
0.000000e+00
0.000000e+00
0.000000e+00
0.000000e+00
0.000000e+00
0.000000e+00
0.000000e+00
0.000000e+00
0.000000e+00
0.000000e+00
0.000000e+00
0.000000e+00
0.000000e+00
0.000000e+00
0.000000e+00
0.000000e+00
0.000000e+00
0.000000e+00
0.000000e+00
0.000000e+00
0.000000e+00
0.000000e+00
0.000000e+00
0.000000e+00
0.000000e+00
0.000000e+00
0.000000e+00
0.000000e+00
0.000000e+00
0.000000e+00
0.000000e+00
0.000000e+00
0.000000e+00
0.000000e+00
0.000000e+00
0.000000e+00
0.000000e+00
0.000000e+00
0.000000e+00
0.000000e+00
0.000000e+00
0.000000e+00
0.000000e+00
0.000000e+00
0.000000e+00
0.000000e+00
0.000000e+00
0.000000e+00
0.000000e+00
0.000000e+00
0.000000e+00
0.000000e+00
0.000000e+00
0.000000e+00
0.000000e+00
0.000000e+00
0.000000e+00
0.000000e+00
0.000000e+00
0.000000e+00
0.000000e+00
0.000000e+00
0.000000e+00
0.000000e+00
0.000000e+00
0.000000e+00
0.000000e+00
0.000000e+00
0.000000e+00
0.000000e+00
0.000000e+00
0.000000e+00
0.000000e+00
0.000000e+00
0.000000e+00
0.000000e+00
0.000000e+00
0.000000e+00
0.000000e+00
0.000000e+00
0.000000e+00
0.000000e+00
0.000000e+00
0.000000e+00
0.000000e+00
0.000000e+00
0.000000e+00
0.000000e+00
0.000000e+00
0.000000e+00
0.000000e+00
0.000000e+00
0.000000e+00
0.000000e+00
0.000000e+00
0.000000e+00
0.000000e+00
0.000000e+00
0.000000e+00
0.000000e+00
0.000000e+00
0.000000e+00
0.000000e+00
0.000000e+00
0.000000e+00
0.000000e+00
0.000000e+00
0.000000e+00
0.000000e+00
0.000000e+00
0.000000e+00
0.000000e+00
0.000000e+00
0.000000e+00
0.000000e+00
0.000000e+00
0.000000e+00
0.000000e+00
0.000000e+00
0.000000e+00
0.000000e+00
0.000000e+00
0.000000e+00
0.000000e+00
0.000000e+00
0.000000e+00
0.000000e+00
0.000000e+00
0.000000e+00
0.000000e+00
0.000000e+00
0.000000e+00
0.000000e+00
0.000000e+00
0.000000e+00
0.000000e+00
0.000000e+00
0.000000e+00
0.000000e+00
0.000000e+00
0.000000e+00
0.000000e+00
0.000000e+00
0.000000e+00
0.000000e+00
0.000000e+00
0.000000e+00
0.000000e+00
0.000000e+00
0.000000e+00
0.000000e+00
0.000000e+00
0.000000e+00
0.000000e+00
0.000000e+00
0.000000e+00
0.000000e+00
0.000000e+00
0.000000e+00
0.000000e+00
0.000000e+00
0.000000e+00
0.000000e+00
0.000000e+00
0.000000e+00
0.000000e+00
0.000000e+00
0.000000e+00
0.000000e+00
0.000000e+00
0.000000e+00
0.000000e+00
0.000000e+00
0.000000e+00
0.000000e+00
0.000000e+00
0.000000e+00
0.000000e+00
0.000000e+00
0.000000e+00
0.000000e+00
0.000000e+00
0.000000e+00
0.000000e+00
0.000000e+00
0.000000e+00
0.000000e+00
0.000000e+00
0.000000e+00
0.000000e+00
0.000000e+00
0.000000e+00
0.000000e+00
0.000000e+00
0.000000e+00
0.000000e+00
0.000000e+00
0.000000e+00
0.000000e+00
0.000000e+00
0.000000e+00
0.000000e+00
0.000000e+00
0.000000e+00
0.000000e+00
0.000000e+00
0.000000e+00
0.000000e+00
0.000000e+00
0.000000e+00
0.000000e+00
0.000000e+00
0.000000e+00
0.000000e+00
0.000000e+00
0.000000e+00
0.000000e+00
0.000000e+00
0.000000e+00
0.000000e+00
0.000000e+00
0.000000e+00
0.000000e+00
0.000000e+00
0.000000e+00
0.000000e+00
0.000000e+00
0.000000e+00
0.000000e+00
0.000000e+00
0.000000e+00
0.000000e+00
0.000000e+00
0.000000e+00
0.000000e+00
0.000000e+00
0.000000e+00
0.000000e+00
0.000000e+00
0.000000e+00
0.000000e+00
0.000000e+00
0.000000e+00
0.000000e+00
0.000000e+00
0.000000e+00
0.000000e+00
0.000000e+00
0.000000e+00
0.000000e+00
0.000000e+00
0.000000e+00
0.000000e+00
0.000000e+00
0.000000e+00
0.000000e+00
0.000000e+00
0.000000e+00
0.000000e+00
0.000000e+00
0.000000e+00
0.000000e+00
0.000000e+00
0.000000e+00
0.000000e+00
0.000000e+00
0.000000e+00
0.000000e+00
0.000000e+00
0.000000e+00
0.000000e+00
0.000000e+00
0.000000e+00
0.000000e+00
0.000000e+00
0.000000e+00
0.000000e+00
0.000000e+00
0.000000e+00
0.000000e+00
0.000000e+00
0.000000e+00
0.000000e+00
0.000000e+00
0.000000e+00
0.000000e+00
0.000000e+00
0.000000e+00
0.000000e+00
0.000000e+00
0.000000e+00
0.000000e+00
0.000000e+00
0.000000e+00
0.000000e+00
0.000000e+00
0.000000e+00
0.000000e+00
0.000000e+00
0.000000e+00
0.000000e+00
0.000000e+00
0.000000e+00
0.000000e+00
0.000000e+00
0.000000e+00
0.000000e+00
0.000000e+00
0.000000e+00
0.000000e+00
0.000000e+00
0.000000e+00
0.000000e+00
0.000000e+00
0.000000e+00
0.000000e+00
0.000000e+00
0.000000e+00
0.000000e+00
0.000000e+00
0.000000e+00
0.000000e+00
0.000000e+00
0.000000e+00
0.000000e+00
0.000000e+00
0.000000e+00
0.000000e+00
0.000000e+00
0.000000e+00
0.000000e+00
0.000000e+00
0.000000e+00
0.000000e+00
0.000000e+00
0.000000e+00
0.000000e+00
0.000000e+00
0.000000e+00
0.000000e+00
0.000000e+00
0.000000e+00
0.000000e+00
0.000000e+00
0.000000e+00
0.000000e+00
0.000000e+00
0.000000e+00
0.000000e+00
0.000000e+00
0.000000e+00
0.000000e+00
0.000000e+00
0.000000e+00
0.000000e+00
0.000000e+00
0.000000e+00
0.000000e+00
0.000000e+00
0.000000e+00
0.000000e+00
0.000000e+00
0.000000e+00
0.000000e+00
0.000000e+00
0.000000e+00
0.000000e+00
0.000000e+00
0.000000e+00
0.000000e+00
0.000000e+00
0.000000e+00
0.000000e+00
0.000000e+00
0.000000e+00
0.000000e+00
0.000000e+00
0.000000e+00
0.000000e+00
0.000000e+00
0.000000e+00
0.000000e+00
0.000000e+00
0.000000e+00
0.000000e+00
0.000000e+00
0.000000e+00
0.000000e+00
0.000000e+00
0.000000e+00
0.000000e+00
0.000000e+00
0.000000e+00
0.000000e+00
0.000000e+00
0.000000e+00
0.000000e+00
0.000000e+00
0.000000e+00
0.000000e+00
0.000000e+00
0.000000e+00
0.000000e+00
0.000000e+00
0.000000e+00
0.000000e+00
0.000000e+00
0.000000e+00
0.000000e+00
0.000000e+00
0.000000e+00
0.000000e+00
0.000000e+00
0.000000e+00
0.000000e+00
0.000000e+00
0.000000e+00
0.000000e+00
0.000000e+00
0.000000e+00
0.000000e+00
0.000000e+00
0.000000e+00
0.000000e+00
0.000000e+00
0.000000e+00
0.000000e+00
0.000000e+00
0.000000e+00
0.000000e+00
0.000000e+00
0.000000e+00
0.000000e+00
0.000000e+00
0.000000e+00
0.000000e+00
0.000000e+00
0.000000e+00
0.000000e+00
0.000000e+00
0.000000e+00
0.000000e+00
0.000000e+00
0.000000e+00
0.000000e+00
0.000000e+00
0.000000e+00
0.000000e+00
0.000000e+00
0.000000e+00
0.000000e+00
0.000000e+00
0.000000e+00
0.000000e+00
0.000000e+00
0.000000e+00
0.000000e+00
0.000000e+00
0.000000e+00
0.000000e+00
0.000000e+00
0.000000e+00
0.000000e+00
0.000000e+00
0.000000e+00
0.000000e+00
0.000000e+00
0.000000e+00
0.000000e+00
0.000000e+00
0.000000e+00
0.000000e+00
0.000000e+00
0.000000e+00
0.000000e+00
0.000000e+00
0.000000e+00
0.000000e+00
0.000000e+00
0.000000e+00
0.000000e+00
0.000000e+00
0.000000e+00
0.000000e+00
0.000000e+00
0.000000e+00
0.000000e+00
0.000000e+00
0.000000e+00
0.000000e+00
0.000000e+00
0.000000e+00
0.000000e+00
0.000000e+00
0.000000e+00
0.000000e+00
0.000000e+00
0.000000e+00
0.000000e+00
0.000000e+00
0.000000e+00
0.000000e+00
0.000000e+00
0.000000e+00
0.000000e+00
0.000000e+00
0.000000e+00
0.000000e+00
0.000000e+00
0.000000e+00
0.000000e+00
0.000000e+00
0.000000e+00
0.000000e+00
0.000000e+00
0.000000e+00
0.000000e+00
0.000000e+00
0.000000e+00
0.000000e+00
0.000000e+00
0.000000e+00
0.000000e+00
0.000000e+00
0.000000e+00
0.000000e+00
0.000000e+00
0.000000e+00
0.000000e+00
0.000000e+00
0.000000e+00
0.000000e+00
0.000000e+00
0.000000e+00
0.000000e+00
0.000000e+00
0.000000e+00
0.000000e+00
0.000000e+00
0.000000e+00
0.000000e+00
0.000000e+00
0.000000e+00
0.000000e+00
0.000000e+00
0.000000e+00
0.000000e+00
0.000000e+00
0.000000e+00
0.000000e+00
0.000000e+00
0.000000e+00
0.000000e+00
0.000000e+00
0.000000e+00
0.000000e+00
0.000000e+00
0.000000e+00
0.000000e+00
0.000000e+00
0.000000e+00
0.000000e+00
0.000000e+00
0.000000e+00
0.000000e+00
0.000000e+00
0.000000e+00
0.000000e+00
0.000000e+00
0.000000e+00
0.000000e+00
0.000000e+00
0.000000e+00
0.000000e+00
0.000000e+00
0.000000e+00
0.000000e+00
0.000000e+00
0.000000e+00
0.000000e+00
0.000000e+00
0.000000e+00
0.000000e+00
0.000000e+00
0.000000e+00
0.000000e+00
0.000000e+00
0.000000e+00
0.000000e+00
0.000000e+00
0.000000e+00
0.000000e+00
0.000000e+00
0.000000e+00
0.000000e+00
0.000000e+00
0.000000e+00
0.000000e+00
0.000000e+00
0.000000e+00
0.000000e+00
0.000000e+00
0.000000e+00
0.000000e+00
0.000000e+00
0.000000e+00
0.000000e+00
0.000000e+00
0.000000e+00
0.000000e+00
0.000000e+00
0.000000e+00
0.000000e+00
0.000000e+00
0.000000e+00
0.000000e+00
0.000000e+00
0.000000e+00
0.000000e+00
0.000000e+00
0.000000e+00
0.000000e+00
0.000000e+00
0.000000e+00
0.000000e+00
0.000000e+00
0.000000e+00
0.000000e+00
0.000000e+00
0.000000e+00
0.000000e+00
0.000000e+00
0.000000e+00
0.000000e+00
0.000000e+00
0.000000e+00
0.000000e+00
0.000000e+00
0.000000e+00
0.000000e+00
0.000000e+00
0.000000e+00
0.000000e+00
0.000000e+00
0.000000e+00
0.000000e+00
0.000000e+00
0.000000e+00
0.000000e+00
0.000000e+00
0.000000e+00
0.000000e+00
0.000000e+00
0.000000e+00
0.000000e+00
0.000000e+00
0.000000e+00
0.000000e+00
0.000000e+00
0.000000e+00
0.000000e+00
0.000000e+00
0.000000e+00
0.000000e+00
0.000000e+00
0.000000e+00
0.000000e+00
0.000000e+00
0.000000e+00
0.000000e+00
0.000000e+00
0.000000e+00
0.000000e+00
0.000000e+00
0.000000e+00
0.000000e+00
0.000000e+00
0.000000e+00
0.000000e+00
0.000000e+00
0.000000e+00
0.000000e+00
0.000000e+00
0.000000e+00
0.000000e+00
0.000000e+00
0.000000e+00
0.000000e+00
0.000000e+00
0.000000e+00
