5.854767e+06
5.708806e+06
5.564769e+06
5.422656e+06
5.282468e+06
5.144204e+06
5.007864e+06
4.873448e+06
4.740956e+06
4.610387e+06
4.481742e+06
4.355019e+06
4.230219e+06
4.107342e+06
3.986386e+06
3.867352e+06
3.750240e+06
3.635049e+06
3.521779e+06
3.410428e+06
3.300998e+06
3.193486e+06
3.087894e+06
2.984220e+06
2.882463e+06
2.782624e+06
2.684701e+06
2.588694e+06
2.494603e+06
2.402426e+06
2.312163e+06
2.223813e+06
2.137375e+06
2.052850e+06
1.970235e+06
1.889530e+06
1.810734e+06
1.733846e+06
1.658866e+06
1.585792e+06
1.514623e+06
1.445358e+06
1.377997e+06
1.312538e+06
1.248980e+06
1.187322e+06
1.127562e+06
1.069700e+06
1.013734e+06
9.596628e+05
9.074853e+05
8.572001e+05
8.088056e+05
7.623006e+05
7.176834e+05
6.749527e+05
6.341068e+05
5.951442e+05
5.580632e+05
5.228622e+05
4.895395e+05
4.580934e+05
4.285220e+05
4.008236e+05
3.749963e+05
3.510381e+05
3.289472e+05
3.087215e+05
2.903590e+05
2.738577e+05
2.592154e+05
2.464300e+05
2.354992e+05
2.264209e+05
2.191926e+05
2.138121e+05
2.102770e+05
2.085849e+05
2.087332e+05
2.107194e+05
2.145410e+05
2.201953e+05
2.276797e+05
2.369914e+05
2.481276e+05
2.610855e+05
2.758623e+05
2.924551e+05
3.108607e+05
3.310763e+05
3.530987e+05
3.769248e+05
4.025513e+05
4.299752e+05
4.591929e+05
4.902013e+05
5.229969e+05
5.575762e+05
5.939357e+05
6.320718e+05
6.719810e+05
