5.388496e+06
5.252673e+06
5.118664e+06
4.986466e+06
4.856081e+06
4.727509e+06
4.600748e+06
4.475799e+06
4.352662e+06
4.231337e+06
4.111823e+06
3.994120e+06
3.878227e+06
3.764145e+06
3.651874e+06
3.541412e+06
3.432760e+06
3.325916e+06
3.220882e+06
3.117656e+06
3.016238e+06
2.916627e+06
2.818823e+06
2.722826e+06
2.628634e+06
2.536248e+06
2.445667e+06
2.356890e+06
2.269916e+06
2.184745e+06
2.101377e+06
2.019810e+06
1.940044e+06
1.862077e+06
1.785910e+06
1.711542e+06
1.638971e+06
1.568196e+06
1.499218e+06
1.432034e+06
1.366644e+06
1.303047e+06
1.241242e+06
1.181228e+06
1.123004e+06
1.066568e+06
1.011919e+06
9.590575e+05
9.079806e+05
8.586876e+05
8.111772e+05
7.654480e+05
7.214988e+05
6.793281e+05
6.389346e+05
6.003167e+05
5.634731e+05
5.284021e+05
4.951022e+05
4.635718e+05
4.338093e+05
4.058130e+05
3.795812e+05
3.551122e+05
3.324041e+05
3.114551e+05
2.922634e+05
2.748270e+05
2.591441e+05
2.452125e+05
2.330303e+05
2.225955e+05
2.139058e+05
2.069591e+05
2.017532e+05
1.982860e+05
1.965550e+05
1.965579e+05
1.982924e+05
2.017560e+05
2.069464e+05
2.138608e+05
2.224968e+05
2.328518e+05
2.449231e+05
2.587080e+05
2.742038e+05
2.914076e+05
3.103165e+05
3.309278e+05
3.532384e+05
3.772452e+05
4.029454e+05
4.303357e+05
4.594130e+05
4.901741e+05
5.226158e+05
5.567346e+05
5.925273e+05
6.299904e+05
6.691204e+05
