1.75749412
1.75751612
1.75753912
1.75756212
1.75758612
1.75761012
1.75763512
1.75766112
1.75768712
1.75771412
1.75774212
1.75777112
1.75780012
1.75783012
1.75786112
1.75789412
1.75792712
1.75796112
1.75799612
1.75803212
1.75806912
1.75810712
1.75814612
1.75818712
1.75822912
1.75827212
1.75831612
1.75836212
1.75840912
1.75845812
1.75850712
1.75855812
1.75861112
1.75866512
1.75872012
1.75877612
1.75883412
1.75889312
1.75895212
1.75901212
1.75907312
1.75913412
1.75919412
1.75925312
1.75931112
1.75936712
1.75941912
1.75946612
1.75950712
1.75954012
1.75956312
1.75957412
1.75956912
1.75954512
1.75949912
1.75942512
1.75932112
1.75918212
1.75900312
1.75878012
1.75851212
1.75819812
1.75783812
1.75743612
1.75699812
1.75653412
1.75605512
1.75557212
1.75509912
1.75464812
1.75422812
1.75384712
1.75351012
1.75322012
1.75297512
1.75277612
1.75261812
1.75249712
1.75241012
1.75235112
1.75231712
1.75230312
1.75230712
1.75232412
1.75235312
1.75239012
1.75243512
1.75248512
1.75253912
1.75259512
1.75265412
1.75271412
1.75277512
1.75283512
1.75289612
1.75295612
1.75301512
1.75307312
1.75313012
1.75318612
1.75324012
