1.75765612
1.75768012
1.75770512
1.75773012
1.75775612
1.75778312
1.75781112
1.75783912
1.75786912
1.75789912
1.75793012
1.75796112
1.75799412
1.75802812
1.75806212
1.75809812
1.75813512
1.75817312
1.75821112
1.75825212
1.75829312
1.75833512
1.75837912
1.75842412
1.75847112
1.75851912
1.75856812
1.75861912
1.75867112
1.75872512
1.75878012
1.75883712
1.75889512
1.75895412
1.75901512
1.75907612
1.75913912
1.75920312
1.75926712
1.75933112
1.75939612
1.75945912
1.75952112
1.75958112
1.75963812
1.75969012
1.75973712
1.75977612
1.75980512
1.75982212
1.75982412
1.75980712
1.75976812
1.75970312
1.75960612
1.75947412
1.75930212
1.75908512
1.75882112
1.75850712
1.75814512
1.75773612
1.75728612
1.75680412
1.75630012
1.75578812
1.75528012
1.75479112
1.75433012
1.75390812
1.75353112
1.75320312
1.75292412
1.75269312
1.75250812
1.75236412
1.75225812
1.75218312
1.75213712
1.75211412
1.75211112
1.75212312
1.75214912
1.75218512
1.75223012
1.75228112
1.75233612
1.75239512
1.75245712
1.75252012
1.75258412
1.75264912
1.75271312
1.75277712
1.75284012
1.75290212
1.75296312
1.75302312
1.75308112
1.75313812
1.75319412
