6.126386e+07
6.126307e+07
6.126289e+07
6.126280e+07
6.126273e+07
6.126268e+07
6.126263e+07
6.126260e+07
6.126257e+07
6.126254e+07
6.126251e+07
6.126249e+07
6.126247e+07
6.126245e+07
6.126244e+07
6.126242e+07
6.126240e+07
6.126239e+07
6.126238e+07
6.126236e+07
6.126235e+07
6.126234e+07
6.126233e+07
6.126231e+07
6.126230e+07
6.126229e+07
6.126228e+07
6.126227e+07
6.126226e+07
6.126225e+07
6.126224e+07
6.126223e+07
6.126222e+07
6.126222e+07
6.126221e+07
6.126220e+07
6.126219e+07
6.126218e+07
6.126217e+07
6.126216e+07
6.126216e+07
6.126215e+07
6.126214e+07
6.126213e+07
6.126212e+07
6.126212e+07
6.126211e+07
6.126210e+07
6.126209e+07
6.126209e+07
6.126208e+07
6.126207e+07
6.126206e+07
6.126206e+07
6.126205e+07
6.126204e+07
6.126203e+07
6.126203e+07
6.126202e+07
6.126201e+07
6.126200e+07
6.126200e+07
6.126199e+07
6.126198e+07
6.126197e+07
6.126196e+07
6.126196e+07
6.126195e+07
6.126194e+07
6.126193e+07
6.126193e+07
6.126192e+07
6.126191e+07
6.126190e+07
6.126190e+07
6.126189e+07
6.126188e+07
6.126187e+07
6.126186e+07
6.126186e+07
6.126185e+07
6.126184e+07
6.126183e+07
6.126183e+07
6.126182e+07
6.126181e+07
6.126180e+07
6.126179e+07
6.126178e+07
6.126178e+07
6.126177e+07
6.126176e+07
6.126175e+07
6.126174e+07
6.126173e+07
6.126173e+07
6.126172e+07
6.126171e+07
6.126170e+07
6.126169e+07
6.126168e+07
6.126167e+07
6.126166e+07
6.126166e+07
6.126165e+07
6.126164e+07
6.126163e+07
6.126162e+07
6.126161e+07
6.126160e+07
6.126159e+07
6.126158e+07
6.126157e+07
6.126156e+07
6.126155e+07
6.126155e+07
6.126154e+07
6.126153e+07
6.126152e+07
6.126151e+07
6.126150e+07
6.126149e+07
6.126148e+07
6.126147e+07
6.126146e+07
6.126145e+07
6.126144e+07
6.126143e+07
6.126142e+07
6.126140e+07
6.126139e+07
6.126138e+07
6.126137e+07
6.126136e+07
6.126135e+07
6.126134e+07
6.126133e+07
6.126132e+07
6.126131e+07
6.126130e+07
6.126129e+07
6.126127e+07
6.126126e+07
6.126125e+07
6.126124e+07
6.126123e+07
6.126122e+07
6.126120e+07
6.126119e+07
6.126118e+07
6.126117e+07
6.126116e+07
6.126115e+07
6.126113e+07
6.126112e+07
6.126111e+07
6.126110e+07
6.126108e+07
6.126107e+07
6.126106e+07
6.126105e+07
6.126103e+07
6.126102e+07
6.126101e+07
6.126099e+07
6.126098e+07
6.126097e+07
6.126095e+07
6.126094e+07
6.126093e+07
6.126091e+07
6.126090e+07
6.126089e+07
6.126087e+07
6.126086e+07
6.126084e+07
6.126083e+07
6.126082e+07
6.126080e+07
6.126079e+07
6.126077e+07
6.126076e+07
6.126074e+07
6.126073e+07
6.126071e+07
6.126070e+07
6.126068e+07
6.126067e+07
6.126065e+07
6.126064e+07
6.126062e+07
6.126061e+07
6.126059e+07
6.126058e+07
6.126056e+07
6.126055e+07
6.126053e+07
6.126051e+07
6.126050e+07
6.126048e+07
6.126046e+07
6.126045e+07
6.126043e+07
6.126041e+07
6.126040e+07
6.126038e+07
6.126036e+07
6.126035e+07
6.126033e+07
6.126031e+07
6.126029e+07
6.126028e+07
6.126026e+07
6.126024e+07
6.126022e+07
6.126020e+07
6.126019e+07
6.126017e+07
6.126015e+07
6.126013e+07
6.126011e+07
6.126009e+07
6.126007e+07
6.126006e+07
6.126004e+07
6.126002e+07
6.126000e+07
6.125998e+07
6.125996e+07
6.125994e+07
6.125992e+07
6.125990e+07
6.125988e+07
6.125986e+07
6.125984e+07
6.125982e+07
6.125980e+07
6.125978e+07
6.125975e+07
6.125973e+07
6.125971e+07
6.125969e+07
6.125967e+07
6.125965e+07
6.125962e+07
6.125960e+07
6.125958e+07
6.125956e+07
6.125954e+07
6.125951e+07
6.125949e+07
6.125947e+07
6.125944e+07
6.125942e+07
6.125940e+07
6.125937e+07
6.125935e+07
6.125933e+07
6.125930e+07
6.125928e+07
6.125925e+07
6.125923e+07
6.125920e+07
6.125918e+07
6.125915e+07
6.125913e+07
6.125910e+07
6.125908e+07
6.125905e+07
6.125902e+07
6.125900e+07
6.125897e+07
6.125894e+07
6.125892e+07
6.125889e+07
6.125886e+07
6.125883e+07
6.125881e+07
6.125878e+07
6.125875e+07
6.125872e+07
6.125869e+07
6.125866e+07
6.125863e+07
6.125860e+07
6.125857e+07
6.125854e+07
6.125851e+07
6.125848e+07
6.125845e+07
6.125842e+07
6.125839e+07
6.125836e+07
6.125833e+07
6.125829e+07
6.125826e+07
6.125823e+07
6.125820e+07
6.125816e+07
6.125813e+07
6.125809e+07
6.125806e+07
6.125802e+07
6.125799e+07
6.125795e+07
6.125792e+07
6.125788e+07
6.125784e+07
6.125781e+07
6.125777e+07
6.125773e+07
6.125769e+07
6.125765e+07
6.125762e+07
6.125758e+07
6.125754e+07
6.125750e+07
6.125745e+07
6.125741e+07
6.125737e+07
6.125733e+07
6.125729e+07
6.125724e+07
6.125720e+07
6.125715e+07
6.125711e+07
6.125706e+07
6.125702e+07
6.125697e+07
6.125692e+07
6.125688e+07
6.125683e+07
6.125678e+07
6.125673e+07
6.125668e+07
6.125663e+07
6.125657e+07
6.125652e+07
6.125647e+07
6.125641e+07
6.125636e+07
6.125630e+07
6.125624e+07
6.125619e+07
6.125613e+07
6.125607e+07
6.125601e+07
6.125595e+07
6.125588e+07
6.125582e+07
6.125576e+07
6.125569e+07
6.125562e+07
6.125556e+07
6.125549e+07
6.125542e+07
6.125534e+07
6.125527e+07
6.125520e+07
6.125512e+07
6.125505e+07
6.125497e+07
6.125489e+07
6.125481e+07
6.125473e+07
6.125464e+07
6.125456e+07
6.125447e+07
6.125438e+07
6.125429e+07
6.125420e+07
6.125410e+07
6.125401e+07
6.125391e+07
6.125381e+07
6.125371e+07
6.125360e+07
6.125350e+07
6.125339e+07
6.125328e+07
6.125316e+07
6.125305e+07
6.125293e+07
6.125281e+07
6.125269e+07
6.125256e+07
6.125243e+07
6.125230e+07
6.125216e+07
6.125203e+07
6.125189e+07
6.125174e+07
6.125159e+07
6.125144e+07
6.125129e+07
6.125113e+07
6.125097e+07
6.125080e+07
6.125063e+07
6.125046e+07
6.125028e+07
6.125010e+07
6.124991e+07
6.124972e+07
6.124952e+07
6.124932e+07
6.124912e+07
6.124890e+07
6.124869e+07
6.124847e+07
6.124824e+07
6.124800e+07
6.124776e+07
6.124752e+07
6.124727e+07
6.124701e+07
6.124674e+07
6.124647e+07
6.124619e+07
6.124590e+07
6.124561e+07
6.124530e+07
6.124499e+07
6.124467e+07
6.124435e+07
6.124401e+07
6.124367e+07
6.124331e+07
6.124295e+07
6.124257e+07
6.124219e+07
6.124179e+07
6.124138e+07
6.124097e+07
6.124054e+07
6.124010e+07
6.123964e+07
6.123918e+07
6.123870e+07
6.123820e+07
6.123770e+07
6.123718e+07
6.123664e+07
6.123609e+07
6.123552e+07
6.123494e+07
6.123434e+07
6.123373e+07
6.123309e+07
6.123244e+07
6.123177e+07
6.123108e+07
6.123037e+07
6.122964e+07
6.122889e+07
6.122811e+07
6.122732e+07
6.122650e+07
6.122565e+07
6.122478e+07
6.122389e+07
6.122297e+07
6.122203e+07
6.122105e+07
6.122005e+07
6.121902e+07
6.121795e+07
6.121686e+07
6.121573e+07
6.121457e+07
6.121338e+07
6.121215e+07
6.121088e+07
6.120957e+07
6.120823e+07
6.120685e+07
6.120542e+07
6.120396e+07
6.120245e+07
6.120089e+07
6.119929e+07
6.119764e+07
6.119594e+07
6.119418e+07
6.119238e+07
6.119052e+07
6.118861e+07
6.118663e+07
6.118460e+07
6.118251e+07
6.118035e+07
6.117813e+07
6.117584e+07
6.117349e+07
6.117106e+07
6.116855e+07
6.116597e+07
6.116332e+07
6.116058e+07
6.115776e+07
6.115485e+07
6.115185e+07
6.114877e+07
6.114559e+07
6.114231e+07
6.113893e+07
6.113545e+07
6.113186e+07
6.112817e+07
6.112436e+07
6.112043e+07
6.111638e+07
6.111221e+07
6.110791e+07
6.110349e+07
6.109892e+07
6.109421e+07
6.108936e+07
6.108437e+07
6.107921e+07
6.107390e+07
6.106843e+07
6.106279e+07
6.105697e+07
6.105098e+07
6.104480e+07
6.103843e+07
6.103186e+07
6.102509e+07
6.101812e+07
6.101093e+07
6.100351e+07
6.099587e+07
6.098799e+07
6.097987e+07
6.097150e+07
6.096286e+07
6.095397e+07
6.094479e+07
6.093533e+07
6.092558e+07
6.091553e+07
6.090517e+07
6.089448e+07
6.088347e+07
6.087211e+07
6.086040e+07
6.084832e+07
6.083588e+07
6.082304e+07
6.080981e+07
6.079616e+07
6.078209e+07
6.076759e+07
6.075263e+07
6.073720e+07
6.072130e+07
6.070490e+07
6.068799e+07
6.067055e+07
6.065257e+07
6.063403e+07
6.061491e+07
6.059519e+07
6.057486e+07
6.055389e+07
6.053226e+07
6.050996e+07
6.048696e+07
6.046324e+07
6.043878e+07
6.041355e+07
6.038753e+07
6.036070e+07
6.033302e+07
6.030447e+07
6.027503e+07
6.024466e+07
6.021333e+07
6.018102e+07
6.014769e+07
6.011332e+07
6.007785e+07
6.004127e+07
6.000354e+07
5.996461e+07
5.992445e+07
5.988302e+07
5.984028e+07
5.979619e+07
5.975069e+07
5.970376e+07
5.965533e+07
5.960536e+07
5.955381e+07
5.950061e+07
5.944572e+07
5.938907e+07
5.933062e+07
5.927030e+07
5.920805e+07
5.914381e+07
5.907750e+07
5.900907e+07
5.893844e+07
5.886553e+07
5.879028e+07
5.871260e+07
5.863241e+07
5.854962e+07
5.846416e+07
5.837592e+07
5.828481e+07
5.819074e+07
5.809360e+07
5.799329e+07
5.788970e+07
5.778272e+07
5.767222e+07
5.755808e+07
5.744019e+07
5.731840e+07
5.719258e+07
5.706259e+07
5.692827e+07
5.678947e+07
5.664604e+07
5.649780e+07
5.634458e+07
5.618619e+07
5.602246e+07
5.585317e+07
5.567813e+07
5.549712e+07
5.530990e+07
5.511626e+07
5.491594e+07
5.470868e+07
5.449422e+07
5.427227e+07
5.404254e+07
5.380472e+07
5.355847e+07
5.330347e+07
5.303935e+07
5.276574e+07
5.248222e+07
5.218839e+07
5.188380e+07
5.156799e+07
5.124045e+07
5.090066e+07
5.054808e+07
5.018210e+07
4.980210e+07
4.940741e+07
4.899732e+07
4.857107e+07
4.812784e+07
4.766676e+07
4.718688e+07
4.668721e+07
4.616663e+07
4.562397e+07
4.505795e+07
4.446715e+07
4.385005e+07
4.320498e+07
4.253006e+07
4.182326e+07
4.108231e+07
4.030464e+07
3.948740e+07
3.862735e+07
3.772080e+07
3.676349e+07
3.575050e+07
3.467606e+07
3.353331e+07
3.231401e+07
3.100806e+07
2.960289e+07
2.808242e+07
2.642558e+07
2.460367e+07
2.257581e+07
2.028035e+07
1.761663e+07
1.440271e+07
1.026381e+07
0.000000e+00
0.000000e+00
0.000000e+00
0.000000e+00
0.000000e+00
0.000000e+00
0.000000e+00
0.000000e+00
0.000000e+00
0.000000e+00
0.000000e+00
0.000000e+00
0.000000e+00
0.000000e+00
0.000000e+00
0.000000e+00
0.000000e+00
0.000000e+00
0.000000e+00
0.000000e+00
0.000000e+00
0.000000e+00
0.000000e+00
0.000000e+00
0.000000e+00
0.000000e+00
0.000000e+00
0.000000e+00
0.000000e+00
0.000000e+00
0.000000e+00
0.000000e+00
0.000000e+00
0.000000e+00
0.000000e+00
0.000000e+00
0.000000e+00
0.000000e+00
0.000000e+00
0.000000e+00
0.000000e+00
0.000000e+00
0.000000e+00
0.000000e+00
0.000000e+00
0.000000e+00
0.000000e+00
0.000000e+00
0.000000e+00
0.000000e+00
0.000000e+00
0.000000e+00
0.000000e+00
0.000000e+00
0.000000e+00
0.000000e+00
0.000000e+00
0.000000e+00
0.000000e+00
0.000000e+00
0.000000e+00
0.000000e+00
0.000000e+00
0.000000e+00
0.000000e+00
0.000000e+00
0.000000e+00
0.000000e+00
0.000000e+00
0.000000e+00
0.000000e+00
0.000000e+00
0.000000e+00
0.000000e+00
0.000000e+00
0.000000e+00
0.000000e+00
0.000000e+00
0.000000e+00
0.000000e+00
0.000000e+00
0.000000e+00
0.000000e+00
0.000000e+00
0.000000e+00
0.000000e+00
0.000000e+00
0.000000e+00
0.000000e+00
0.000000e+00
0.000000e+00
0.000000e+00
0.000000e+00
0.000000e+00
0.000000e+00
0.000000e+00
0.000000e+00
0.000000e+00
0.000000e+00
0.000000e+00
0.000000e+00
0.000000e+00
0.000000e+00
0.000000e+00
0.000000e+00
0.000000e+00
0.000000e+00
0.000000e+00
0.000000e+00
0.000000e+00
0.000000e+00
0.000000e+00
0.000000e+00
0.000000e+00
0.000000e+00
0.000000e+00
0.000000e+00
0.000000e+00
0.000000e+00
0.000000e+00
0.000000e+00
0.000000e+00
0.000000e+00
0.000000e+00
0.000000e+00
0.000000e+00
0.000000e+00
0.000000e+00
0.000000e+00
0.000000e+00
0.000000e+00
0.000000e+00
0.000000e+00
0.000000e+00
0.000000e+00
0.000000e+00
0.000000e+00
0.000000e+00
0.000000e+00
0.000000e+00
0.000000e+00
0.000000e+00
0.000000e+00
0.000000e+00
0.000000e+00
0.000000e+00
0.000000e+00
0.000000e+00
0.000000e+00
0.000000e+00
0.000000e+00
0.000000e+00
0.000000e+00
0.000000e+00
0.000000e+00
0.000000e+00
0.000000e+00
0.000000e+00
0.000000e+00
0.000000e+00
0.000000e+00
0.000000e+00
0.000000e+00
0.000000e+00
0.000000e+00
0.000000e+00
0.000000e+00
0.000000e+00
0.000000e+00
0.000000e+00
0.000000e+00
0.000000e+00
0.000000e+00
0.000000e+00
0.000000e+00
0.000000e+00
0.000000e+00
0.000000e+00
0.000000e+00
0.000000e+00
0.000000e+00
0.000000e+00
0.000000e+00
0.000000e+00
0.000000e+00
0.000000e+00
0.000000e+00
0.000000e+00
0.000000e+00
0.000000e+00
0.000000e+00
0.000000e+00
0.000000e+00
0.000000e+00
0.000000e+00
0.000000e+00
0.000000e+00
0.000000e+00
0.000000e+00
0.000000e+00
0.000000e+00
0.000000e+00
0.000000e+00
0.000000e+00
0.000000e+00
0.000000e+00
0.000000e+00
0.000000e+00
0.000000e+00
0.000000e+00
0.000000e+00
0.000000e+00
0.000000e+00
0.000000e+00
0.000000e+00
0.000000e+00
0.000000e+00
0.000000e+00
0.000000e+00
0.000000e+00
0.000000e+00
0.000000e+00
0.000000e+00
0.000000e+00
0.000000e+00
0.000000e+00
0.000000e+00
0.000000e+00
0.000000e+00
0.000000e+00
0.000000e+00
0.000000e+00
0.000000e+00
0.000000e+00
0.000000e+00
0.000000e+00
0.000000e+00
0.000000e+00
0.000000e+00
0.000000e+00
0.000000e+00
0.000000e+00
0.000000e+00
0.000000e+00
0.000000e+00
0.000000e+00
0.000000e+00
0.000000e+00
0.000000e+00
0.000000e+00
0.000000e+00
0.000000e+00
0.000000e+00
0.000000e+00
0.000000e+00
0.000000e+00
0.000000e+00
0.000000e+00
0.000000e+00
0.000000e+00
0.000000e+00
0.000000e+00
0.000000e+00
0.000000e+00
0.000000e+00
0.000000e+00
0.000000e+00
0.000000e+00
0.000000e+00
0.000000e+00
0.000000e+00
0.000000e+00
0.000000e+00
0.000000e+00
0.000000e+00
0.000000e+00
0.000000e+00
0.000000e+00
0.000000e+00
0.000000e+00
0.000000e+00
0.000000e+00
0.000000e+00
0.000000e+00
0.000000e+00
0.000000e+00
0.000000e+00
0.000000e+00
0.000000e+00
0.000000e+00
0.000000e+00
0.000000e+00
0.000000e+00
0.000000e+00
0.000000e+00
0.000000e+00
0.000000e+00
0.000000e+00
0.000000e+00
0.000000e+00
0.000000e+00
0.000000e+00
0.000000e+00
0.000000e+00
0.000000e+00
0.000000e+00
0.000000e+00
0.000000e+00
0.000000e+00
0.000000e+00
0.000000e+00
0.000000e+00
0.000000e+00
0.000000e+00
0.000000e+00
0.000000e+00
0.000000e+00
0.000000e+00
0.000000e+00
0.000000e+00
0.000000e+00
0.000000e+00
0.000000e+00
0.000000e+00
0.000000e+00
0.000000e+00
0.000000e+00
0.000000e+00
0.000000e+00
0.000000e+00
0.000000e+00
0.000000e+00
0.000000e+00
0.000000e+00
0.000000e+00
0.000000e+00
0.000000e+00
0.000000e+00
0.000000e+00
0.000000e+00
0.000000e+00
0.000000e+00
0.000000e+00
0.000000e+00
0.000000e+00
0.000000e+00
0.000000e+00
0.000000e+00
0.000000e+00
0.000000e+00
0.000000e+00
0.000000e+00
0.000000e+00
0.000000e+00
0.000000e+00
0.000000e+00
0.000000e+00
0.000000e+00
0.000000e+00
0.000000e+00
0.000000e+00
0.000000e+00
0.000000e+00
0.000000e+00
0.000000e+00
0.000000e+00
0.000000e+00
0.000000e+00
0.000000e+00
0.000000e+00
0.000000e+00
0.000000e+00
0.000000e+00
0.000000e+00
0.000000e+00
0.000000e+00
0.000000e+00
0.000000e+00
0.000000e+00
0.000000e+00
0.000000e+00
0.000000e+00
0.000000e+00
0.000000e+00
0.000000e+00
0.000000e+00
0.000000e+00
0.000000e+00
0.000000e+00
0.000000e+00
0.000000e+00
0.000000e+00
0.000000e+00
0.000000e+00
0.000000e+00
0.000000e+00
0.000000e+00
0.000000e+00
0.000000e+00
0.000000e+00
0.000000e+00
0.000000e+00
0.000000e+00
0.000000e+00
0.000000e+00
0.000000e+00
0.000000e+00
0.000000e+00
0.000000e+00
0.000000e+00
0.000000e+00
0.000000e+00
0.000000e+00
0.000000e+00
0.000000e+00
0.000000e+00
0.000000e+00
0.000000e+00
0.000000e+00
0.000000e+00
0.000000e+00
0.000000e+00
0.000000e+00
0.000000e+00
0.000000e+00
0.000000e+00
0.000000e+00
0.000000e+00
0.000000e+00
0.000000e+00
0.000000e+00
0.000000e+00
0.000000e+00
0.000000e+00
0.000000e+00
0.000000e+00
0.000000e+00
0.000000e+00
0.000000e+00
0.000000e+00
0.000000e+00
0.000000e+00
0.000000e+00
0.000000e+00
0.000000e+00
0.000000e+00
0.000000e+00
0.000000e+00
0.000000e+00
0.000000e+00
0.000000e+00
0.000000e+00
0.000000e+00
0.000000e+00
0.000000e+00
0.000000e+00
0.000000e+00
0.000000e+00
0.000000e+00
0.000000e+00
0.000000e+00
0.000000e+00
0.000000e+00
0.000000e+00
0.000000e+00
0.000000e+00
0.000000e+00
0.000000e+00
0.000000e+00
0.000000e+00
0.000000e+00
0.000000e+00
0.000000e+00
0.000000e+00
0.000000e+00
0.000000e+00
0.000000e+00
0.000000e+00
0.000000e+00
0.000000e+00
0.000000e+00
0.000000e+00
0.000000e+00
0.000000e+00
0.000000e+00
0.000000e+00
0.000000e+00
0.000000e+00
0.000000e+00
0.000000e+00
0.000000e+00
0.000000e+00
0.000000e+00
0.000000e+00
0.000000e+00
0.000000e+00
0.000000e+00
0.000000e+00
0.000000e+00
0.000000e+00
0.000000e+00
0.000000e+00
0.000000e+00
0.000000e+00
0.000000e+00
0.000000e+00
0.000000e+00
0.000000e+00
0.000000e+00
0.000000e+00
0.000000e+00
0.000000e+00
0.000000e+00
0.000000e+00
0.000000e+00
0.000000e+00
0.000000e+00
0.000000e+00
0.000000e+00
0.000000e+00
0.000000e+00
0.000000e+00
0.000000e+00
0.000000e+00
0.000000e+00
0.000000e+00
0.000000e+00
0.000000e+00
0.000000e+00
0.000000e+00
0.000000e+00
0.000000e+00
0.000000e+00
0.000000e+00
0.000000e+00
0.000000e+00
0.000000e+00
0.000000e+00
0.000000e+00
0.000000e+00
0.000000e+00
0.000000e+00
0.000000e+00
0.000000e+00
0.000000e+00
0.000000e+00
0.000000e+00
0.000000e+00
0.000000e+00
0.000000e+00
0.000000e+00
0.000000e+00
0.000000e+00
0.000000e+00
0.000000e+00
0.000000e+00
0.000000e+00
0.000000e+00
0.000000e+00
0.000000e+00
0.000000e+00
0.000000e+00
0.000000e+00
0.000000e+00
0.000000e+00
0.000000e+00
0.000000e+00
0.000000e+00
0.000000e+00
0.000000e+00
0.000000e+00
0.000000e+00
0.000000e+00
0.000000e+00
0.000000e+00
0.000000e+00
0.000000e+00
0.000000e+00
0.000000e+00
0.000000e+00
0.000000e+00
0.000000e+00
0.000000e+00
0.000000e+00
0.000000e+00
0.000000e+00
0.000000e+00
0.000000e+00
0.000000e+00
0.000000e+00
0.000000e+00
0.000000e+00
0.000000e+00
0.000000e+00
0.000000e+00
0.000000e+00
0.000000e+00
0.000000e+00
0.000000e+00
0.000000e+00
0.000000e+00
0.000000e+00
0.000000e+00
0.000000e+00
0.000000e+00
0.000000e+00
0.000000e+00
0.000000e+00
0.000000e+00
0.000000e+00
0.000000e+00
0.000000e+00
0.000000e+00
0.000000e+00
0.000000e+00
0.000000e+00
0.000000e+00
0.000000e+00
0.000000e+00
0.000000e+00
0.000000e+00
0.000000e+00
0.000000e+00
0.000000e+00
0.000000e+00
0.000000e+00
0.000000e+00
0.000000e+00
0.000000e+00
0.000000e+00
0.000000e+00
0.000000e+00
0.000000e+00
0.000000e+00
0.000000e+00
0.000000e+00
0.000000e+00
0.000000e+00
0.000000e+00
0.000000e+00
0.000000e+00
0.000000e+00
0.000000e+00
0.000000e+00
0.000000e+00
0.000000e+00
0.000000e+00
0.000000e+00
0.000000e+00
0.000000e+00
0.000000e+00
0.000000e+00
0.000000e+00
0.000000e+00
0.000000e+00
0.000000e+00
0.000000e+00
0.000000e+00
0.000000e+00
0.000000e+00
0.000000e+00
0.000000e+00
0.000000e+00
0.000000e+00
0.000000e+00
0.000000e+00
0.000000e+00
0.000000e+00
0.000000e+00
0.000000e+00
0.000000e+00
0.000000e+00
0.000000e+00
0.000000e+00
0.000000e+00
0.000000e+00
0.000000e+00
0.000000e+00
0.000000e+00
0.000000e+00
0.000000e+00
0.000000e+00
0.000000e+00
0.000000e+00
0.000000e+00
0.000000e+00
0.000000e+00
0.000000e+00
0.000000e+00
0.000000e+00
0.000000e+00
0.000000e+00
0.000000e+00
0.000000e+00
0.000000e+00
0.000000e+00
0.000000e+00
0.000000e+00
0.000000e+00
0.000000e+00
0.000000e+00
0.000000e+00
0.000000e+00
0.000000e+00
0.000000e+00
0.000000e+00
0.000000e+00
0.000000e+00
0.000000e+00
0.000000e+00
0.000000e+00
0.000000e+00
0.000000e+00
0.000000e+00
0.000000e+00
0.000000e+00
0.000000e+00
0.000000e+00
0.000000e+00
0.000000e+00
0.000000e+00
0.000000e+00
0.000000e+00
0.000000e+00
0.000000e+00
0.000000e+00
0.000000e+00
0.000000e+00
0.000000e+00
0.000000e+00
0.000000e+00
0.000000e+00
0.000000e+00
0.000000e+00
0.000000e+00
0.000000e+00
0.000000e+00
0.000000e+00
0.000000e+00
0.000000e+00
0.000000e+00
0.000000e+00
0.000000e+00
0.000000e+00
0.000000e+00
0.000000e+00
0.000000e+00
0.000000e+00
0.000000e+00
0.000000e+00
0.000000e+00
0.000000e+00
0.000000e+00
0.000000e+00
0.000000e+00
0.000000e+00
0.000000e+00
0.000000e+00
0.000000e+00
0.000000e+00
0.000000e+00
0.000000e+00
0.000000e+00
0.000000e+00
0.000000e+00
0.000000e+00
0.000000e+00
0.000000e+00
0.000000e+00
0.000000e+00
0.000000e+00
0.000000e+00
0.000000e+00
0.000000e+00
0.000000e+00
0.000000e+00
0.000000e+00
0.000000e+00
0.000000e+00
0.000000e+00
0.000000e+00
0.000000e+00
0.000000e+00
0.000000e+00
0.000000e+00
0.000000e+00
0.000000e+00
0.000000e+00
0.000000e+00
0.000000e+00
0.000000e+00
0.000000e+00
0.000000e+00
0.000000e+00
0.000000e+00
0.000000e+00
0.000000e+00
0.000000e+00
0.000000e+00
0.000000e+00
0.000000e+00
0.000000e+00
0.000000e+00
0.000000e+00
0.000000e+00
0.000000e+00
0.000000e+00
0.000000e+00
0.000000e+00
0.000000e+00
0.000000e+00
0.000000e+00
0.000000e+00
0.000000e+00
0.000000e+00
0.000000e+00
0.000000e+00
0.000000e+00
0.000000e+00
0.000000e+00
0.000000e+00
0.000000e+00
0.000000e+00
0.000000e+00
0.000000e+00
0.000000e+00
0.000000e+00
0.000000e+00
0.000000e+00
0.000000e+00
0.000000e+00
0.000000e+00
0.000000e+00
0.000000e+00
0.000000e+00
0.000000e+00
0.000000e+00
0.000000e+00
0.000000e+00
0.000000e+00
0.000000e+00
0.000000e+00
0.000000e+00
0.000000e+00
0.000000e+00
0.000000e+00
0.000000e+00
0.000000e+00
0.000000e+00
0.000000e+00
0.000000e+00
0.000000e+00
0.000000e+00
0.000000e+00
0.000000e+00
0.000000e+00
0.000000e+00
0.000000e+00
0.000000e+00
0.000000e+00
0.000000e+00
0.000000e+00
0.000000e+00
0.000000e+00
0.000000e+00
0.000000e+00
0.000000e+00
0.000000e+00
0.000000e+00
0.000000e+00
0.000000e+00
0.000000e+00
0.000000e+00
0.000000e+00
0.000000e+00
0.000000e+00
0.000000e+00
0.000000e+00
0.000000e+00
0.000000e+00
0.000000e+00
0.000000e+00
0.000000e+00
0.000000e+00
0.000000e+00
0.000000e+00
0.000000e+00
0.000000e+00
0.000000e+00
0.000000e+00
0.000000e+00
0.000000e+00
0.000000e+00
0.000000e+00
0.000000e+00
0.000000e+00
0.000000e+00
0.000000e+00
0.000000e+00
0.000000e+00
0.000000e+00
0.000000e+00
0.000000e+00
0.000000e+00
0.000000e+00
0.000000e+00
0.000000e+00
0.000000e+00
0.000000e+00
0.000000e+00
0.000000e+00
0.000000e+00
0.000000e+00
0.000000e+00
0.000000e+00
0.000000e+00
0.000000e+00
0.000000e+00
0.000000e+00
0.000000e+00
0.000000e+00
0.000000e+00
0.000000e+00
0.000000e+00
0.000000e+00
0.000000e+00
0.000000e+00
0.000000e+00
0.000000e+00
0.000000e+00
0.000000e+00
0.000000e+00
0.000000e+00
0.000000e+00
0.000000e+00
0.000000e+00
0.000000e+00
0.000000e+00
0.000000e+00
0.000000e+00
0.000000e+00
0.000000e+00
0.000000e+00
0.000000e+00
0.000000e+00
0.000000e+00
0.000000e+00
0.000000e+00
0.000000e+00
0.000000e+00
0.000000e+00
0.000000e+00
0.000000e+00
0.000000e+00
0.000000e+00
0.000000e+00
0.000000e+00
0.000000e+00
0.000000e+00
0.000000e+00
0.000000e+00
0.000000e+00
0.000000e+00
0.000000e+00
0.000000e+00
0.000000e+00
0.000000e+00
0.000000e+00
0.000000e+00
0.000000e+00
0.000000e+00
0.000000e+00
0.000000e+00
0.000000e+00
0.000000e+00
0.000000e+00
0.000000e+00
0.000000e+00
0.000000e+00
0.000000e+00
0.000000e+00
0.000000e+00
0.000000e+00
0.000000e+00
0.000000e+00
0.000000e+00
0.000000e+00
0.000000e+00
0.000000e+00
0.000000e+00
0.000000e+00
0.000000e+00
0.000000e+00
0.000000e+00
0.000000e+00
0.000000e+00
0.000000e+00
0.000000e+00
0.000000e+00
0.000000e+00
0.000000e+00
0.000000e+00
0.000000e+00
0.000000e+00
0.000000e+00
0.000000e+00
0.000000e+00
0.000000e+00
0.000000e+00
0.000000e+00
0.000000e+00
0.000000e+00
0.000000e+00
0.000000e+00
0.000000e+00
0.000000e+00
0.000000e+00
0.000000e+00
0.000000e+00
0.000000e+00
0.000000e+00
0.000000e+00
0.000000e+00
0.000000e+00
0.000000e+00
0.000000e+00
0.000000e+00
0.000000e+00
0.000000e+00
0.000000e+00
0.000000e+00
0.000000e+00
0.000000e+00
0.000000e+00
0.000000e+00
0.000000e+00
0.000000e+00
0.000000e+00
0.000000e+00
0.000000e+00
0.000000e+00
0.000000e+00
0.000000e+00
0.000000e+00
0.000000e+00
0.000000e+00
0.000000e+00
0.000000e+00
0.000000e+00
0.000000e+00
0.000000e+00
0.000000e+00
0.000000e+00
0.000000e+00
0.000000e+00
0.000000e+00
0.000000e+00
0.000000e+00
0.000000e+00
0.000000e+00
0.000000e+00
0.000000e+00
0.000000e+00
0.000000e+00
0.000000e+00
0.000000e+00
0.000000e+00
0.000000e+00
0.000000e+00
0.000000e+00
0.000000e+00
0.000000e+00
0.000000e+00
0.000000e+00
0.000000e+00
0.000000e+00
0.000000e+00
0.000000e+00
0.000000e+00
0.000000e+00
0.000000e+00
0.000000e+00
0.000000e+00
0.000000e+00
0.000000e+00
0.000000e+00
0.000000e+00
0.000000e+00
0.000000e+00
0.000000e+00
0.000000e+00
0.000000e+00
0.000000e+00
0.000000e+00
0.000000e+00
0.000000e+00
0.000000e+00
0.000000e+00
0.000000e+00
0.000000e+00
0.000000e+00
0.000000e+00
0.000000e+00
0.000000e+00
0.000000e+00
0.000000e+00
0.000000e+00
0.000000e+00
0.000000e+00
0.000000e+00
0.000000e+00
