6.139797e+07
6.139717e+07
6.139700e+07
6.139690e+07
6.139683e+07
6.139678e+07
6.139674e+07
6.139670e+07
6.139667e+07
6.139664e+07
6.139662e+07
6.139659e+07
6.139657e+07
6.139656e+07
6.139654e+07
6.139652e+07
6.139651e+07
6.139649e+07
6.139648e+07
6.139646e+07
6.139645e+07
6.139644e+07
6.139643e+07
6.139642e+07
6.139640e+07
6.139639e+07
6.139638e+07
6.139637e+07
6.139636e+07
6.139635e+07
6.139634e+07
6.139634e+07
6.139633e+07
6.139632e+07
6.139631e+07
6.139630e+07
6.139629e+07
6.139628e+07
6.139627e+07
6.139627e+07
6.139626e+07
6.139625e+07
6.139624e+07
6.139623e+07
6.139623e+07
6.139622e+07
6.139621e+07
6.139620e+07
6.139620e+07
6.139619e+07
6.139618e+07
6.139617e+07
6.139617e+07
6.139616e+07
6.139615e+07
6.139614e+07
6.139614e+07
6.139613e+07
6.139612e+07
6.139611e+07
6.139611e+07
6.139610e+07
6.139609e+07
6.139608e+07
6.139608e+07
6.139607e+07
6.139606e+07
6.139605e+07
6.139605e+07
6.139604e+07
6.139603e+07
6.139602e+07
6.139601e+07
6.139601e+07
6.139600e+07
6.139599e+07
6.139598e+07
6.139598e+07
6.139597e+07
6.139596e+07
6.139595e+07
6.139594e+07
6.139594e+07
6.139593e+07
6.139592e+07
6.139591e+07
6.139590e+07
6.139590e+07
6.139589e+07
6.139588e+07
6.139587e+07
6.139586e+07
6.139586e+07
6.139585e+07
6.139584e+07
6.139583e+07
6.139582e+07
6.139581e+07
6.139580e+07
6.139580e+07
6.139579e+07
6.139578e+07
6.139577e+07
6.139576e+07
6.139575e+07
6.139574e+07
6.139573e+07
6.139573e+07
6.139572e+07
6.139571e+07
6.139570e+07
6.139569e+07
6.139568e+07
6.139567e+07
6.139566e+07
6.139565e+07
6.139564e+07
6.139563e+07
6.139562e+07
6.139561e+07
6.139560e+07
6.139559e+07
6.139558e+07
6.139557e+07
6.139556e+07
6.139555e+07
6.139554e+07
6.139553e+07
6.139552e+07
6.139551e+07
6.139550e+07
6.139549e+07
6.139548e+07
6.139547e+07
6.139546e+07
6.139545e+07
6.139544e+07
6.139543e+07
6.139542e+07
6.139541e+07
6.139539e+07
6.139538e+07
6.139537e+07
6.139536e+07
6.139535e+07
6.139534e+07
6.139533e+07
6.139531e+07
6.139530e+07
6.139529e+07
6.139528e+07
6.139527e+07
6.139526e+07
6.139524e+07
6.139523e+07
6.139522e+07
6.139521e+07
6.139519e+07
6.139518e+07
6.139517e+07
6.139516e+07
6.139514e+07
6.139513e+07
6.139512e+07
6.139511e+07
6.139509e+07
6.139508e+07
6.139507e+07
6.139505e+07
6.139504e+07
6.139503e+07
6.139501e+07
6.139500e+07
6.139499e+07
6.139497e+07
6.139496e+07
6.139494e+07
6.139493e+07
6.139492e+07
6.139490e+07
6.139489e+07
6.139487e+07
6.139486e+07
6.139484e+07
6.139483e+07
6.139481e+07
6.139480e+07
6.139478e+07
6.139477e+07
6.139475e+07
6.139474e+07
6.139472e+07
6.139471e+07
6.139469e+07
6.139468e+07
6.139466e+07
6.139465e+07
6.139463e+07
6.139461e+07
6.139460e+07
6.139458e+07
6.139456e+07
6.139455e+07
6.139453e+07
6.139452e+07
6.139450e+07
6.139448e+07
6.139446e+07
6.139445e+07
6.139443e+07
6.139441e+07
6.139440e+07
6.139438e+07
6.139436e+07
6.139434e+07
6.139432e+07
6.139431e+07
6.139429e+07
6.139427e+07
6.139425e+07
6.139423e+07
6.139421e+07
6.139420e+07
6.139418e+07
6.139416e+07
6.139414e+07
6.139412e+07
6.139410e+07
6.139408e+07
6.139406e+07
6.139404e+07
6.139402e+07
6.139400e+07
6.139398e+07
6.139396e+07
6.139394e+07
6.139392e+07
6.139390e+07
6.139388e+07
6.139386e+07
6.139384e+07
6.139382e+07
6.139379e+07
6.139377e+07
6.139375e+07
6.139373e+07
6.139371e+07
6.139369e+07
6.139366e+07
6.139364e+07
6.139362e+07
6.139360e+07
6.139357e+07
6.139355e+07
6.139353e+07
6.139350e+07
6.139348e+07
6.139346e+07
6.139343e+07
6.139341e+07
6.139338e+07
6.139336e+07
6.139333e+07
6.139331e+07
6.139329e+07
6.139326e+07
6.139323e+07
6.139321e+07
6.139318e+07
6.139316e+07
6.139313e+07
6.139311e+07
6.139308e+07
6.139305e+07
6.139303e+07
6.139300e+07
6.139297e+07
6.139294e+07
6.139292e+07
6.139289e+07
6.139286e+07
6.139283e+07
6.139280e+07
6.139277e+07
6.139274e+07
6.139271e+07
6.139269e+07
6.139266e+07
6.139263e+07
6.139259e+07
6.139256e+07
6.139253e+07
6.139250e+07
6.139247e+07
6.139244e+07
6.139241e+07
6.139237e+07
6.139234e+07
6.139231e+07
6.139228e+07
6.139224e+07
6.139221e+07
6.139217e+07
6.139214e+07
6.139210e+07
6.139207e+07
6.139203e+07
6.139200e+07
6.139196e+07
6.139192e+07
6.139189e+07
6.139185e+07
6.139181e+07
6.139177e+07
6.139173e+07
6.139169e+07
6.139166e+07
6.139162e+07
6.139157e+07
6.139153e+07
6.139149e+07
6.139145e+07
6.139141e+07
6.139136e+07
6.139132e+07
6.139128e+07
6.139123e+07
6.139119e+07
6.139114e+07
6.139110e+07
6.139105e+07
6.139100e+07
6.139095e+07
6.139090e+07
6.139085e+07
6.139080e+07
6.139075e+07
6.139070e+07
6.139065e+07
6.139060e+07
6.139054e+07
6.139049e+07
6.139043e+07
6.139038e+07
6.139032e+07
6.139026e+07
6.139020e+07
6.139014e+07
6.139008e+07
6.139002e+07
6.138996e+07
6.138990e+07
6.138983e+07
6.138976e+07
6.138970e+07
6.138963e+07
6.138956e+07
6.138949e+07
6.138942e+07
6.138935e+07
6.138927e+07
6.138920e+07
6.138912e+07
6.138904e+07
6.138896e+07
6.138888e+07
6.138880e+07
6.138872e+07
6.138863e+07
6.138854e+07
6.138845e+07
6.138836e+07
6.138827e+07
6.138818e+07
6.138808e+07
6.138798e+07
6.138788e+07
6.138778e+07
6.138767e+07
6.138757e+07
6.138746e+07
6.138735e+07
6.138723e+07
6.138712e+07
6.138700e+07
6.138688e+07
6.138675e+07
6.138663e+07
6.138650e+07
6.138637e+07
6.138623e+07
6.138609e+07
6.138595e+07
6.138581e+07
6.138566e+07
6.138551e+07
6.138535e+07
6.138520e+07
6.138503e+07
6.138487e+07
6.138470e+07
6.138452e+07
6.138434e+07
6.138416e+07
6.138397e+07
6.138378e+07
6.138358e+07
6.138338e+07
6.138318e+07
6.138296e+07
6.138275e+07
6.138252e+07
6.138230e+07
6.138206e+07
6.138182e+07
6.138157e+07
6.138132e+07
6.138106e+07
6.138080e+07
6.138052e+07
6.138024e+07
6.137995e+07
6.137966e+07
6.137936e+07
6.137904e+07
6.137872e+07
6.137840e+07
6.137806e+07
6.137771e+07
6.137736e+07
6.137699e+07
6.137661e+07
6.137623e+07
6.137583e+07
6.137542e+07
6.137501e+07
6.137458e+07
6.137413e+07
6.137368e+07
6.137321e+07
6.137273e+07
6.137224e+07
6.137173e+07
6.137121e+07
6.137067e+07
6.137012e+07
6.136955e+07
6.136897e+07
6.136837e+07
6.136775e+07
6.136711e+07
6.136646e+07
6.136578e+07
6.136509e+07
6.136438e+07
6.136365e+07
6.136289e+07
6.136212e+07
6.136132e+07
6.136050e+07
6.135965e+07
6.135878e+07
6.135789e+07
6.135696e+07
6.135601e+07
6.135504e+07
6.135403e+07
6.135300e+07
6.135193e+07
6.135083e+07
6.134970e+07
6.134854e+07
6.134734e+07
6.134611e+07
6.134484e+07
6.134353e+07
6.134218e+07
6.134080e+07
6.133937e+07
6.133790e+07
6.133638e+07
6.133482e+07
6.133321e+07
6.133156e+07
6.132985e+07
6.132810e+07
6.132629e+07
6.132442e+07
6.132250e+07
6.132052e+07
6.131849e+07
6.131639e+07
6.131423e+07
6.131200e+07
6.130970e+07
6.130734e+07
6.130490e+07
6.130239e+07
6.129980e+07
6.129714e+07
6.129439e+07
6.129156e+07
6.128865e+07
6.128564e+07
6.128255e+07
6.127936e+07
6.127607e+07
6.127268e+07
6.126919e+07
6.126559e+07
6.126189e+07
6.125807e+07
6.125413e+07
6.125007e+07
6.124589e+07
6.124158e+07
6.123713e+07
6.123256e+07
6.122784e+07
6.122297e+07
6.121796e+07
6.121279e+07
6.120746e+07
6.120197e+07
6.119632e+07
6.119048e+07
6.118447e+07
6.117827e+07
6.117188e+07
6.116530e+07
6.115851e+07
6.115151e+07
6.114430e+07
6.113686e+07
6.112920e+07
6.112130e+07
6.111315e+07
6.110475e+07
6.109609e+07
6.108717e+07
6.107797e+07
6.106848e+07
6.105870e+07
6.104862e+07
6.103822e+07
6.102751e+07
6.101646e+07
6.100506e+07
6.099332e+07
6.098121e+07
6.096872e+07
6.095585e+07
6.094257e+07
6.092889e+07
6.091477e+07
6.090022e+07
6.088522e+07
6.086975e+07
6.085380e+07
6.083735e+07
6.082039e+07
6.080289e+07
6.078486e+07
6.076626e+07
6.074708e+07
6.072730e+07
6.070691e+07
6.068587e+07
6.066418e+07
6.064181e+07
6.061874e+07
6.059495e+07
6.057041e+07
6.054510e+07
6.051900e+07
6.049209e+07
6.046432e+07
6.043569e+07
6.040615e+07
6.037569e+07
6.034427e+07
6.031185e+07
6.027842e+07
6.024394e+07
6.020837e+07
6.017167e+07
6.013382e+07
6.009477e+07
6.005449e+07
6.001293e+07
5.997006e+07
5.992582e+07
5.988019e+07
5.983311e+07
5.978453e+07
5.973441e+07
5.968269e+07
5.962933e+07
5.957427e+07
5.951745e+07
5.945882e+07
5.939831e+07
5.933587e+07
5.927142e+07
5.920491e+07
5.913627e+07
5.906542e+07
5.899229e+07
5.891680e+07
5.883888e+07
5.875844e+07
5.867540e+07
5.858967e+07
5.850116e+07
5.840977e+07
5.831541e+07
5.821797e+07
5.811735e+07
5.801344e+07
5.790613e+07
5.779529e+07
5.768081e+07
5.756256e+07
5.744040e+07
5.731419e+07
5.718380e+07
5.704907e+07
5.690986e+07
5.676599e+07
5.661730e+07
5.646362e+07
5.630475e+07
5.614053e+07
5.597073e+07
5.579516e+07
5.561361e+07
5.542584e+07
5.523162e+07
5.503070e+07
5.482283e+07
5.460774e+07
5.438513e+07
5.415473e+07
5.391621e+07
5.366925e+07
5.341351e+07
5.314863e+07
5.287422e+07
5.258989e+07
5.229522e+07
5.198977e+07
5.167306e+07
5.134459e+07
5.100386e+07
5.065028e+07
5.028329e+07
4.990224e+07
4.950647e+07
4.909526e+07
4.866785e+07
4.822342e+07
4.776111e+07
4.727996e+07
4.677897e+07
4.625703e+07
4.571296e+07
4.514548e+07
4.455318e+07
4.393452e+07
4.328783e+07
4.261124e+07
4.190271e+07
4.115996e+07
4.038043e+07
3.956126e+07
3.869920e+07
3.779055e+07
3.683107e+07
3.581581e+07
3.473900e+07
3.359377e+07
3.237186e+07
3.106317e+07
2.965510e+07
2.813157e+07
2.647145e+07
2.464601e+07
2.261432e+07
2.031462e+07
1.764611e+07
1.442657e+07
1.028063e+07
0.000000e+00
0.000000e+00
0.000000e+00
0.000000e+00
0.000000e+00
0.000000e+00
0.000000e+00
0.000000e+00
0.000000e+00
0.000000e+00
0.000000e+00
0.000000e+00
0.000000e+00
0.000000e+00
0.000000e+00
0.000000e+00
0.000000e+00
0.000000e+00
0.000000e+00
0.000000e+00
0.000000e+00
0.000000e+00
0.000000e+00
0.000000e+00
0.000000e+00
0.000000e+00
0.000000e+00
0.000000e+00
0.000000e+00
0.000000e+00
0.000000e+00
0.000000e+00
0.000000e+00
0.000000e+00
0.000000e+00
0.000000e+00
0.000000e+00
0.000000e+00
0.000000e+00
0.000000e+00
0.000000e+00
0.000000e+00
0.000000e+00
0.000000e+00
0.000000e+00
0.000000e+00
0.000000e+00
0.000000e+00
0.000000e+00
0.000000e+00
0.000000e+00
0.000000e+00
0.000000e+00
0.000000e+00
0.000000e+00
0.000000e+00
0.000000e+00
0.000000e+00
0.000000e+00
0.000000e+00
0.000000e+00
0.000000e+00
0.000000e+00
0.000000e+00
0.000000e+00
0.000000e+00
0.000000e+00
0.000000e+00
0.000000e+00
0.000000e+00
0.000000e+00
0.000000e+00
0.000000e+00
0.000000e+00
0.000000e+00
0.000000e+00
0.000000e+00
0.000000e+00
0.000000e+00
0.000000e+00
0.000000e+00
0.000000e+00
0.000000e+00
0.000000e+00
0.000000e+00
0.000000e+00
0.000000e+00
0.000000e+00
0.000000e+00
0.000000e+00
0.000000e+00
0.000000e+00
0.000000e+00
0.000000e+00
0.000000e+00
0.000000e+00
0.000000e+00
0.000000e+00
0.000000e+00
0.000000e+00
0.000000e+00
0.000000e+00
0.000000e+00
0.000000e+00
0.000000e+00
0.000000e+00
0.000000e+00
0.000000e+00
0.000000e+00
0.000000e+00
0.000000e+00
0.000000e+00
0.000000e+00
0.000000e+00
0.000000e+00
0.000000e+00
0.000000e+00
0.000000e+00
0.000000e+00
0.000000e+00
0.000000e+00
0.000000e+00
0.000000e+00
0.000000e+00
0.000000e+00
0.000000e+00
0.000000e+00
0.000000e+00
0.000000e+00
0.000000e+00
0.000000e+00
0.000000e+00
0.000000e+00
0.000000e+00
0.000000e+00
0.000000e+00
0.000000e+00
0.000000e+00
0.000000e+00
0.000000e+00
0.000000e+00
0.000000e+00
0.000000e+00
0.000000e+00
0.000000e+00
0.000000e+00
0.000000e+00
0.000000e+00
0.000000e+00
0.000000e+00
0.000000e+00
0.000000e+00
0.000000e+00
0.000000e+00
0.000000e+00
0.000000e+00
0.000000e+00
0.000000e+00
0.000000e+00
0.000000e+00
0.000000e+00
0.000000e+00
0.000000e+00
0.000000e+00
0.000000e+00
0.000000e+00
0.000000e+00
0.000000e+00
0.000000e+00
0.000000e+00
0.000000e+00
0.000000e+00
0.000000e+00
0.000000e+00
0.000000e+00
0.000000e+00
0.000000e+00
0.000000e+00
0.000000e+00
0.000000e+00
0.000000e+00
0.000000e+00
0.000000e+00
0.000000e+00
0.000000e+00
0.000000e+00
0.000000e+00
0.000000e+00
0.000000e+00
0.000000e+00
0.000000e+00
0.000000e+00
0.000000e+00
0.000000e+00
0.000000e+00
0.000000e+00
0.000000e+00
0.000000e+00
0.000000e+00
0.000000e+00
0.000000e+00
0.000000e+00
0.000000e+00
0.000000e+00
0.000000e+00
0.000000e+00
0.000000e+00
0.000000e+00
0.000000e+00
0.000000e+00
0.000000e+00
0.000000e+00
0.000000e+00
0.000000e+00
0.000000e+00
0.000000e+00
0.000000e+00
0.000000e+00
0.000000e+00
0.000000e+00
0.000000e+00
0.000000e+00
0.000000e+00
0.000000e+00
0.000000e+00
0.000000e+00
0.000000e+00
0.000000e+00
0.000000e+00
0.000000e+00
0.000000e+00
0.000000e+00
0.000000e+00
0.000000e+00
0.000000e+00
0.000000e+00
0.000000e+00
0.000000e+00
0.000000e+00
0.000000e+00
0.000000e+00
0.000000e+00
0.000000e+00
0.000000e+00
0.000000e+00
0.000000e+00
0.000000e+00
0.000000e+00
0.000000e+00
0.000000e+00
0.000000e+00
0.000000e+00
0.000000e+00
0.000000e+00
0.000000e+00
0.000000e+00
0.000000e+00
0.000000e+00
0.000000e+00
0.000000e+00
0.000000e+00
0.000000e+00
0.000000e+00
0.000000e+00
0.000000e+00
0.000000e+00
0.000000e+00
0.000000e+00
0.000000e+00
0.000000e+00
0.000000e+00
0.000000e+00
0.000000e+00
0.000000e+00
0.000000e+00
0.000000e+00
0.000000e+00
0.000000e+00
0.000000e+00
0.000000e+00
0.000000e+00
0.000000e+00
0.000000e+00
0.000000e+00
0.000000e+00
0.000000e+00
0.000000e+00
0.000000e+00
0.000000e+00
0.000000e+00
0.000000e+00
0.000000e+00
0.000000e+00
0.000000e+00
0.000000e+00
0.000000e+00
0.000000e+00
0.000000e+00
0.000000e+00
0.000000e+00
0.000000e+00
0.000000e+00
0.000000e+00
0.000000e+00
0.000000e+00
0.000000e+00
0.000000e+00
0.000000e+00
0.000000e+00
0.000000e+00
0.000000e+00
0.000000e+00
0.000000e+00
0.000000e+00
0.000000e+00
0.000000e+00
0.000000e+00
0.000000e+00
0.000000e+00
0.000000e+00
0.000000e+00
0.000000e+00
0.000000e+00
0.000000e+00
0.000000e+00
0.000000e+00
0.000000e+00
0.000000e+00
0.000000e+00
0.000000e+00
0.000000e+00
0.000000e+00
0.000000e+00
0.000000e+00
0.000000e+00
0.000000e+00
0.000000e+00
0.000000e+00
0.000000e+00
0.000000e+00
0.000000e+00
0.000000e+00
0.000000e+00
0.000000e+00
0.000000e+00
0.000000e+00
0.000000e+00
0.000000e+00
0.000000e+00
0.000000e+00
0.000000e+00
0.000000e+00
0.000000e+00
0.000000e+00
0.000000e+00
0.000000e+00
0.000000e+00
0.000000e+00
0.000000e+00
0.000000e+00
0.000000e+00
0.000000e+00
0.000000e+00
0.000000e+00
0.000000e+00
0.000000e+00
0.000000e+00
0.000000e+00
0.000000e+00
0.000000e+00
0.000000e+00
0.000000e+00
0.000000e+00
0.000000e+00
0.000000e+00
0.000000e+00
0.000000e+00
0.000000e+00
0.000000e+00
0.000000e+00
0.000000e+00
0.000000e+00
0.000000e+00
0.000000e+00
0.000000e+00
0.000000e+00
0.000000e+00
0.000000e+00
0.000000e+00
0.000000e+00
0.000000e+00
0.000000e+00
0.000000e+00
0.000000e+00
0.000000e+00
0.000000e+00
0.000000e+00
0.000000e+00
0.000000e+00
0.000000e+00
0.000000e+00
0.000000e+00
0.000000e+00
0.000000e+00
0.000000e+00
0.000000e+00
0.000000e+00
0.000000e+00
0.000000e+00
0.000000e+00
0.000000e+00
0.000000e+00
0.000000e+00
0.000000e+00
0.000000e+00
0.000000e+00
0.000000e+00
0.000000e+00
0.000000e+00
0.000000e+00
0.000000e+00
0.000000e+00
0.000000e+00
0.000000e+00
0.000000e+00
0.000000e+00
0.000000e+00
0.000000e+00
0.000000e+00
0.000000e+00
0.000000e+00
0.000000e+00
0.000000e+00
0.000000e+00
0.000000e+00
0.000000e+00
0.000000e+00
0.000000e+00
0.000000e+00
0.000000e+00
0.000000e+00
0.000000e+00
0.000000e+00
0.000000e+00
0.000000e+00
0.000000e+00
0.000000e+00
0.000000e+00
0.000000e+00
0.000000e+00
0.000000e+00
0.000000e+00
0.000000e+00
0.000000e+00
0.000000e+00
0.000000e+00
0.000000e+00
0.000000e+00
0.000000e+00
0.000000e+00
0.000000e+00
0.000000e+00
0.000000e+00
0.000000e+00
0.000000e+00
0.000000e+00
0.000000e+00
0.000000e+00
0.000000e+00
0.000000e+00
0.000000e+00
0.000000e+00
0.000000e+00
0.000000e+00
0.000000e+00
0.000000e+00
0.000000e+00
0.000000e+00
0.000000e+00
0.000000e+00
0.000000e+00
0.000000e+00
0.000000e+00
0.000000e+00
0.000000e+00
0.000000e+00
0.000000e+00
0.000000e+00
0.000000e+00
0.000000e+00
0.000000e+00
0.000000e+00
0.000000e+00
0.000000e+00
0.000000e+00
0.000000e+00
0.000000e+00
0.000000e+00
0.000000e+00
0.000000e+00
0.000000e+00
0.000000e+00
0.000000e+00
0.000000e+00
0.000000e+00
0.000000e+00
0.000000e+00
0.000000e+00
0.000000e+00
0.000000e+00
0.000000e+00
0.000000e+00
0.000000e+00
0.000000e+00
0.000000e+00
0.000000e+00
0.000000e+00
0.000000e+00
0.000000e+00
0.000000e+00
0.000000e+00
0.000000e+00
0.000000e+00
0.000000e+00
0.000000e+00
0.000000e+00
0.000000e+00
0.000000e+00
0.000000e+00
0.000000e+00
0.000000e+00
0.000000e+00
0.000000e+00
0.000000e+00
0.000000e+00
0.000000e+00
0.000000e+00
0.000000e+00
0.000000e+00
0.000000e+00
0.000000e+00
0.000000e+00
0.000000e+00
0.000000e+00
0.000000e+00
0.000000e+00
0.000000e+00
0.000000e+00
0.000000e+00
0.000000e+00
0.000000e+00
0.000000e+00
0.000000e+00
0.000000e+00
0.000000e+00
0.000000e+00
0.000000e+00
0.000000e+00
0.000000e+00
0.000000e+00
0.000000e+00
0.000000e+00
0.000000e+00
0.000000e+00
0.000000e+00
0.000000e+00
0.000000e+00
0.000000e+00
0.000000e+00
0.000000e+00
0.000000e+00
0.000000e+00
0.000000e+00
0.000000e+00
0.000000e+00
0.000000e+00
0.000000e+00
0.000000e+00
0.000000e+00
0.000000e+00
0.000000e+00
0.000000e+00
0.000000e+00
0.000000e+00
0.000000e+00
0.000000e+00
0.000000e+00
0.000000e+00
0.000000e+00
0.000000e+00
0.000000e+00
0.000000e+00
0.000000e+00
0.000000e+00
0.000000e+00
0.000000e+00
0.000000e+00
0.000000e+00
0.000000e+00
0.000000e+00
0.000000e+00
0.000000e+00
0.000000e+00
0.000000e+00
0.000000e+00
0.000000e+00
0.000000e+00
0.000000e+00
0.000000e+00
0.000000e+00
0.000000e+00
0.000000e+00
0.000000e+00
0.000000e+00
0.000000e+00
0.000000e+00
0.000000e+00
0.000000e+00
0.000000e+00
0.000000e+00
0.000000e+00
0.000000e+00
0.000000e+00
0.000000e+00
0.000000e+00
0.000000e+00
0.000000e+00
0.000000e+00
0.000000e+00
0.000000e+00
0.000000e+00
0.000000e+00
0.000000e+00
0.000000e+00
0.000000e+00
0.000000e+00
0.000000e+00
0.000000e+00
0.000000e+00
0.000000e+00
0.000000e+00
0.000000e+00
0.000000e+00
0.000000e+00
0.000000e+00
0.000000e+00
0.000000e+00
0.000000e+00
0.000000e+00
0.000000e+00
0.000000e+00
0.000000e+00
0.000000e+00
0.000000e+00
0.000000e+00
0.000000e+00
0.000000e+00
0.000000e+00
0.000000e+00
0.000000e+00
0.000000e+00
0.000000e+00
0.000000e+00
0.000000e+00
0.000000e+00
0.000000e+00
0.000000e+00
0.000000e+00
0.000000e+00
0.000000e+00
0.000000e+00
0.000000e+00
0.000000e+00
0.000000e+00
0.000000e+00
0.000000e+00
0.000000e+00
0.000000e+00
0.000000e+00
0.000000e+00
0.000000e+00
0.000000e+00
0.000000e+00
0.000000e+00
0.000000e+00
0.000000e+00
0.000000e+00
0.000000e+00
0.000000e+00
0.000000e+00
0.000000e+00
0.000000e+00
0.000000e+00
0.000000e+00
0.000000e+00
0.000000e+00
0.000000e+00
0.000000e+00
0.000000e+00
0.000000e+00
0.000000e+00
0.000000e+00
0.000000e+00
0.000000e+00
0.000000e+00
0.000000e+00
0.000000e+00
0.000000e+00
0.000000e+00
0.000000e+00
0.000000e+00
0.000000e+00
0.000000e+00
0.000000e+00
0.000000e+00
0.000000e+00
0.000000e+00
0.000000e+00
0.000000e+00
0.000000e+00
0.000000e+00
0.000000e+00
0.000000e+00
0.000000e+00
0.000000e+00
0.000000e+00
0.000000e+00
0.000000e+00
0.000000e+00
0.000000e+00
0.000000e+00
0.000000e+00
0.000000e+00
0.000000e+00
0.000000e+00
0.000000e+00
0.000000e+00
0.000000e+00
0.000000e+00
0.000000e+00
0.000000e+00
0.000000e+00
0.000000e+00
0.000000e+00
0.000000e+00
0.000000e+00
0.000000e+00
0.000000e+00
0.000000e+00
0.000000e+00
0.000000e+00
0.000000e+00
0.000000e+00
0.000000e+00
0.000000e+00
0.000000e+00
0.000000e+00
0.000000e+00
0.000000e+00
0.000000e+00
0.000000e+00
0.000000e+00
0.000000e+00
0.000000e+00
0.000000e+00
0.000000e+00
0.000000e+00
0.000000e+00
0.000000e+00
0.000000e+00
0.000000e+00
0.000000e+00
0.000000e+00
0.000000e+00
0.000000e+00
0.000000e+00
0.000000e+00
0.000000e+00
0.000000e+00
0.000000e+00
0.000000e+00
0.000000e+00
0.000000e+00
0.000000e+00
0.000000e+00
0.000000e+00
0.000000e+00
0.000000e+00
0.000000e+00
0.000000e+00
0.000000e+00
0.000000e+00
0.000000e+00
0.000000e+00
0.000000e+00
0.000000e+00
0.000000e+00
0.000000e+00
0.000000e+00
0.000000e+00
0.000000e+00
0.000000e+00
0.000000e+00
0.000000e+00
0.000000e+00
0.000000e+00
0.000000e+00
0.000000e+00
0.000000e+00
0.000000e+00
0.000000e+00
0.000000e+00
0.000000e+00
0.000000e+00
0.000000e+00
0.000000e+00
0.000000e+00
0.000000e+00
0.000000e+00
0.000000e+00
0.000000e+00
0.000000e+00
0.000000e+00
0.000000e+00
0.000000e+00
0.000000e+00
0.000000e+00
0.000000e+00
0.000000e+00
0.000000e+00
0.000000e+00
0.000000e+00
0.000000e+00
0.000000e+00
0.000000e+00
0.000000e+00
0.000000e+00
0.000000e+00
0.000000e+00
0.000000e+00
0.000000e+00
0.000000e+00
0.000000e+00
0.000000e+00
0.000000e+00
0.000000e+00
0.000000e+00
0.000000e+00
0.000000e+00
0.000000e+00
0.000000e+00
0.000000e+00
0.000000e+00
0.000000e+00
0.000000e+00
0.000000e+00
0.000000e+00
0.000000e+00
0.000000e+00
0.000000e+00
0.000000e+00
0.000000e+00
0.000000e+00
0.000000e+00
0.000000e+00
0.000000e+00
0.000000e+00
0.000000e+00
0.000000e+00
0.000000e+00
0.000000e+00
0.000000e+00
0.000000e+00
0.000000e+00
0.000000e+00
0.000000e+00
0.000000e+00
0.000000e+00
0.000000e+00
0.000000e+00
0.000000e+00
0.000000e+00
0.000000e+00
0.000000e+00
0.000000e+00
0.000000e+00
0.000000e+00
0.000000e+00
0.000000e+00
0.000000e+00
0.000000e+00
0.000000e+00
0.000000e+00
0.000000e+00
0.000000e+00
0.000000e+00
0.000000e+00
0.000000e+00
0.000000e+00
0.000000e+00
0.000000e+00
0.000000e+00
0.000000e+00
0.000000e+00
0.000000e+00
0.000000e+00
0.000000e+00
0.000000e+00
0.000000e+00
0.000000e+00
0.000000e+00
0.000000e+00
0.000000e+00
0.000000e+00
0.000000e+00
0.000000e+00
0.000000e+00
0.000000e+00
0.000000e+00
0.000000e+00
0.000000e+00
0.000000e+00
0.000000e+00
0.000000e+00
0.000000e+00
0.000000e+00
0.000000e+00
0.000000e+00
0.000000e+00
0.000000e+00
0.000000e+00
0.000000e+00
0.000000e+00
0.000000e+00
0.000000e+00
0.000000e+00
0.000000e+00
0.000000e+00
0.000000e+00
0.000000e+00
0.000000e+00
0.000000e+00
0.000000e+00
0.000000e+00
0.000000e+00
0.000000e+00
0.000000e+00
0.000000e+00
0.000000e+00
0.000000e+00
0.000000e+00
0.000000e+00
0.000000e+00
0.000000e+00
0.000000e+00
0.000000e+00
0.000000e+00
0.000000e+00
0.000000e+00
0.000000e+00
0.000000e+00
0.000000e+00
0.000000e+00
0.000000e+00
0.000000e+00
0.000000e+00
0.000000e+00
0.000000e+00
0.000000e+00
0.000000e+00
0.000000e+00
0.000000e+00
0.000000e+00
0.000000e+00
0.000000e+00
0.000000e+00
0.000000e+00
0.000000e+00
0.000000e+00
0.000000e+00
0.000000e+00
0.000000e+00
0.000000e+00
0.000000e+00
0.000000e+00
0.000000e+00
0.000000e+00
0.000000e+00
0.000000e+00
0.000000e+00
0.000000e+00
0.000000e+00
0.000000e+00
0.000000e+00
0.000000e+00
0.000000e+00
0.000000e+00
0.000000e+00
0.000000e+00
0.000000e+00
0.000000e+00
0.000000e+00
0.000000e+00
0.000000e+00
0.000000e+00
0.000000e+00
0.000000e+00
0.000000e+00
0.000000e+00
0.000000e+00
0.000000e+00
0.000000e+00
0.000000e+00
0.000000e+00
0.000000e+00
0.000000e+00
0.000000e+00
0.000000e+00
0.000000e+00
0.000000e+00
0.000000e+00
0.000000e+00
0.000000e+00
0.000000e+00
0.000000e+00
0.000000e+00
0.000000e+00
0.000000e+00
0.000000e+00
0.000000e+00
0.000000e+00
0.000000e+00
0.000000e+00
0.000000e+00
0.000000e+00
0.000000e+00
0.000000e+00
0.000000e+00
0.000000e+00
0.000000e+00
0.000000e+00
0.000000e+00
0.000000e+00
0.000000e+00
0.000000e+00
0.000000e+00
0.000000e+00
0.000000e+00
0.000000e+00
0.000000e+00
0.000000e+00
0.000000e+00
0.000000e+00
0.000000e+00
0.000000e+00
0.000000e+00
0.000000e+00
0.000000e+00
0.000000e+00
0.000000e+00
0.000000e+00
0.000000e+00
0.000000e+00
0.000000e+00
0.000000e+00
0.000000e+00
0.000000e+00
0.000000e+00
0.000000e+00
0.000000e+00
0.000000e+00
0.000000e+00
0.000000e+00
0.000000e+00
0.000000e+00
0.000000e+00
0.000000e+00
0.000000e+00
0.000000e+00
0.000000e+00
0.000000e+00
0.000000e+00
0.000000e+00
0.000000e+00
0.000000e+00
0.000000e+00
0.000000e+00
0.000000e+00
0.000000e+00
0.000000e+00
0.000000e+00
0.000000e+00
0.000000e+00
0.000000e+00
0.000000e+00
0.000000e+00
0.000000e+00
0.000000e+00
0.000000e+00
0.000000e+00
0.000000e+00
0.000000e+00
0.000000e+00
0.000000e+00
0.000000e+00
0.000000e+00
0.000000e+00
0.000000e+00
0.000000e+00
