4.161106e+06
4.041678e+06
3.924092e+06
3.808348e+06
3.694446e+06
3.582385e+06
3.472165e+06
3.363785e+06
3.257246e+06
3.152547e+06
3.049687e+06
2.948667e+06
2.849485e+06
2.752141e+06
2.656634e+06
2.562965e+06
2.471132e+06
2.381135e+06
2.292973e+06
2.206646e+06
2.122153e+06
2.039494e+06
1.958667e+06
1.879672e+06
1.802507e+06
1.727174e+06
1.653669e+06
1.581993e+06
1.512145e+06
1.444124e+06
1.377928e+06
1.313557e+06
1.251010e+06
1.190286e+06
1.131383e+06
1.074301e+06
1.019038e+06
9.655933e+05
9.139656e+05
8.641537e+05
8.161561e+05
7.699717e+05
7.255990e+05
6.830367e+05
6.422833e+05
6.033373e+05
5.661973e+05
5.308616e+05
4.973288e+05
4.655971e+05
4.356650e+05
4.075306e+05
3.811924e+05
3.566484e+05
3.338969e+05
3.129360e+05
2.937637e+05
2.763783e+05
2.607775e+05
2.469595e+05
2.349221e+05
2.246632e+05
2.161806e+05
2.094722e+05
2.045356e+05
2.013686e+05
1.999688e+05
2.003338e+05
2.024612e+05
2.063484e+05
2.119929e+05
2.193922e+05
2.285436e+05
2.394444e+05
2.520919e+05
2.664832e+05
2.826156e+05
3.004861e+05
3.200919e+05
3.414298e+05
3.644969e+05
3.892901e+05
4.158062e+05
4.440420e+05
4.739943e+05
5.056596e+05
5.390347e+05
5.741162e+05
6.109004e+05
6.493840e+05
6.895633e+05
7.314346e+05
7.749943e+05
8.202385e+05
8.671635e+05
9.157653e+05
9.660400e+05
1.017984e+06
1.071592e+06
1.126861e+06
1.183787e+06
