3.746221e+06
3.636348e+06
3.528212e+06
3.421813e+06
3.317150e+06
3.214222e+06
3.113031e+06
3.013574e+06
2.915853e+06
2.819866e+06
2.725613e+06
2.633094e+06
2.542308e+06
2.453255e+06
2.365933e+06
2.280344e+06
2.196486e+06
2.114358e+06
2.033960e+06
1.955291e+06
1.878351e+06
1.803139e+06
1.729654e+06
1.657895e+06
1.587863e+06
1.519555e+06
1.452971e+06
1.388110e+06
1.324972e+06
1.263555e+06
1.203859e+06
1.145882e+06
1.089623e+06
1.035082e+06
9.822579e+05
9.311487e+05
8.817536e+05
8.340715e+05
7.881011e+05
7.438414e+05
7.012910e+05
6.604485e+05
6.213127e+05
5.838822e+05
5.481557e+05
5.141315e+05
4.818083e+05
4.511846e+05
4.222588e+05
3.950294e+05
3.694946e+05
3.456528e+05
3.235024e+05
3.030416e+05
2.842685e+05
2.671815e+05
2.517785e+05
2.380578e+05
2.260174e+05
2.156552e+05
2.069692e+05
1.999575e+05
1.946178e+05
1.909481e+05
1.889460e+05
1.886094e+05
1.899360e+05
1.929234e+05
1.975692e+05
2.038711e+05
2.118266e+05
2.214331e+05
2.326881e+05
2.455889e+05
2.601329e+05
2.763174e+05
2.941396e+05
3.135967e+05
3.346859e+05
3.574042e+05
3.817488e+05
4.077165e+05
4.353043e+05
4.645091e+05
4.953277e+05
5.277570e+05
5.617936e+05
5.974342e+05
6.346755e+05
6.735140e+05
7.139462e+05
7.559686e+05
7.995776e+05
8.447695e+05
8.915407e+05
9.398873e+05
9.898055e+05
1.041291e+06
1.094341e+06
1.148951e+06
1.205116e+06
