1.75617212
1.75617512
1.75617912
1.75618212
1.75618612
1.75619012
1.75619312
1.75619712
1.75620112
1.75620512
1.75620912
1.75621312
1.75621712
1.75622112
1.75622612
1.75623012
1.75623412
1.75623912
1.75624312
1.75624812
1.75625312
1.75625712
1.75626212
1.75626712
1.75627212
1.75627712
1.75628212
1.75628812
1.75629312
1.75629912
1.75630412
1.75631012
1.75631512
1.75632112
1.75632712
1.75633312
1.75634012
1.75634612
1.75635212
1.75635912
1.75636612
1.75637212
1.75637912
1.75638612
1.75639412
1.75640112
1.75640812
1.75641612
1.75642412
1.75643212
1.75644012
1.75644912
1.75645712
1.75646612
1.75647512
1.75648412
1.75649312
1.75650312
1.75651312
1.75652312
1.75653312
1.75654312
1.75655412
1.75656512
1.75657612
1.75658812
1.75660012
1.75661212
1.75662412
1.75663712
1.75665012
1.75666312
1.75667712
1.75669112
1.75670612
1.75672112
1.75673612
1.75675212
1.75676812
1.75678512
1.75680212
1.75682012
1.75683812
1.75685712
1.75687612
1.75689612
1.75691712
1.75693812
1.75696012
1.75698212
1.75700512
1.75702912
1.75705312
1.75707812
1.75710412
1.75713112
1.75715912
1.75718712
1.75721612
1.75724612
1.75727612
