1.75620512
1.75620912
1.75621312
1.75621712
1.75622112
1.75622512
1.75622912
1.75623312
1.75623712
1.75624212
1.75624612
1.75625112
1.75625512
1.75626012
1.75626412
1.75626912
1.75627412
1.75627912
1.75628412
1.75628912
1.75629412
1.75629912
1.75630412
1.75631012
1.75631512
1.75632112
1.75632712
1.75633212
1.75633812
1.75634412
1.75635012
1.75635712
1.75636312
1.75636912
1.75637612
1.75638312
1.75639012
1.75639712
1.75640412
1.75641112
1.75641812
1.75642612
1.75643412
1.75644212
1.75645012
1.75645812
1.75646612
1.75647512
1.75648412
1.75649312
1.75650212
1.75651112
1.75652112
1.75653012
1.75654012
1.75655112
1.75656112
1.75657212
1.75658312
1.75659412
1.75660612
1.75661812
1.75663012
1.75664212
1.75665512
1.75666812
1.75668212
1.75669512
1.75671012
1.75672412
1.75673912
1.75675412
1.75677012
1.75678612
1.75680312
1.75682012
1.75683812
1.75685612
1.75687512
1.75689412
1.75691412
1.75693412
1.75695512
1.75697712
1.75699912
1.75702212
1.75704612
1.75707012
1.75709512
1.75712112
1.75714812
1.75717512
1.75720412
1.75723312
1.75726212
1.75729312
1.75732512
1.75735712
1.75739012
1.75742312
1.75745812
