6.483977e+07
6.483893e+07
6.483874e+07
6.483864e+07
6.483857e+07
6.483851e+07
6.483847e+07
6.483843e+07
6.483840e+07
6.483837e+07
6.483834e+07
6.483832e+07
6.483830e+07
6.483828e+07
6.483826e+07
6.483824e+07
6.483822e+07
6.483821e+07
6.483819e+07
6.483818e+07
6.483817e+07
6.483815e+07
6.483814e+07
6.483813e+07
6.483812e+07
6.483810e+07
6.483809e+07
6.483808e+07
6.483807e+07
6.483806e+07
6.483805e+07
6.483804e+07
6.483803e+07
6.483802e+07
6.483801e+07
6.483800e+07
6.483799e+07
6.483798e+07
6.483797e+07
6.483796e+07
6.483795e+07
6.483795e+07
6.483794e+07
6.483793e+07
6.483792e+07
6.483791e+07
6.483790e+07
6.483789e+07
6.483788e+07
6.483788e+07
6.483787e+07
6.483786e+07
6.483785e+07
6.483784e+07
6.483783e+07
6.483782e+07
6.483782e+07
6.483781e+07
6.483780e+07
6.483779e+07
6.483778e+07
6.483777e+07
6.483776e+07
6.483776e+07
6.483775e+07
6.483774e+07
6.483773e+07
6.483772e+07
6.483771e+07
6.483770e+07
6.483769e+07
6.483769e+07
6.483768e+07
6.483767e+07
6.483766e+07
6.483765e+07
6.483764e+07
6.483763e+07
6.483762e+07
6.483761e+07
6.483760e+07
6.483759e+07
6.483759e+07
6.483758e+07
6.483757e+07
6.483756e+07
6.483755e+07
6.483754e+07
6.483753e+07
6.483752e+07
6.483751e+07
6.483750e+07
6.483749e+07
6.483748e+07
6.483747e+07
6.483746e+07
6.483745e+07
6.483744e+07
6.483743e+07
6.483742e+07
6.483741e+07
6.483740e+07
6.483739e+07
6.483738e+07
6.483737e+07
6.483736e+07
6.483735e+07
6.483733e+07
6.483732e+07
6.483731e+07
6.483730e+07
6.483729e+07
6.483728e+07
6.483727e+07
6.483726e+07
6.483725e+07
6.483723e+07
6.483722e+07
6.483721e+07
6.483720e+07
6.483719e+07
6.483718e+07
6.483716e+07
6.483715e+07
6.483714e+07
6.483713e+07
6.483712e+07
6.483710e+07
6.483709e+07
6.483708e+07
6.483707e+07
6.483705e+07
6.483704e+07
6.483703e+07
6.483701e+07
6.483700e+07
6.483699e+07
6.483698e+07
6.483696e+07
6.483695e+07
6.483694e+07
6.483692e+07
6.483691e+07
6.483689e+07
6.483688e+07
6.483687e+07
6.483685e+07
6.483684e+07
6.483683e+07
6.483681e+07
6.483680e+07
6.483678e+07
6.483677e+07
6.483675e+07
6.483674e+07
6.483672e+07
6.483671e+07
6.483669e+07
6.483668e+07
6.483666e+07
6.483665e+07
6.483663e+07
6.483662e+07
6.483660e+07
6.483659e+07
6.483657e+07
6.483655e+07
6.483654e+07
6.483652e+07
6.483651e+07
6.483649e+07
6.483647e+07
6.483646e+07
6.483644e+07
6.483642e+07
6.483641e+07
6.483639e+07
6.483637e+07
6.483636e+07
6.483634e+07
6.483632e+07
6.483630e+07
6.483629e+07
6.483627e+07
6.483625e+07
6.483623e+07
6.483621e+07
6.483620e+07
6.483618e+07
6.483616e+07
6.483614e+07
6.483612e+07
6.483610e+07
6.483609e+07
6.483607e+07
6.483605e+07
6.483603e+07
6.483601e+07
6.483599e+07
6.483597e+07
6.483595e+07
6.483593e+07
6.483591e+07
6.483589e+07
6.483587e+07
6.483585e+07
6.483583e+07
6.483581e+07
6.483579e+07
6.483576e+07
6.483574e+07
6.483572e+07
6.483570e+07
6.483568e+07
6.483566e+07
6.483564e+07
6.483561e+07
6.483559e+07
6.483557e+07
6.483555e+07
6.483552e+07
6.483550e+07
6.483548e+07
6.483546e+07
6.483543e+07
6.483541e+07
6.483539e+07
6.483536e+07
6.483534e+07
6.483531e+07
6.483529e+07
6.483527e+07
6.483524e+07
6.483522e+07
6.483519e+07
6.483517e+07
6.483514e+07
6.483511e+07
6.483509e+07
6.483506e+07
6.483504e+07
6.483501e+07
6.483498e+07
6.483496e+07
6.483493e+07
6.483490e+07
6.483488e+07
6.483485e+07
6.483482e+07
6.483479e+07
6.483477e+07
6.483474e+07
6.483471e+07
6.483468e+07
6.483465e+07
6.483462e+07
6.483459e+07
6.483456e+07
6.483453e+07
6.483450e+07
6.483447e+07
6.483444e+07
6.483441e+07
6.483438e+07
6.483435e+07
6.483432e+07
6.483429e+07
6.483425e+07
6.483422e+07
6.483419e+07
6.483415e+07
6.483412e+07
6.483409e+07
6.483405e+07
6.483402e+07
6.483398e+07
6.483395e+07
6.483391e+07
6.483388e+07
6.483384e+07
6.483381e+07
6.483377e+07
6.483373e+07
6.483370e+07
6.483366e+07
6.483362e+07
6.483358e+07
6.483354e+07
6.483350e+07
6.483346e+07
6.483342e+07
6.483338e+07
6.483334e+07
6.483330e+07
6.483326e+07
6.483321e+07
6.483317e+07
6.483313e+07
6.483308e+07
6.483304e+07
6.483299e+07
6.483295e+07
6.483290e+07
6.483286e+07
6.483281e+07
6.483276e+07
6.483271e+07
6.483266e+07
6.483261e+07
6.483256e+07
6.483251e+07
6.483246e+07
6.483241e+07
6.483236e+07
6.483230e+07
6.483225e+07
6.483219e+07
6.483214e+07
6.483208e+07
6.483202e+07
6.483196e+07
6.483190e+07
6.483184e+07
6.483178e+07
6.483172e+07
6.483166e+07
6.483159e+07
6.483153e+07
6.483146e+07
6.483139e+07
6.483132e+07
6.483125e+07
6.483118e+07
6.483111e+07
6.483104e+07
6.483096e+07
6.483089e+07
6.483081e+07
6.483073e+07
6.483065e+07
6.483057e+07
6.483049e+07
6.483040e+07
6.483032e+07
6.483023e+07
6.483014e+07
6.483005e+07
6.482996e+07
6.482987e+07
6.482977e+07
6.482967e+07
6.482957e+07
6.482947e+07
6.482937e+07
6.482926e+07
6.482915e+07
6.482904e+07
6.482893e+07
6.482881e+07
6.482870e+07
6.482858e+07
6.482845e+07
6.482833e+07
6.482820e+07
6.482807e+07
6.482794e+07
6.482780e+07
6.482766e+07
6.482752e+07
6.482737e+07
6.482722e+07
6.482707e+07
6.482691e+07
6.482675e+07
6.482659e+07
6.482642e+07
6.482625e+07
6.482607e+07
6.482589e+07
6.482571e+07
6.482552e+07
6.482533e+07
6.482513e+07
6.482493e+07
6.482472e+07
6.482450e+07
6.482429e+07
6.482406e+07
6.482383e+07
6.482360e+07
6.482336e+07
6.482311e+07
6.482286e+07
6.482259e+07
6.482233e+07
6.482205e+07
6.482177e+07
6.482148e+07
6.482119e+07
6.482088e+07
6.482057e+07
6.482025e+07
6.481992e+07
6.481959e+07
6.481924e+07
6.481888e+07
6.481852e+07
6.481814e+07
6.481776e+07
6.481736e+07
6.481695e+07
6.481653e+07
6.481611e+07
6.481566e+07
6.481521e+07
6.481474e+07
6.481426e+07
6.481377e+07
6.481326e+07
6.481274e+07
6.481221e+07
6.481166e+07
6.481109e+07
6.481051e+07
6.480991e+07
6.480929e+07
6.480866e+07
6.480801e+07
6.480734e+07
6.480665e+07
6.480594e+07
6.480521e+07
6.480446e+07
6.480369e+07
6.480290e+07
6.480208e+07
6.480124e+07
6.480037e+07
6.479948e+07
6.479856e+07
6.479762e+07
6.479665e+07
6.479565e+07
6.479462e+07
6.479356e+07
6.479247e+07
6.479135e+07
6.479019e+07
6.478900e+07
6.478778e+07
6.478652e+07
6.478522e+07
6.478388e+07
6.478250e+07
6.478109e+07
6.477962e+07
6.477812e+07
6.477657e+07
6.477498e+07
6.477334e+07
6.477164e+07
6.476990e+07
6.476811e+07
6.476626e+07
6.476436e+07
6.476240e+07
6.476038e+07
6.475829e+07
6.475615e+07
6.475394e+07
6.475167e+07
6.474933e+07
6.474691e+07
6.474442e+07
6.474186e+07
6.473922e+07
6.473650e+07
6.473370e+07
6.473081e+07
6.472784e+07
6.472477e+07
6.472161e+07
6.471836e+07
6.471500e+07
6.471155e+07
6.470799e+07
6.470432e+07
6.470054e+07
6.469664e+07
6.469262e+07
6.468848e+07
6.468422e+07
6.467982e+07
6.467529e+07
6.467062e+07
6.466581e+07
6.466085e+07
6.465574e+07
6.465047e+07
6.464504e+07
6.463945e+07
6.463368e+07
6.462773e+07
6.462161e+07
6.461529e+07
6.460878e+07
6.460207e+07
6.459515e+07
6.458802e+07
6.458067e+07
6.457310e+07
6.456529e+07
6.455724e+07
6.454894e+07
6.454039e+07
6.453157e+07
6.452248e+07
6.451310e+07
6.450344e+07
6.449348e+07
6.448321e+07
6.447263e+07
6.446171e+07
6.445046e+07
6.443886e+07
6.442690e+07
6.441457e+07
6.440186e+07
6.438876e+07
6.437524e+07
6.436131e+07
6.434695e+07
6.433213e+07
6.431686e+07
6.430112e+07
6.428488e+07
6.426814e+07
6.425088e+07
6.423308e+07
6.421472e+07
6.419580e+07
6.417628e+07
6.415616e+07
6.413540e+07
6.411400e+07
6.409194e+07
6.406918e+07
6.404571e+07
6.402151e+07
6.399655e+07
6.397080e+07
6.394426e+07
6.391688e+07
6.388864e+07
6.385951e+07
6.382948e+07
6.379850e+07
6.376654e+07
6.373358e+07
6.369959e+07
6.366452e+07
6.362835e+07
6.359104e+07
6.355256e+07
6.351286e+07
6.347190e+07
6.342965e+07
6.338607e+07
6.334111e+07
6.329472e+07
6.324686e+07
6.319748e+07
6.314654e+07
6.309398e+07
6.303974e+07
6.298378e+07
6.292604e+07
6.286646e+07
6.280497e+07
6.274152e+07
6.267603e+07
6.260845e+07
6.253871e+07
6.246672e+07
6.239242e+07
6.231573e+07
6.223657e+07
6.215486e+07
6.207050e+07
6.198342e+07
6.189351e+07
6.180069e+07
6.170485e+07
6.160589e+07
6.150370e+07
6.139817e+07
6.128919e+07
6.117664e+07
6.106039e+07
6.094032e+07
6.081629e+07
6.068815e+07
6.055577e+07
6.041900e+07
6.027767e+07
6.013163e+07
5.998070e+07
5.982472e+07
5.966348e+07
5.949681e+07
5.932450e+07
5.914634e+07
5.896211e+07
5.877159e+07
5.857454e+07
5.837071e+07
5.815985e+07
5.794166e+07
5.771589e+07
5.748222e+07
5.724034e+07
5.698992e+07
5.673063e+07
5.646209e+07
5.618393e+07
5.589574e+07
5.559711e+07
5.528759e+07
5.496672e+07
5.463398e+07
5.428886e+07
5.393081e+07
5.355922e+07
5.317349e+07
5.277293e+07
5.235685e+07
5.192448e+07
5.147502e+07
5.100760e+07
5.052130e+07
5.001510e+07
4.948795e+07
4.893866e+07
4.836600e+07
4.776858e+07
4.714492e+07
4.649339e+07
4.581220e+07
4.509938e+07
4.435275e+07
4.356989e+07
4.274808e+07
4.188428e+07
4.097504e+07
4.001642e+07
3.900391e+07
3.793226e+07
3.679533e+07
3.558581e+07
3.429493e+07
3.291195e+07
3.142349e+07
2.981244e+07
2.805637e+07
2.612476e+07
2.397413e+07
2.153890e+07
1.871204e+07
1.530014e+07
1.090478e+07
0.000000e+00
0.000000e+00
0.000000e+00
0.000000e+00
0.000000e+00
0.000000e+00
0.000000e+00
0.000000e+00
0.000000e+00
0.000000e+00
0.000000e+00
0.000000e+00
0.000000e+00
0.000000e+00
0.000000e+00
0.000000e+00
0.000000e+00
0.000000e+00
0.000000e+00
0.000000e+00
0.000000e+00
0.000000e+00
0.000000e+00
0.000000e+00
0.000000e+00
0.000000e+00
0.000000e+00
0.000000e+00
0.000000e+00
0.000000e+00
0.000000e+00
0.000000e+00
0.000000e+00
0.000000e+00
0.000000e+00
0.000000e+00
0.000000e+00
0.000000e+00
0.000000e+00
0.000000e+00
0.000000e+00
0.000000e+00
0.000000e+00
0.000000e+00
0.000000e+00
0.000000e+00
0.000000e+00
0.000000e+00
0.000000e+00
0.000000e+00
0.000000e+00
0.000000e+00
0.000000e+00
0.000000e+00
0.000000e+00
0.000000e+00
0.000000e+00
0.000000e+00
0.000000e+00
0.000000e+00
0.000000e+00
0.000000e+00
0.000000e+00
0.000000e+00
0.000000e+00
0.000000e+00
0.000000e+00
0.000000e+00
0.000000e+00
0.000000e+00
0.000000e+00
0.000000e+00
0.000000e+00
0.000000e+00
0.000000e+00
0.000000e+00
0.000000e+00
0.000000e+00
0.000000e+00
0.000000e+00
0.000000e+00
0.000000e+00
0.000000e+00
0.000000e+00
0.000000e+00
0.000000e+00
0.000000e+00
0.000000e+00
0.000000e+00
0.000000e+00
0.000000e+00
0.000000e+00
0.000000e+00
0.000000e+00
0.000000e+00
0.000000e+00
0.000000e+00
0.000000e+00
0.000000e+00
0.000000e+00
0.000000e+00
0.000000e+00
0.000000e+00
0.000000e+00
0.000000e+00
0.000000e+00
0.000000e+00
0.000000e+00
0.000000e+00
0.000000e+00
0.000000e+00
0.000000e+00
0.000000e+00
0.000000e+00
0.000000e+00
0.000000e+00
0.000000e+00
0.000000e+00
0.000000e+00
0.000000e+00
0.000000e+00
0.000000e+00
0.000000e+00
0.000000e+00
0.000000e+00
0.000000e+00
0.000000e+00
0.000000e+00
0.000000e+00
0.000000e+00
0.000000e+00
0.000000e+00
0.000000e+00
0.000000e+00
0.000000e+00
0.000000e+00
0.000000e+00
0.000000e+00
0.000000e+00
0.000000e+00
0.000000e+00
0.000000e+00
0.000000e+00
0.000000e+00
0.000000e+00
0.000000e+00
0.000000e+00
0.000000e+00
0.000000e+00
0.000000e+00
0.000000e+00
0.000000e+00
0.000000e+00
0.000000e+00
0.000000e+00
0.000000e+00
0.000000e+00
0.000000e+00
0.000000e+00
0.000000e+00
0.000000e+00
0.000000e+00
0.000000e+00
0.000000e+00
0.000000e+00
0.000000e+00
0.000000e+00
0.000000e+00
0.000000e+00
0.000000e+00
0.000000e+00
0.000000e+00
0.000000e+00
0.000000e+00
0.000000e+00
0.000000e+00
0.000000e+00
0.000000e+00
0.000000e+00
0.000000e+00
0.000000e+00
0.000000e+00
0.000000e+00
0.000000e+00
0.000000e+00
0.000000e+00
0.000000e+00
0.000000e+00
0.000000e+00
0.000000e+00
0.000000e+00
0.000000e+00
0.000000e+00
0.000000e+00
0.000000e+00
0.000000e+00
0.000000e+00
0.000000e+00
0.000000e+00
0.000000e+00
0.000000e+00
0.000000e+00
0.000000e+00
0.000000e+00
0.000000e+00
0.000000e+00
0.000000e+00
0.000000e+00
0.000000e+00
0.000000e+00
0.000000e+00
0.000000e+00
0.000000e+00
0.000000e+00
0.000000e+00
0.000000e+00
0.000000e+00
0.000000e+00
0.000000e+00
0.000000e+00
0.000000e+00
0.000000e+00
0.000000e+00
0.000000e+00
0.000000e+00
0.000000e+00
0.000000e+00
0.000000e+00
0.000000e+00
0.000000e+00
0.000000e+00
0.000000e+00
0.000000e+00
0.000000e+00
0.000000e+00
0.000000e+00
0.000000e+00
0.000000e+00
0.000000e+00
0.000000e+00
0.000000e+00
0.000000e+00
0.000000e+00
0.000000e+00
0.000000e+00
0.000000e+00
0.000000e+00
0.000000e+00
0.000000e+00
0.000000e+00
0.000000e+00
0.000000e+00
0.000000e+00
0.000000e+00
0.000000e+00
0.000000e+00
0.000000e+00
0.000000e+00
0.000000e+00
0.000000e+00
0.000000e+00
0.000000e+00
0.000000e+00
0.000000e+00
0.000000e+00
0.000000e+00
0.000000e+00
0.000000e+00
0.000000e+00
0.000000e+00
0.000000e+00
0.000000e+00
0.000000e+00
0.000000e+00
0.000000e+00
0.000000e+00
0.000000e+00
0.000000e+00
0.000000e+00
0.000000e+00
0.000000e+00
0.000000e+00
0.000000e+00
0.000000e+00
0.000000e+00
0.000000e+00
0.000000e+00
0.000000e+00
0.000000e+00
0.000000e+00
0.000000e+00
0.000000e+00
0.000000e+00
0.000000e+00
0.000000e+00
0.000000e+00
0.000000e+00
0.000000e+00
0.000000e+00
0.000000e+00
0.000000e+00
0.000000e+00
0.000000e+00
0.000000e+00
0.000000e+00
0.000000e+00
0.000000e+00
0.000000e+00
0.000000e+00
0.000000e+00
0.000000e+00
0.000000e+00
0.000000e+00
0.000000e+00
0.000000e+00
0.000000e+00
0.000000e+00
0.000000e+00
0.000000e+00
0.000000e+00
0.000000e+00
0.000000e+00
0.000000e+00
0.000000e+00
0.000000e+00
0.000000e+00
0.000000e+00
0.000000e+00
0.000000e+00
0.000000e+00
0.000000e+00
0.000000e+00
0.000000e+00
0.000000e+00
0.000000e+00
0.000000e+00
0.000000e+00
0.000000e+00
0.000000e+00
0.000000e+00
0.000000e+00
0.000000e+00
0.000000e+00
0.000000e+00
0.000000e+00
0.000000e+00
0.000000e+00
0.000000e+00
0.000000e+00
0.000000e+00
0.000000e+00
0.000000e+00
0.000000e+00
0.000000e+00
0.000000e+00
0.000000e+00
0.000000e+00
0.000000e+00
0.000000e+00
0.000000e+00
0.000000e+00
0.000000e+00
0.000000e+00
0.000000e+00
0.000000e+00
0.000000e+00
0.000000e+00
0.000000e+00
0.000000e+00
0.000000e+00
0.000000e+00
0.000000e+00
0.000000e+00
0.000000e+00
0.000000e+00
0.000000e+00
0.000000e+00
0.000000e+00
0.000000e+00
0.000000e+00
0.000000e+00
0.000000e+00
0.000000e+00
0.000000e+00
0.000000e+00
0.000000e+00
0.000000e+00
0.000000e+00
0.000000e+00
0.000000e+00
0.000000e+00
0.000000e+00
0.000000e+00
0.000000e+00
0.000000e+00
0.000000e+00
0.000000e+00
0.000000e+00
0.000000e+00
0.000000e+00
0.000000e+00
0.000000e+00
0.000000e+00
0.000000e+00
0.000000e+00
0.000000e+00
0.000000e+00
0.000000e+00
0.000000e+00
0.000000e+00
0.000000e+00
0.000000e+00
0.000000e+00
0.000000e+00
0.000000e+00
0.000000e+00
0.000000e+00
0.000000e+00
0.000000e+00
0.000000e+00
0.000000e+00
0.000000e+00
0.000000e+00
0.000000e+00
0.000000e+00
0.000000e+00
0.000000e+00
0.000000e+00
0.000000e+00
0.000000e+00
0.000000e+00
0.000000e+00
0.000000e+00
0.000000e+00
0.000000e+00
0.000000e+00
0.000000e+00
0.000000e+00
0.000000e+00
0.000000e+00
0.000000e+00
0.000000e+00
0.000000e+00
0.000000e+00
0.000000e+00
0.000000e+00
0.000000e+00
0.000000e+00
0.000000e+00
0.000000e+00
0.000000e+00
0.000000e+00
0.000000e+00
0.000000e+00
0.000000e+00
0.000000e+00
0.000000e+00
0.000000e+00
0.000000e+00
0.000000e+00
0.000000e+00
0.000000e+00
0.000000e+00
0.000000e+00
0.000000e+00
0.000000e+00
0.000000e+00
0.000000e+00
0.000000e+00
0.000000e+00
0.000000e+00
0.000000e+00
0.000000e+00
0.000000e+00
0.000000e+00
0.000000e+00
0.000000e+00
0.000000e+00
0.000000e+00
0.000000e+00
0.000000e+00
0.000000e+00
0.000000e+00
0.000000e+00
0.000000e+00
0.000000e+00
0.000000e+00
0.000000e+00
0.000000e+00
0.000000e+00
0.000000e+00
0.000000e+00
0.000000e+00
0.000000e+00
0.000000e+00
0.000000e+00
0.000000e+00
0.000000e+00
0.000000e+00
0.000000e+00
0.000000e+00
0.000000e+00
0.000000e+00
0.000000e+00
0.000000e+00
0.000000e+00
0.000000e+00
0.000000e+00
0.000000e+00
0.000000e+00
0.000000e+00
0.000000e+00
0.000000e+00
0.000000e+00
0.000000e+00
0.000000e+00
0.000000e+00
0.000000e+00
0.000000e+00
0.000000e+00
0.000000e+00
0.000000e+00
0.000000e+00
0.000000e+00
0.000000e+00
0.000000e+00
0.000000e+00
0.000000e+00
0.000000e+00
0.000000e+00
0.000000e+00
0.000000e+00
0.000000e+00
0.000000e+00
0.000000e+00
0.000000e+00
0.000000e+00
0.000000e+00
0.000000e+00
0.000000e+00
0.000000e+00
0.000000e+00
0.000000e+00
0.000000e+00
0.000000e+00
0.000000e+00
0.000000e+00
0.000000e+00
0.000000e+00
0.000000e+00
0.000000e+00
0.000000e+00
0.000000e+00
0.000000e+00
0.000000e+00
0.000000e+00
0.000000e+00
0.000000e+00
0.000000e+00
0.000000e+00
0.000000e+00
0.000000e+00
0.000000e+00
0.000000e+00
0.000000e+00
0.000000e+00
0.000000e+00
0.000000e+00
0.000000e+00
0.000000e+00
0.000000e+00
0.000000e+00
0.000000e+00
0.000000e+00
0.000000e+00
0.000000e+00
0.000000e+00
0.000000e+00
0.000000e+00
0.000000e+00
0.000000e+00
0.000000e+00
0.000000e+00
0.000000e+00
0.000000e+00
0.000000e+00
0.000000e+00
0.000000e+00
0.000000e+00
0.000000e+00
0.000000e+00
0.000000e+00
0.000000e+00
0.000000e+00
0.000000e+00
0.000000e+00
0.000000e+00
0.000000e+00
0.000000e+00
0.000000e+00
0.000000e+00
0.000000e+00
0.000000e+00
0.000000e+00
0.000000e+00
0.000000e+00
0.000000e+00
0.000000e+00
0.000000e+00
0.000000e+00
0.000000e+00
0.000000e+00
0.000000e+00
0.000000e+00
0.000000e+00
0.000000e+00
0.000000e+00
0.000000e+00
0.000000e+00
0.000000e+00
0.000000e+00
0.000000e+00
0.000000e+00
0.000000e+00
0.000000e+00
0.000000e+00
0.000000e+00
0.000000e+00
0.000000e+00
0.000000e+00
0.000000e+00
0.000000e+00
0.000000e+00
0.000000e+00
0.000000e+00
0.000000e+00
0.000000e+00
0.000000e+00
0.000000e+00
0.000000e+00
0.000000e+00
0.000000e+00
0.000000e+00
0.000000e+00
0.000000e+00
0.000000e+00
0.000000e+00
0.000000e+00
0.000000e+00
0.000000e+00
0.000000e+00
0.000000e+00
0.000000e+00
0.000000e+00
0.000000e+00
0.000000e+00
0.000000e+00
0.000000e+00
0.000000e+00
0.000000e+00
0.000000e+00
0.000000e+00
0.000000e+00
0.000000e+00
0.000000e+00
0.000000e+00
0.000000e+00
0.000000e+00
0.000000e+00
0.000000e+00
0.000000e+00
0.000000e+00
0.000000e+00
0.000000e+00
0.000000e+00
0.000000e+00
0.000000e+00
0.000000e+00
0.000000e+00
0.000000e+00
0.000000e+00
0.000000e+00
0.000000e+00
0.000000e+00
0.000000e+00
0.000000e+00
0.000000e+00
0.000000e+00
0.000000e+00
0.000000e+00
0.000000e+00
0.000000e+00
0.000000e+00
0.000000e+00
0.000000e+00
0.000000e+00
0.000000e+00
0.000000e+00
0.000000e+00
0.000000e+00
0.000000e+00
0.000000e+00
0.000000e+00
0.000000e+00
0.000000e+00
0.000000e+00
0.000000e+00
0.000000e+00
0.000000e+00
0.000000e+00
0.000000e+00
0.000000e+00
0.000000e+00
0.000000e+00
0.000000e+00
0.000000e+00
0.000000e+00
0.000000e+00
0.000000e+00
0.000000e+00
0.000000e+00
0.000000e+00
0.000000e+00
0.000000e+00
0.000000e+00
0.000000e+00
0.000000e+00
0.000000e+00
0.000000e+00
0.000000e+00
0.000000e+00
0.000000e+00
0.000000e+00
0.000000e+00
0.000000e+00
0.000000e+00
0.000000e+00
0.000000e+00
0.000000e+00
0.000000e+00
0.000000e+00
0.000000e+00
0.000000e+00
0.000000e+00
0.000000e+00
0.000000e+00
0.000000e+00
0.000000e+00
0.000000e+00
0.000000e+00
0.000000e+00
0.000000e+00
0.000000e+00
0.000000e+00
0.000000e+00
0.000000e+00
0.000000e+00
0.000000e+00
0.000000e+00
0.000000e+00
0.000000e+00
0.000000e+00
0.000000e+00
0.000000e+00
0.000000e+00
0.000000e+00
0.000000e+00
0.000000e+00
0.000000e+00
0.000000e+00
0.000000e+00
0.000000e+00
0.000000e+00
0.000000e+00
0.000000e+00
0.000000e+00
0.000000e+00
0.000000e+00
0.000000e+00
0.000000e+00
0.000000e+00
0.000000e+00
0.000000e+00
0.000000e+00
0.000000e+00
0.000000e+00
0.000000e+00
0.000000e+00
0.000000e+00
0.000000e+00
0.000000e+00
0.000000e+00
0.000000e+00
0.000000e+00
0.000000e+00
0.000000e+00
0.000000e+00
0.000000e+00
0.000000e+00
0.000000e+00
0.000000e+00
0.000000e+00
0.000000e+00
0.000000e+00
0.000000e+00
0.000000e+00
0.000000e+00
0.000000e+00
0.000000e+00
0.000000e+00
0.000000e+00
0.000000e+00
0.000000e+00
0.000000e+00
0.000000e+00
0.000000e+00
0.000000e+00
0.000000e+00
0.000000e+00
0.000000e+00
0.000000e+00
0.000000e+00
0.000000e+00
0.000000e+00
0.000000e+00
0.000000e+00
0.000000e+00
0.000000e+00
0.000000e+00
0.000000e+00
0.000000e+00
0.000000e+00
0.000000e+00
0.000000e+00
0.000000e+00
0.000000e+00
0.000000e+00
0.000000e+00
0.000000e+00
0.000000e+00
0.000000e+00
0.000000e+00
0.000000e+00
0.000000e+00
0.000000e+00
0.000000e+00
0.000000e+00
0.000000e+00
0.000000e+00
0.000000e+00
0.000000e+00
0.000000e+00
0.000000e+00
0.000000e+00
0.000000e+00
0.000000e+00
0.000000e+00
0.000000e+00
0.000000e+00
0.000000e+00
0.000000e+00
0.000000e+00
0.000000e+00
0.000000e+00
0.000000e+00
0.000000e+00
0.000000e+00
0.000000e+00
0.000000e+00
0.000000e+00
0.000000e+00
0.000000e+00
0.000000e+00
0.000000e+00
0.000000e+00
0.000000e+00
0.000000e+00
0.000000e+00
0.000000e+00
0.000000e+00
0.000000e+00
0.000000e+00
0.000000e+00
0.000000e+00
0.000000e+00
0.000000e+00
0.000000e+00
0.000000e+00
0.000000e+00
0.000000e+00
0.000000e+00
0.000000e+00
0.000000e+00
0.000000e+00
0.000000e+00
0.000000e+00
0.000000e+00
0.000000e+00
0.000000e+00
0.000000e+00
0.000000e+00
0.000000e+00
0.000000e+00
0.000000e+00
0.000000e+00
0.000000e+00
0.000000e+00
0.000000e+00
0.000000e+00
0.000000e+00
0.000000e+00
0.000000e+00
0.000000e+00
0.000000e+00
0.000000e+00
0.000000e+00
0.000000e+00
0.000000e+00
0.000000e+00
0.000000e+00
0.000000e+00
0.000000e+00
0.000000e+00
0.000000e+00
0.000000e+00
0.000000e+00
0.000000e+00
0.000000e+00
0.000000e+00
0.000000e+00
0.000000e+00
0.000000e+00
0.000000e+00
0.000000e+00
0.000000e+00
0.000000e+00
0.000000e+00
0.000000e+00
0.000000e+00
0.000000e+00
0.000000e+00
0.000000e+00
0.000000e+00
0.000000e+00
0.000000e+00
0.000000e+00
0.000000e+00
0.000000e+00
0.000000e+00
0.000000e+00
0.000000e+00
0.000000e+00
0.000000e+00
0.000000e+00
0.000000e+00
0.000000e+00
0.000000e+00
0.000000e+00
0.000000e+00
0.000000e+00
0.000000e+00
0.000000e+00
0.000000e+00
0.000000e+00
0.000000e+00
0.000000e+00
0.000000e+00
0.000000e+00
0.000000e+00
0.000000e+00
0.000000e+00
0.000000e+00
0.000000e+00
0.000000e+00
0.000000e+00
0.000000e+00
0.000000e+00
0.000000e+00
0.000000e+00
0.000000e+00
0.000000e+00
0.000000e+00
0.000000e+00
0.000000e+00
0.000000e+00
0.000000e+00
0.000000e+00
0.000000e+00
0.000000e+00
0.000000e+00
0.000000e+00
0.000000e+00
0.000000e+00
0.000000e+00
0.000000e+00
0.000000e+00
0.000000e+00
0.000000e+00
0.000000e+00
0.000000e+00
0.000000e+00
0.000000e+00
0.000000e+00
0.000000e+00
0.000000e+00
0.000000e+00
0.000000e+00
0.000000e+00
0.000000e+00
0.000000e+00
0.000000e+00
0.000000e+00
0.000000e+00
0.000000e+00
0.000000e+00
0.000000e+00
0.000000e+00
0.000000e+00
0.000000e+00
0.000000e+00
0.000000e+00
0.000000e+00
0.000000e+00
0.000000e+00
0.000000e+00
0.000000e+00
0.000000e+00
0.000000e+00
0.000000e+00
0.000000e+00
0.000000e+00
0.000000e+00
0.000000e+00
0.000000e+00
0.000000e+00
0.000000e+00
0.000000e+00
0.000000e+00
0.000000e+00
0.000000e+00
0.000000e+00
0.000000e+00
0.000000e+00
0.000000e+00
0.000000e+00
0.000000e+00
0.000000e+00
0.000000e+00
0.000000e+00
0.000000e+00
0.000000e+00
0.000000e+00
0.000000e+00
0.000000e+00
0.000000e+00
0.000000e+00
0.000000e+00
0.000000e+00
0.000000e+00
0.000000e+00
0.000000e+00
0.000000e+00
0.000000e+00
0.000000e+00
0.000000e+00
0.000000e+00
0.000000e+00
0.000000e+00
0.000000e+00
0.000000e+00
0.000000e+00
0.000000e+00
0.000000e+00
0.000000e+00
0.000000e+00
0.000000e+00
0.000000e+00
0.000000e+00
0.000000e+00
0.000000e+00
0.000000e+00
0.000000e+00
0.000000e+00
0.000000e+00
0.000000e+00
0.000000e+00
0.000000e+00
0.000000e+00
0.000000e+00
0.000000e+00
0.000000e+00
0.000000e+00
0.000000e+00
0.000000e+00
0.000000e+00
0.000000e+00
0.000000e+00
0.000000e+00
0.000000e+00
0.000000e+00
0.000000e+00
0.000000e+00
0.000000e+00
0.000000e+00
0.000000e+00
0.000000e+00
0.000000e+00
0.000000e+00
0.000000e+00
0.000000e+00
0.000000e+00
0.000000e+00
0.000000e+00
0.000000e+00
0.000000e+00
0.000000e+00
0.000000e+00
0.000000e+00
0.000000e+00
0.000000e+00
0.000000e+00
0.000000e+00
0.000000e+00
0.000000e+00
0.000000e+00
0.000000e+00
0.000000e+00
0.000000e+00
0.000000e+00
0.000000e+00
0.000000e+00
