6.509727e+07
6.509643e+07
6.509624e+07
6.509614e+07
6.509607e+07
6.509601e+07
6.509597e+07
6.509593e+07
6.509590e+07
6.509587e+07
6.509584e+07
6.509582e+07
6.509580e+07
6.509578e+07
6.509576e+07
6.509574e+07
6.509572e+07
6.509571e+07
6.509569e+07
6.509568e+07
6.509566e+07
6.509565e+07
6.509564e+07
6.509562e+07
6.509561e+07
6.509560e+07
6.509559e+07
6.509558e+07
6.509557e+07
6.509556e+07
6.509555e+07
6.509554e+07
6.509553e+07
6.509552e+07
6.509551e+07
6.509550e+07
6.509549e+07
6.509548e+07
6.509547e+07
6.509546e+07
6.509545e+07
6.509544e+07
6.509543e+07
6.509542e+07
6.509542e+07
6.509541e+07
6.509540e+07
6.509539e+07
6.509538e+07
6.509537e+07
6.509536e+07
6.509536e+07
6.509535e+07
6.509534e+07
6.509533e+07
6.509532e+07
6.509531e+07
6.509530e+07
6.509529e+07
6.509529e+07
6.509528e+07
6.509527e+07
6.509526e+07
6.509525e+07
6.509524e+07
6.509523e+07
6.509522e+07
6.509522e+07
6.509521e+07
6.509520e+07
6.509519e+07
6.509518e+07
6.509517e+07
6.509516e+07
6.509515e+07
6.509514e+07
6.509514e+07
6.509513e+07
6.509512e+07
6.509511e+07
6.509510e+07
6.509509e+07
6.509508e+07
6.509507e+07
6.509506e+07
6.509505e+07
6.509504e+07
6.509503e+07
6.509502e+07
6.509501e+07
6.509500e+07
6.509499e+07
6.509498e+07
6.509497e+07
6.509496e+07
6.509495e+07
6.509494e+07
6.509493e+07
6.509492e+07
6.509491e+07
6.509490e+07
6.509489e+07
6.509488e+07
6.509487e+07
6.509486e+07
6.509485e+07
6.509484e+07
6.509483e+07
6.509481e+07
6.509480e+07
6.509479e+07
6.509478e+07
6.509477e+07
6.509476e+07
6.509475e+07
6.509474e+07
6.509472e+07
6.509471e+07
6.509470e+07
6.509469e+07
6.509468e+07
6.509467e+07
6.509465e+07
6.509464e+07
6.509463e+07
6.509462e+07
6.509460e+07
6.509459e+07
6.509458e+07
6.509457e+07
6.509455e+07
6.509454e+07
6.509453e+07
6.509452e+07
6.509450e+07
6.509449e+07
6.509448e+07
6.509446e+07
6.509445e+07
6.509444e+07
6.509442e+07
6.509441e+07
6.509440e+07
6.509438e+07
6.509437e+07
6.509435e+07
6.509434e+07
6.509433e+07
6.509431e+07
6.509430e+07
6.509428e+07
6.509427e+07
6.509425e+07
6.509424e+07
6.509422e+07
6.509421e+07
6.509419e+07
6.509418e+07
6.509416e+07
6.509415e+07
6.509413e+07
6.509412e+07
6.509410e+07
6.509409e+07
6.509407e+07
6.509405e+07
6.509404e+07
6.509402e+07
6.509401e+07
6.509399e+07
6.509397e+07
6.509396e+07
6.509394e+07
6.509392e+07
6.509391e+07
6.509389e+07
6.509387e+07
6.509386e+07
6.509384e+07
6.509382e+07
6.509380e+07
6.509379e+07
6.509377e+07
6.509375e+07
6.509373e+07
6.509371e+07
6.509370e+07
6.509368e+07
6.509366e+07
6.509364e+07
6.509362e+07
6.509360e+07
6.509358e+07
6.509356e+07
6.509354e+07
6.509353e+07
6.509351e+07
6.509349e+07
6.509347e+07
6.509345e+07
6.509343e+07
6.509341e+07
6.509339e+07
6.509337e+07
6.509335e+07
6.509332e+07
6.509330e+07
6.509328e+07
6.509326e+07
6.509324e+07
6.509322e+07
6.509320e+07
6.509318e+07
6.509315e+07
6.509313e+07
6.509311e+07
6.509309e+07
6.509307e+07
6.509304e+07
6.509302e+07
6.509300e+07
6.509297e+07
6.509295e+07
6.509293e+07
6.509290e+07
6.509288e+07
6.509286e+07
6.509283e+07
6.509281e+07
6.509278e+07
6.509276e+07
6.509274e+07
6.509271e+07
6.509269e+07
6.509266e+07
6.509263e+07
6.509261e+07
6.509258e+07
6.509256e+07
6.509253e+07
6.509251e+07
6.509248e+07
6.509245e+07
6.509242e+07
6.509240e+07
6.509237e+07
6.509234e+07
6.509232e+07
6.509229e+07
6.509226e+07
6.509223e+07
6.509220e+07
6.509217e+07
6.509214e+07
6.509211e+07
6.509209e+07
6.509206e+07
6.509203e+07
6.509200e+07
6.509196e+07
6.509193e+07
6.509190e+07
6.509187e+07
6.509184e+07
6.509181e+07
6.509178e+07
6.509174e+07
6.509171e+07
6.509168e+07
6.509165e+07
6.509161e+07
6.509158e+07
6.509154e+07
6.509151e+07
6.509147e+07
6.509144e+07
6.509140e+07
6.509137e+07
6.509133e+07
6.509130e+07
6.509126e+07
6.509122e+07
6.509118e+07
6.509115e+07
6.509111e+07
6.509107e+07
6.509103e+07
6.509099e+07
6.509095e+07
6.509091e+07
6.509087e+07
6.509083e+07
6.509079e+07
6.509074e+07
6.509070e+07
6.509066e+07
6.509061e+07
6.509057e+07
6.509053e+07
6.509048e+07
6.509043e+07
6.509039e+07
6.509034e+07
6.509029e+07
6.509025e+07
6.509020e+07
6.509015e+07
6.509010e+07
6.509005e+07
6.509000e+07
6.508994e+07
6.508989e+07
6.508984e+07
6.508978e+07
6.508973e+07
6.508967e+07
6.508962e+07
6.508956e+07
6.508950e+07
6.508944e+07
6.508938e+07
6.508932e+07
6.508926e+07
6.508920e+07
6.508914e+07
6.508907e+07
6.508901e+07
6.508894e+07
6.508887e+07
6.508880e+07
6.508873e+07
6.508866e+07
6.508859e+07
6.508852e+07
6.508844e+07
6.508836e+07
6.508829e+07
6.508821e+07
6.508813e+07
6.508805e+07
6.508796e+07
6.508788e+07
6.508779e+07
6.508771e+07
6.508762e+07
6.508753e+07
6.508743e+07
6.508734e+07
6.508724e+07
6.508714e+07
6.508704e+07
6.508694e+07
6.508684e+07
6.508673e+07
6.508662e+07
6.508651e+07
6.508640e+07
6.508628e+07
6.508616e+07
6.508604e+07
6.508592e+07
6.508579e+07
6.508567e+07
6.508553e+07
6.508540e+07
6.508526e+07
6.508512e+07
6.508498e+07
6.508483e+07
6.508468e+07
6.508453e+07
6.508437e+07
6.508421e+07
6.508405e+07
6.508388e+07
6.508371e+07
6.508353e+07
6.508335e+07
6.508316e+07
6.508297e+07
6.508278e+07
6.508258e+07
6.508238e+07
6.508217e+07
6.508195e+07
6.508174e+07
6.508151e+07
6.508128e+07
6.508104e+07
6.508080e+07
6.508055e+07
6.508030e+07
6.508004e+07
6.507977e+07
6.507949e+07
6.507921e+07
6.507892e+07
6.507863e+07
6.507832e+07
6.507801e+07
6.507769e+07
6.507736e+07
6.507702e+07
6.507667e+07
6.507631e+07
6.507594e+07
6.507557e+07
6.507518e+07
6.507478e+07
6.507437e+07
6.507395e+07
6.507352e+07
6.507308e+07
6.507262e+07
6.507215e+07
6.507167e+07
6.507118e+07
6.507067e+07
6.507015e+07
6.506961e+07
6.506906e+07
6.506849e+07
6.506790e+07
6.506730e+07
6.506668e+07
6.506605e+07
6.506539e+07
6.506472e+07
6.506403e+07
6.506332e+07
6.506258e+07
6.506183e+07
6.506106e+07
6.506026e+07
6.505944e+07
6.505859e+07
6.505772e+07
6.505683e+07
6.505591e+07
6.505496e+07
6.505399e+07
6.505298e+07
6.505195e+07
6.505089e+07
6.504979e+07
6.504866e+07
6.504750e+07
6.504631e+07
6.504508e+07
6.504381e+07
6.504251e+07
6.504117e+07
6.503978e+07
6.503836e+07
6.503690e+07
6.503539e+07
6.503383e+07
6.503223e+07
6.503058e+07
6.502888e+07
6.502713e+07
6.502533e+07
6.502348e+07
6.502157e+07
6.501960e+07
6.501757e+07
6.501548e+07
6.501333e+07
6.501111e+07
6.500883e+07
6.500648e+07
6.500405e+07
6.500156e+07
6.499898e+07
6.499633e+07
6.499360e+07
6.499079e+07
6.498789e+07
6.498490e+07
6.498183e+07
6.497865e+07
6.497539e+07
6.497202e+07
6.496855e+07
6.496498e+07
6.496129e+07
6.495749e+07
6.495358e+07
6.494955e+07
6.494540e+07
6.494111e+07
6.493670e+07
6.493215e+07
6.492747e+07
6.492264e+07
6.491766e+07
6.491253e+07
6.490724e+07
6.490179e+07
6.489617e+07
6.489038e+07
6.488441e+07
6.487826e+07
6.487192e+07
6.486538e+07
6.485865e+07
6.485170e+07
6.484455e+07
6.483717e+07
6.482956e+07
6.482172e+07
6.481364e+07
6.480531e+07
6.479672e+07
6.478787e+07
6.477875e+07
6.476934e+07
6.475964e+07
6.474964e+07
6.473933e+07
6.472871e+07
6.471775e+07
6.470646e+07
6.469481e+07
6.468281e+07
6.467043e+07
6.465767e+07
6.464451e+07
6.463095e+07
6.461696e+07
6.460254e+07
6.458767e+07
6.457234e+07
6.455654e+07
6.454024e+07
6.452343e+07
6.450611e+07
6.448824e+07
6.446981e+07
6.445082e+07
6.443123e+07
6.441103e+07
6.439019e+07
6.436871e+07
6.434656e+07
6.432371e+07
6.430016e+07
6.427586e+07
6.425081e+07
6.422497e+07
6.419832e+07
6.417083e+07
6.414249e+07
6.411325e+07
6.408310e+07
6.405200e+07
6.401993e+07
6.398684e+07
6.395272e+07
6.391752e+07
6.388121e+07
6.384376e+07
6.380513e+07
6.376528e+07
6.372417e+07
6.368176e+07
6.363801e+07
6.359288e+07
6.354632e+07
6.349828e+07
6.344871e+07
6.339758e+07
6.334482e+07
6.329038e+07
6.323421e+07
6.317624e+07
6.311643e+07
6.305471e+07
6.299102e+07
6.292529e+07
6.285746e+07
6.278745e+07
6.271519e+07
6.264061e+07
6.256363e+07
6.248417e+07
6.240215e+07
6.231747e+07
6.223006e+07
6.213981e+07
6.204664e+07
6.195044e+07
6.185110e+07
6.174853e+07
6.164261e+07
6.153322e+07
6.142024e+07
6.130355e+07
6.118303e+07
6.105852e+07
6.092990e+07
6.079703e+07
6.065973e+07
6.051787e+07
6.037128e+07
6.021978e+07
6.006321e+07
5.990136e+07
5.973406e+07
5.956110e+07
5.938226e+07
5.919734e+07
5.900610e+07
5.880831e+07
5.860370e+07
5.839204e+07
5.817303e+07
5.794640e+07
5.771184e+07
5.746904e+07
5.721768e+07
5.695739e+07
5.668784e+07
5.640862e+07
5.611934e+07
5.581957e+07
5.550887e+07
5.518677e+07
5.485276e+07
5.450633e+07
5.414690e+07
5.377390e+07
5.338669e+07
5.298460e+07
5.256692e+07
5.213290e+07
5.168171e+07
5.121249e+07
5.072431e+07
5.021617e+07
4.968697e+07
4.913557e+07
4.856069e+07
4.796096e+07
4.733488e+07
4.668082e+07
4.599698e+07
4.528138e+07
4.453184e+07
4.374591e+07
4.292088e+07
4.205370e+07
4.114088e+07
4.017849e+07
3.916198e+07
3.808610e+07
3.694466e+07
3.573034e+07
3.443432e+07
3.304583e+07
3.155141e+07
2.993391e+07
2.817079e+07
2.623139e+07
2.407207e+07
2.162698e+07
1.878864e+07
1.536283e+07
1.094952e+07
0.000000e+00
0.000000e+00
0.000000e+00
0.000000e+00
0.000000e+00
0.000000e+00
0.000000e+00
0.000000e+00
0.000000e+00
0.000000e+00
0.000000e+00
0.000000e+00
0.000000e+00
0.000000e+00
0.000000e+00
0.000000e+00
0.000000e+00
0.000000e+00
0.000000e+00
0.000000e+00
0.000000e+00
0.000000e+00
0.000000e+00
0.000000e+00
0.000000e+00
0.000000e+00
0.000000e+00
0.000000e+00
0.000000e+00
0.000000e+00
0.000000e+00
0.000000e+00
0.000000e+00
0.000000e+00
0.000000e+00
0.000000e+00
0.000000e+00
0.000000e+00
0.000000e+00
0.000000e+00
0.000000e+00
0.000000e+00
0.000000e+00
0.000000e+00
0.000000e+00
0.000000e+00
0.000000e+00
0.000000e+00
0.000000e+00
0.000000e+00
0.000000e+00
0.000000e+00
0.000000e+00
0.000000e+00
0.000000e+00
0.000000e+00
0.000000e+00
0.000000e+00
0.000000e+00
0.000000e+00
0.000000e+00
0.000000e+00
0.000000e+00
0.000000e+00
0.000000e+00
0.000000e+00
0.000000e+00
0.000000e+00
0.000000e+00
0.000000e+00
0.000000e+00
0.000000e+00
0.000000e+00
0.000000e+00
0.000000e+00
0.000000e+00
0.000000e+00
0.000000e+00
0.000000e+00
0.000000e+00
0.000000e+00
0.000000e+00
0.000000e+00
0.000000e+00
0.000000e+00
0.000000e+00
0.000000e+00
0.000000e+00
0.000000e+00
0.000000e+00
0.000000e+00
0.000000e+00
0.000000e+00
0.000000e+00
0.000000e+00
0.000000e+00
0.000000e+00
0.000000e+00
0.000000e+00
0.000000e+00
0.000000e+00
0.000000e+00
0.000000e+00
0.000000e+00
0.000000e+00
0.000000e+00
0.000000e+00
0.000000e+00
0.000000e+00
0.000000e+00
0.000000e+00
0.000000e+00
0.000000e+00
0.000000e+00
0.000000e+00
0.000000e+00
0.000000e+00
0.000000e+00
0.000000e+00
0.000000e+00
0.000000e+00
0.000000e+00
0.000000e+00
0.000000e+00
0.000000e+00
0.000000e+00
0.000000e+00
0.000000e+00
0.000000e+00
0.000000e+00
0.000000e+00
0.000000e+00
0.000000e+00
0.000000e+00
0.000000e+00
0.000000e+00
0.000000e+00
0.000000e+00
0.000000e+00
0.000000e+00
0.000000e+00
0.000000e+00
0.000000e+00
0.000000e+00
0.000000e+00
0.000000e+00
0.000000e+00
0.000000e+00
0.000000e+00
0.000000e+00
0.000000e+00
0.000000e+00
0.000000e+00
0.000000e+00
0.000000e+00
0.000000e+00
0.000000e+00
0.000000e+00
0.000000e+00
0.000000e+00
0.000000e+00
0.000000e+00
0.000000e+00
0.000000e+00
0.000000e+00
0.000000e+00
0.000000e+00
0.000000e+00
0.000000e+00
0.000000e+00
0.000000e+00
0.000000e+00
0.000000e+00
0.000000e+00
0.000000e+00
0.000000e+00
0.000000e+00
0.000000e+00
0.000000e+00
0.000000e+00
0.000000e+00
0.000000e+00
0.000000e+00
0.000000e+00
0.000000e+00
0.000000e+00
0.000000e+00
0.000000e+00
0.000000e+00
0.000000e+00
0.000000e+00
0.000000e+00
0.000000e+00
0.000000e+00
0.000000e+00
0.000000e+00
0.000000e+00
0.000000e+00
0.000000e+00
0.000000e+00
0.000000e+00
0.000000e+00
0.000000e+00
0.000000e+00
0.000000e+00
0.000000e+00
0.000000e+00
0.000000e+00
0.000000e+00
0.000000e+00
0.000000e+00
0.000000e+00
0.000000e+00
0.000000e+00
0.000000e+00
0.000000e+00
0.000000e+00
0.000000e+00
0.000000e+00
0.000000e+00
0.000000e+00
0.000000e+00
0.000000e+00
0.000000e+00
0.000000e+00
0.000000e+00
0.000000e+00
0.000000e+00
0.000000e+00
0.000000e+00
0.000000e+00
0.000000e+00
0.000000e+00
0.000000e+00
0.000000e+00
0.000000e+00
0.000000e+00
0.000000e+00
0.000000e+00
0.000000e+00
0.000000e+00
0.000000e+00
0.000000e+00
0.000000e+00
0.000000e+00
0.000000e+00
0.000000e+00
0.000000e+00
0.000000e+00
0.000000e+00
0.000000e+00
0.000000e+00
0.000000e+00
0.000000e+00
0.000000e+00
0.000000e+00
0.000000e+00
0.000000e+00
0.000000e+00
0.000000e+00
0.000000e+00
0.000000e+00
0.000000e+00
0.000000e+00
0.000000e+00
0.000000e+00
0.000000e+00
0.000000e+00
0.000000e+00
0.000000e+00
0.000000e+00
0.000000e+00
0.000000e+00
0.000000e+00
0.000000e+00
0.000000e+00
0.000000e+00
0.000000e+00
0.000000e+00
0.000000e+00
0.000000e+00
0.000000e+00
0.000000e+00
0.000000e+00
0.000000e+00
0.000000e+00
0.000000e+00
0.000000e+00
0.000000e+00
0.000000e+00
0.000000e+00
0.000000e+00
0.000000e+00
0.000000e+00
0.000000e+00
0.000000e+00
0.000000e+00
0.000000e+00
0.000000e+00
0.000000e+00
0.000000e+00
0.000000e+00
0.000000e+00
0.000000e+00
0.000000e+00
0.000000e+00
0.000000e+00
0.000000e+00
0.000000e+00
0.000000e+00
0.000000e+00
0.000000e+00
0.000000e+00
0.000000e+00
0.000000e+00
0.000000e+00
0.000000e+00
0.000000e+00
0.000000e+00
0.000000e+00
0.000000e+00
0.000000e+00
0.000000e+00
0.000000e+00
0.000000e+00
0.000000e+00
0.000000e+00
0.000000e+00
0.000000e+00
0.000000e+00
0.000000e+00
0.000000e+00
0.000000e+00
0.000000e+00
0.000000e+00
0.000000e+00
0.000000e+00
0.000000e+00
0.000000e+00
0.000000e+00
0.000000e+00
0.000000e+00
0.000000e+00
0.000000e+00
0.000000e+00
0.000000e+00
0.000000e+00
0.000000e+00
0.000000e+00
0.000000e+00
0.000000e+00
0.000000e+00
0.000000e+00
0.000000e+00
0.000000e+00
0.000000e+00
0.000000e+00
0.000000e+00
0.000000e+00
0.000000e+00
0.000000e+00
0.000000e+00
0.000000e+00
0.000000e+00
0.000000e+00
0.000000e+00
0.000000e+00
0.000000e+00
0.000000e+00
0.000000e+00
0.000000e+00
0.000000e+00
0.000000e+00
0.000000e+00
0.000000e+00
0.000000e+00
0.000000e+00
0.000000e+00
0.000000e+00
0.000000e+00
0.000000e+00
0.000000e+00
0.000000e+00
0.000000e+00
0.000000e+00
0.000000e+00
0.000000e+00
0.000000e+00
0.000000e+00
0.000000e+00
0.000000e+00
0.000000e+00
0.000000e+00
0.000000e+00
0.000000e+00
0.000000e+00
0.000000e+00
0.000000e+00
0.000000e+00
0.000000e+00
0.000000e+00
0.000000e+00
0.000000e+00
0.000000e+00
0.000000e+00
0.000000e+00
0.000000e+00
0.000000e+00
0.000000e+00
0.000000e+00
0.000000e+00
0.000000e+00
0.000000e+00
0.000000e+00
0.000000e+00
0.000000e+00
0.000000e+00
0.000000e+00
0.000000e+00
0.000000e+00
0.000000e+00
0.000000e+00
0.000000e+00
0.000000e+00
0.000000e+00
0.000000e+00
0.000000e+00
0.000000e+00
0.000000e+00
0.000000e+00
0.000000e+00
0.000000e+00
0.000000e+00
0.000000e+00
0.000000e+00
0.000000e+00
0.000000e+00
0.000000e+00
0.000000e+00
0.000000e+00
0.000000e+00
0.000000e+00
0.000000e+00
0.000000e+00
0.000000e+00
0.000000e+00
0.000000e+00
0.000000e+00
0.000000e+00
0.000000e+00
0.000000e+00
0.000000e+00
0.000000e+00
0.000000e+00
0.000000e+00
0.000000e+00
0.000000e+00
0.000000e+00
0.000000e+00
0.000000e+00
0.000000e+00
0.000000e+00
0.000000e+00
0.000000e+00
0.000000e+00
0.000000e+00
0.000000e+00
0.000000e+00
0.000000e+00
0.000000e+00
0.000000e+00
0.000000e+00
0.000000e+00
0.000000e+00
0.000000e+00
0.000000e+00
0.000000e+00
0.000000e+00
0.000000e+00
0.000000e+00
0.000000e+00
0.000000e+00
0.000000e+00
0.000000e+00
0.000000e+00
0.000000e+00
0.000000e+00
0.000000e+00
0.000000e+00
0.000000e+00
0.000000e+00
0.000000e+00
0.000000e+00
0.000000e+00
0.000000e+00
0.000000e+00
0.000000e+00
0.000000e+00
0.000000e+00
0.000000e+00
0.000000e+00
0.000000e+00
0.000000e+00
0.000000e+00
0.000000e+00
0.000000e+00
0.000000e+00
0.000000e+00
0.000000e+00
0.000000e+00
0.000000e+00
0.000000e+00
0.000000e+00
0.000000e+00
0.000000e+00
0.000000e+00
0.000000e+00
0.000000e+00
0.000000e+00
0.000000e+00
0.000000e+00
0.000000e+00
0.000000e+00
0.000000e+00
0.000000e+00
0.000000e+00
0.000000e+00
0.000000e+00
0.000000e+00
0.000000e+00
0.000000e+00
0.000000e+00
0.000000e+00
0.000000e+00
0.000000e+00
0.000000e+00
0.000000e+00
0.000000e+00
0.000000e+00
0.000000e+00
0.000000e+00
0.000000e+00
0.000000e+00
0.000000e+00
0.000000e+00
0.000000e+00
0.000000e+00
0.000000e+00
0.000000e+00
0.000000e+00
0.000000e+00
0.000000e+00
0.000000e+00
0.000000e+00
0.000000e+00
0.000000e+00
0.000000e+00
0.000000e+00
0.000000e+00
0.000000e+00
0.000000e+00
0.000000e+00
0.000000e+00
0.000000e+00
0.000000e+00
0.000000e+00
0.000000e+00
0.000000e+00
0.000000e+00
0.000000e+00
0.000000e+00
0.000000e+00
0.000000e+00
0.000000e+00
0.000000e+00
0.000000e+00
0.000000e+00
0.000000e+00
0.000000e+00
0.000000e+00
0.000000e+00
0.000000e+00
0.000000e+00
0.000000e+00
0.000000e+00
0.000000e+00
0.000000e+00
0.000000e+00
0.000000e+00
0.000000e+00
0.000000e+00
0.000000e+00
0.000000e+00
0.000000e+00
0.000000e+00
0.000000e+00
0.000000e+00
0.000000e+00
0.000000e+00
0.000000e+00
0.000000e+00
0.000000e+00
0.000000e+00
0.000000e+00
0.000000e+00
0.000000e+00
0.000000e+00
0.000000e+00
0.000000e+00
0.000000e+00
0.000000e+00
0.000000e+00
0.000000e+00
0.000000e+00
0.000000e+00
0.000000e+00
0.000000e+00
0.000000e+00
0.000000e+00
0.000000e+00
0.000000e+00
0.000000e+00
0.000000e+00
0.000000e+00
0.000000e+00
0.000000e+00
0.000000e+00
0.000000e+00
0.000000e+00
0.000000e+00
0.000000e+00
0.000000e+00
0.000000e+00
0.000000e+00
0.000000e+00
0.000000e+00
0.000000e+00
0.000000e+00
0.000000e+00
0.000000e+00
0.000000e+00
0.000000e+00
0.000000e+00
0.000000e+00
0.000000e+00
0.000000e+00
0.000000e+00
0.000000e+00
0.000000e+00
0.000000e+00
0.000000e+00
0.000000e+00
0.000000e+00
0.000000e+00
0.000000e+00
0.000000e+00
0.000000e+00
0.000000e+00
0.000000e+00
0.000000e+00
0.000000e+00
0.000000e+00
0.000000e+00
0.000000e+00
0.000000e+00
0.000000e+00
0.000000e+00
0.000000e+00
0.000000e+00
0.000000e+00
0.000000e+00
0.000000e+00
0.000000e+00
0.000000e+00
0.000000e+00
0.000000e+00
0.000000e+00
0.000000e+00
0.000000e+00
0.000000e+00
0.000000e+00
0.000000e+00
0.000000e+00
0.000000e+00
0.000000e+00
0.000000e+00
0.000000e+00
0.000000e+00
0.000000e+00
0.000000e+00
0.000000e+00
0.000000e+00
0.000000e+00
0.000000e+00
0.000000e+00
0.000000e+00
0.000000e+00
0.000000e+00
0.000000e+00
0.000000e+00
0.000000e+00
0.000000e+00
0.000000e+00
0.000000e+00
0.000000e+00
0.000000e+00
0.000000e+00
0.000000e+00
0.000000e+00
0.000000e+00
0.000000e+00
0.000000e+00
0.000000e+00
0.000000e+00
0.000000e+00
0.000000e+00
0.000000e+00
0.000000e+00
0.000000e+00
0.000000e+00
0.000000e+00
0.000000e+00
0.000000e+00
0.000000e+00
0.000000e+00
0.000000e+00
0.000000e+00
0.000000e+00
0.000000e+00
0.000000e+00
0.000000e+00
0.000000e+00
0.000000e+00
0.000000e+00
0.000000e+00
0.000000e+00
0.000000e+00
0.000000e+00
0.000000e+00
0.000000e+00
0.000000e+00
0.000000e+00
0.000000e+00
0.000000e+00
0.000000e+00
0.000000e+00
0.000000e+00
0.000000e+00
0.000000e+00
0.000000e+00
0.000000e+00
0.000000e+00
0.000000e+00
0.000000e+00
0.000000e+00
0.000000e+00
0.000000e+00
0.000000e+00
0.000000e+00
0.000000e+00
0.000000e+00
0.000000e+00
0.000000e+00
0.000000e+00
0.000000e+00
0.000000e+00
0.000000e+00
0.000000e+00
0.000000e+00
0.000000e+00
0.000000e+00
0.000000e+00
0.000000e+00
0.000000e+00
0.000000e+00
0.000000e+00
0.000000e+00
0.000000e+00
0.000000e+00
0.000000e+00
0.000000e+00
0.000000e+00
0.000000e+00
0.000000e+00
0.000000e+00
0.000000e+00
0.000000e+00
0.000000e+00
0.000000e+00
0.000000e+00
0.000000e+00
0.000000e+00
0.000000e+00
0.000000e+00
0.000000e+00
0.000000e+00
0.000000e+00
0.000000e+00
0.000000e+00
0.000000e+00
0.000000e+00
0.000000e+00
0.000000e+00
0.000000e+00
0.000000e+00
0.000000e+00
0.000000e+00
0.000000e+00
0.000000e+00
0.000000e+00
0.000000e+00
0.000000e+00
0.000000e+00
0.000000e+00
0.000000e+00
0.000000e+00
0.000000e+00
0.000000e+00
0.000000e+00
0.000000e+00
0.000000e+00
0.000000e+00
0.000000e+00
0.000000e+00
0.000000e+00
0.000000e+00
0.000000e+00
0.000000e+00
0.000000e+00
0.000000e+00
0.000000e+00
0.000000e+00
0.000000e+00
0.000000e+00
0.000000e+00
0.000000e+00
0.000000e+00
0.000000e+00
0.000000e+00
0.000000e+00
0.000000e+00
0.000000e+00
0.000000e+00
0.000000e+00
0.000000e+00
0.000000e+00
0.000000e+00
0.000000e+00
0.000000e+00
0.000000e+00
0.000000e+00
0.000000e+00
0.000000e+00
0.000000e+00
0.000000e+00
0.000000e+00
0.000000e+00
0.000000e+00
0.000000e+00
0.000000e+00
0.000000e+00
0.000000e+00
0.000000e+00
0.000000e+00
0.000000e+00
0.000000e+00
0.000000e+00
0.000000e+00
0.000000e+00
0.000000e+00
0.000000e+00
0.000000e+00
0.000000e+00
0.000000e+00
0.000000e+00
0.000000e+00
0.000000e+00
0.000000e+00
0.000000e+00
0.000000e+00
0.000000e+00
0.000000e+00
0.000000e+00
0.000000e+00
0.000000e+00
0.000000e+00
0.000000e+00
0.000000e+00
0.000000e+00
0.000000e+00
0.000000e+00
0.000000e+00
0.000000e+00
0.000000e+00
0.000000e+00
0.000000e+00
0.000000e+00
0.000000e+00
0.000000e+00
0.000000e+00
0.000000e+00
0.000000e+00
0.000000e+00
0.000000e+00
0.000000e+00
0.000000e+00
0.000000e+00
0.000000e+00
0.000000e+00
0.000000e+00
0.000000e+00
0.000000e+00
0.000000e+00
0.000000e+00
0.000000e+00
0.000000e+00
0.000000e+00
0.000000e+00
0.000000e+00
0.000000e+00
0.000000e+00
0.000000e+00
0.000000e+00
0.000000e+00
0.000000e+00
0.000000e+00
0.000000e+00
0.000000e+00
0.000000e+00
0.000000e+00
0.000000e+00
0.000000e+00
0.000000e+00
0.000000e+00
0.000000e+00
0.000000e+00
0.000000e+00
0.000000e+00
0.000000e+00
0.000000e+00
0.000000e+00
0.000000e+00
0.000000e+00
0.000000e+00
0.000000e+00
0.000000e+00
0.000000e+00
0.000000e+00
0.000000e+00
0.000000e+00
0.000000e+00
0.000000e+00
0.000000e+00
0.000000e+00
0.000000e+00
0.000000e+00
0.000000e+00
0.000000e+00
0.000000e+00
0.000000e+00
0.000000e+00
0.000000e+00
0.000000e+00
0.000000e+00
0.000000e+00
0.000000e+00
0.000000e+00
0.000000e+00
0.000000e+00
0.000000e+00
0.000000e+00
0.000000e+00
0.000000e+00
0.000000e+00
0.000000e+00
0.000000e+00
0.000000e+00
0.000000e+00
0.000000e+00
0.000000e+00
0.000000e+00
0.000000e+00
0.000000e+00
0.000000e+00
0.000000e+00
0.000000e+00
0.000000e+00
0.000000e+00
0.000000e+00
0.000000e+00
0.000000e+00
0.000000e+00
0.000000e+00
0.000000e+00
0.000000e+00
0.000000e+00
0.000000e+00
0.000000e+00
0.000000e+00
0.000000e+00
0.000000e+00
0.000000e+00
0.000000e+00
0.000000e+00
0.000000e+00
0.000000e+00
0.000000e+00
0.000000e+00
0.000000e+00
0.000000e+00
0.000000e+00
0.000000e+00
0.000000e+00
0.000000e+00
0.000000e+00
0.000000e+00
0.000000e+00
0.000000e+00
0.000000e+00
0.000000e+00
0.000000e+00
0.000000e+00
0.000000e+00
0.000000e+00
0.000000e+00
0.000000e+00
0.000000e+00
0.000000e+00
0.000000e+00
0.000000e+00
0.000000e+00
0.000000e+00
0.000000e+00
0.000000e+00
0.000000e+00
0.000000e+00
0.000000e+00
0.000000e+00
0.000000e+00
0.000000e+00
0.000000e+00
0.000000e+00
0.000000e+00
0.000000e+00
0.000000e+00
0.000000e+00
0.000000e+00
0.000000e+00
0.000000e+00
0.000000e+00
0.000000e+00
0.000000e+00
0.000000e+00
0.000000e+00
0.000000e+00
0.000000e+00
0.000000e+00
0.000000e+00
0.000000e+00
0.000000e+00
0.000000e+00
0.000000e+00
0.000000e+00
0.000000e+00
0.000000e+00
0.000000e+00
0.000000e+00
0.000000e+00
0.000000e+00
0.000000e+00
0.000000e+00
0.000000e+00
0.000000e+00
0.000000e+00
0.000000e+00
0.000000e+00
0.000000e+00
0.000000e+00
0.000000e+00
0.000000e+00
0.000000e+00
0.000000e+00
0.000000e+00
0.000000e+00
0.000000e+00
0.000000e+00
0.000000e+00
0.000000e+00
0.000000e+00
0.000000e+00
0.000000e+00
0.000000e+00
0.000000e+00
0.000000e+00
0.000000e+00
0.000000e+00
0.000000e+00
0.000000e+00
0.000000e+00
0.000000e+00
0.000000e+00
0.000000e+00
0.000000e+00
0.000000e+00
0.000000e+00
0.000000e+00
0.000000e+00
0.000000e+00
0.000000e+00
0.000000e+00
0.000000e+00
0.000000e+00
0.000000e+00
0.000000e+00
0.000000e+00
0.000000e+00
0.000000e+00
0.000000e+00
0.000000e+00
0.000000e+00
0.000000e+00
0.000000e+00
0.000000e+00
0.000000e+00
0.000000e+00
0.000000e+00
0.000000e+00
0.000000e+00
0.000000e+00
0.000000e+00
0.000000e+00
0.000000e+00
