0.000000e+00
1.000000e-03
2.000000e-03
3.000000e-03
4.000000e-03
5.000000e-03
6.000000e-03
7.000000e-03
8.000000e-03
9.000000e-03
1.000000e-02
1.100000e-02
1.200000e-02
1.300000e-02
1.400000e-02
1.500000e-02
1.600000e-02
1.700000e-02
1.800000e-02
1.900000e-02
2.000000e-02
2.100000e-02
2.200000e-02
2.300000e-02
2.400000e-02
2.500000e-02
2.600000e-02
2.700000e-02
2.800000e-02
2.900000e-02
3.000000e-02
3.100000e-02
3.200000e-02
3.300000e-02
3.400000e-02
3.500000e-02
3.600000e-02
3.700000e-02
3.800000e-02
3.900000e-02
4.000000e-02
4.100000e-02
4.200000e-02
4.300000e-02
4.400000e-02
4.500000e-02
4.600000e-02
4.700000e-02
4.800000e-02
4.900000e-02
5.000000e-02
5.100000e-02
5.200000e-02
5.300000e-02
5.400000e-02
5.500000e-02
5.600000e-02
5.700000e-02
5.800000e-02
5.900000e-02
6.000000e-02
6.100000e-02
6.200000e-02
6.300000e-02
6.400000e-02
6.500000e-02
6.600000e-02
6.700000e-02
6.800000e-02
6.900000e-02
7.000000e-02
7.100000e-02
7.200000e-02
7.300000e-02
7.400000e-02
7.500000e-02
7.600000e-02
7.700000e-02
7.800000e-02
7.900000e-02
8.000000e-02
8.100000e-02
8.200000e-02
8.300000e-02
8.400000e-02
8.500000e-02
8.600000e-02
8.700000e-02
8.800000e-02
8.900000e-02
9.000000e-02
9.100000e-02
9.200000e-02
9.300000e-02
9.400000e-02
9.500000e-02
9.600000e-02
9.700000e-02
9.800000e-02
9.900000e-02
1.000000e-01
1.010000e-01
1.020000e-01
1.030000e-01
1.040000e-01
1.050000e-01
1.060000e-01
1.070000e-01
1.080000e-01
1.090000e-01
1.100000e-01
1.110000e-01
1.120000e-01
1.130000e-01
1.140000e-01
1.150000e-01
1.160000e-01
1.170000e-01
1.180000e-01
1.190000e-01
1.200000e-01
1.210000e-01
1.220000e-01
1.230000e-01
1.240000e-01
1.250000e-01
1.260000e-01
1.270000e-01
1.280000e-01
1.290000e-01
1.300000e-01
1.310000e-01
1.320000e-01
1.330000e-01
1.340000e-01
1.350000e-01
1.360000e-01
1.370000e-01
1.380000e-01
1.390000e-01
1.400000e-01
1.410000e-01
1.420000e-01
1.430000e-01
1.440000e-01
1.450000e-01
1.460000e-01
1.470000e-01
1.480000e-01
1.490000e-01
1.500000e-01
1.510000e-01
1.520000e-01
1.530000e-01
1.540000e-01
1.550000e-01
1.560000e-01
1.570000e-01
1.580000e-01
1.590000e-01
1.600000e-01
1.610000e-01
1.620000e-01
1.630000e-01
1.640000e-01
1.650000e-01
1.660000e-01
1.670000e-01
1.680000e-01
1.690000e-01
1.700000e-01
1.710000e-01
1.720000e-01
1.730000e-01
1.740000e-01
1.750000e-01
1.760000e-01
1.770000e-01
1.780000e-01
1.790000e-01
1.800000e-01
1.810000e-01
1.820000e-01
1.830000e-01
1.840000e-01
1.850000e-01
1.860000e-01
1.870000e-01
1.880000e-01
1.890000e-01
1.900000e-01
1.910000e-01
1.920000e-01
1.930000e-01
1.940000e-01
1.950000e-01
1.960000e-01
1.970000e-01
1.980000e-01
1.990000e-01
2.000000e-01
2.010000e-01
2.020000e-01
2.030000e-01
2.040000e-01
2.050000e-01
2.060000e-01
2.070000e-01
2.080000e-01
2.090000e-01
2.100000e-01
2.110000e-01
2.120000e-01
2.130000e-01
2.140000e-01
2.150000e-01
2.160000e-01
2.170000e-01
2.180000e-01
2.190000e-01
2.200000e-01
2.210000e-01
2.220000e-01
2.230000e-01
2.240000e-01
2.250000e-01
2.260000e-01
2.270000e-01
2.280000e-01
2.290000e-01
2.300000e-01
2.310000e-01
2.320000e-01
2.330000e-01
2.340000e-01
2.350000e-01
2.360000e-01
2.370000e-01
2.380000e-01
2.390000e-01
2.400000e-01
2.410000e-01
2.420000e-01
2.430000e-01
2.440000e-01
2.450000e-01
2.460000e-01
2.470000e-01
2.480000e-01
2.490000e-01
2.500000e-01
2.510000e-01
2.520000e-01
2.530000e-01
2.540000e-01
2.550000e-01
2.560000e-01
2.570000e-01
2.580000e-01
2.590000e-01
2.600000e-01
2.610000e-01
2.620000e-01
2.630000e-01
2.640000e-01
2.650000e-01
2.660000e-01
2.670000e-01
2.680000e-01
2.690000e-01
2.700000e-01
2.710000e-01
2.720000e-01
2.730000e-01
2.740000e-01
2.750000e-01
2.760000e-01
2.770000e-01
2.780000e-01
2.790000e-01
2.800000e-01
2.810000e-01
2.820000e-01
2.830000e-01
2.840000e-01
2.850000e-01
2.860000e-01
2.870000e-01
2.880000e-01
2.890000e-01
2.900000e-01
2.910000e-01
2.920000e-01
2.930000e-01
2.940000e-01
2.950000e-01
2.960000e-01
2.970000e-01
2.980000e-01
2.990000e-01
3.000000e-01
3.010000e-01
3.020000e-01
3.030000e-01
3.040000e-01
3.050000e-01
3.060000e-01
3.070000e-01
3.080000e-01
3.090000e-01
3.100000e-01
3.110000e-01
3.120000e-01
3.130000e-01
3.140000e-01
3.150000e-01
3.160000e-01
3.170000e-01
3.180000e-01
3.190000e-01
3.200000e-01
3.210000e-01
3.220000e-01
3.230000e-01
3.240000e-01
3.250000e-01
3.260000e-01
3.270000e-01
3.280000e-01
3.290000e-01
3.300000e-01
3.310000e-01
3.320000e-01
3.330000e-01
3.340000e-01
3.350000e-01
3.360000e-01
3.370000e-01
3.380000e-01
3.390000e-01
3.400000e-01
3.410000e-01
3.420000e-01
3.430000e-01
3.440000e-01
3.450000e-01
3.460000e-01
3.470000e-01
3.480000e-01
3.490000e-01
3.500000e-01
3.510000e-01
3.520000e-01
3.530000e-01
3.540000e-01
3.550000e-01
3.560000e-01
3.570000e-01
3.580000e-01
3.590000e-01
3.600000e-01
3.610000e-01
3.620000e-01
3.630000e-01
3.640000e-01
3.650000e-01
3.660000e-01
3.670000e-01
3.680000e-01
3.690000e-01
3.700000e-01
3.710000e-01
3.720000e-01
3.730000e-01
3.740000e-01
3.750000e-01
3.760000e-01
3.770000e-01
3.780000e-01
3.790000e-01
3.800000e-01
3.810000e-01
3.820000e-01
3.830000e-01
3.840000e-01
3.850000e-01
3.860000e-01
3.870000e-01
3.880000e-01
3.890000e-01
3.900000e-01
3.910000e-01
3.920000e-01
3.930000e-01
3.940000e-01
3.950000e-01
3.960000e-01
3.970000e-01
3.980000e-01
3.990000e-01
4.000000e-01
4.010000e-01
4.020000e-01
4.030000e-01
4.040000e-01
4.050000e-01
4.060000e-01
4.070000e-01
4.080000e-01
4.090000e-01
4.100000e-01
4.110000e-01
4.120000e-01
4.130000e-01
4.140000e-01
4.150000e-01
4.160000e-01
4.170000e-01
4.180000e-01
4.190000e-01
4.200000e-01
4.210000e-01
4.220000e-01
4.230000e-01
4.240000e-01
4.250000e-01
4.260000e-01
4.270000e-01
4.280000e-01
4.290000e-01
4.300000e-01
4.310000e-01
4.320000e-01
4.330000e-01
4.340000e-01
4.350000e-01
4.360000e-01
4.370000e-01
4.380000e-01
4.390000e-01
4.400000e-01
4.410000e-01
4.420000e-01
4.430000e-01
4.440000e-01
4.450000e-01
4.460000e-01
4.470000e-01
4.480000e-01
4.490000e-01
4.500000e-01
4.510000e-01
4.520000e-01
4.530000e-01
4.540000e-01
4.550000e-01
4.560000e-01
4.570000e-01
4.580000e-01
4.590000e-01
4.600000e-01
4.610000e-01
4.620000e-01
4.630000e-01
4.640000e-01
4.650000e-01
4.660000e-01
4.670000e-01
4.680000e-01
4.690000e-01
4.700000e-01
4.710000e-01
4.720000e-01
4.730000e-01
4.740000e-01
4.750000e-01
4.760000e-01
4.770000e-01
4.780000e-01
4.790000e-01
4.800000e-01
4.810000e-01
4.820000e-01
4.830000e-01
4.840000e-01
4.850000e-01
4.860000e-01
4.870000e-01
4.880000e-01
4.890000e-01
4.900000e-01
4.910000e-01
4.920000e-01
4.930000e-01
4.940000e-01
4.950000e-01
4.960000e-01
4.970000e-01
4.980000e-01
4.990000e-01
5.000000e-01
5.010000e-01
5.020000e-01
5.030000e-01
5.040000e-01
5.050000e-01
5.060000e-01
5.070000e-01
5.080000e-01
5.090000e-01
5.100000e-01
5.110000e-01
5.120000e-01
5.130000e-01
5.140000e-01
5.150000e-01
5.160000e-01
5.170000e-01
5.180000e-01
5.190000e-01
5.200000e-01
5.210000e-01
5.220000e-01
5.230000e-01
5.240000e-01
5.250000e-01
5.260000e-01
5.270000e-01
5.280000e-01
5.290000e-01
5.300000e-01
5.310000e-01
5.320000e-01
5.330000e-01
5.340000e-01
5.350000e-01
5.360000e-01
5.370000e-01
5.380000e-01
5.390000e-01
5.400000e-01
5.410000e-01
5.420000e-01
5.430000e-01
5.440000e-01
5.450000e-01
5.460000e-01
5.470000e-01
5.480000e-01
5.490000e-01
5.500000e-01
5.510000e-01
5.520000e-01
5.530000e-01
5.540000e-01
5.550000e-01
5.560000e-01
5.570000e-01
5.580000e-01
5.590000e-01
5.600000e-01
5.610000e-01
5.620000e-01
5.630000e-01
5.640000e-01
5.650000e-01
5.660000e-01
5.670000e-01
5.680000e-01
5.690000e-01
5.700000e-01
5.710000e-01
5.720000e-01
5.730000e-01
5.740000e-01
5.750000e-01
5.760000e-01
5.770000e-01
5.780000e-01
5.790000e-01
5.800000e-01
5.810000e-01
5.820000e-01
5.830000e-01
5.840000e-01
5.850000e-01
5.860000e-01
5.870000e-01
5.880000e-01
5.890000e-01
5.900000e-01
5.910000e-01
5.920000e-01
5.930000e-01
5.940000e-01
5.950000e-01
5.960000e-01
5.970000e-01
5.980000e-01
5.990000e-01
6.000000e-01
6.010000e-01
6.020000e-01
6.030000e-01
6.040000e-01
6.050000e-01
6.060000e-01
6.070000e-01
6.080000e-01
6.090000e-01
6.100000e-01
6.110000e-01
6.120000e-01
6.130000e-01
6.140000e-01
6.150000e-01
6.160000e-01
6.170000e-01
6.180000e-01
6.190000e-01
6.200000e-01
6.210000e-01
6.220000e-01
6.230000e-01
6.240000e-01
6.250000e-01
6.260000e-01
6.270000e-01
6.280000e-01
6.290000e-01
6.300000e-01
6.310000e-01
6.320000e-01
6.330000e-01
6.340000e-01
6.350000e-01
6.360000e-01
6.370000e-01
6.380000e-01
6.390000e-01
6.400000e-01
6.410000e-01
6.420000e-01
6.430000e-01
6.440000e-01
6.450000e-01
6.460000e-01
6.470000e-01
6.480000e-01
6.490000e-01
6.500000e-01
6.510000e-01
6.520000e-01
6.530000e-01
6.540000e-01
6.550000e-01
6.560000e-01
6.570000e-01
6.580000e-01
6.590000e-01
6.600000e-01
6.610000e-01
6.620000e-01
6.630000e-01
6.640000e-01
6.650000e-01
6.660000e-01
6.670000e-01
6.680000e-01
6.690000e-01
6.700000e-01
6.710000e-01
6.720000e-01
6.730000e-01
6.740000e-01
6.750000e-01
6.760000e-01
6.770000e-01
6.780000e-01
6.790000e-01
6.800000e-01
6.810000e-01
6.820000e-01
6.830000e-01
6.840000e-01
6.850000e-01
6.860000e-01
6.870000e-01
6.880000e-01
6.890000e-01
6.900000e-01
6.910000e-01
6.920000e-01
6.930000e-01
6.940000e-01
6.950000e-01
6.960000e-01
6.970000e-01
6.980000e-01
6.990000e-01
7.000000e-01
7.010000e-01
7.020000e-01
7.030000e-01
7.040000e-01
7.050000e-01
7.060000e-01
7.070000e-01
7.080000e-01
7.090000e-01
7.100000e-01
7.110000e-01
7.120000e-01
7.130000e-01
7.140000e-01
7.150000e-01
7.160000e-01
7.170000e-01
7.180000e-01
7.190000e-01
7.200000e-01
7.210000e-01
7.220000e-01
7.230000e-01
7.240000e-01
7.250000e-01
7.260000e-01
7.270000e-01
7.280000e-01
7.290000e-01
7.300000e-01
7.310000e-01
7.320000e-01
7.330000e-01
7.340000e-01
7.350000e-01
7.360000e-01
7.370000e-01
7.380000e-01
7.390000e-01
7.400000e-01
7.410000e-01
7.420000e-01
7.430000e-01
7.440000e-01
7.450000e-01
7.460000e-01
7.470000e-01
7.480000e-01
7.490000e-01
7.500000e-01
7.510000e-01
7.520000e-01
7.530000e-01
7.540000e-01
7.550000e-01
7.560000e-01
7.570000e-01
7.580000e-01
7.590000e-01
7.600000e-01
7.610000e-01
7.620000e-01
7.630000e-01
7.640000e-01
7.650000e-01
7.660000e-01
7.670000e-01
7.680000e-01
7.690000e-01
7.700000e-01
7.710000e-01
7.720000e-01
7.730000e-01
7.740000e-01
7.750000e-01
7.760000e-01
7.770000e-01
7.780000e-01
7.790000e-01
7.800000e-01
7.810000e-01
7.820000e-01
7.830000e-01
7.840000e-01
7.850000e-01
7.860000e-01
7.870000e-01
7.880000e-01
7.890000e-01
7.900000e-01
7.910000e-01
7.920000e-01
7.930000e-01
7.940000e-01
7.950000e-01
7.960000e-01
7.970000e-01
7.980000e-01
7.990000e-01
8.000000e-01
8.010000e-01
8.020000e-01
8.030000e-01
8.040000e-01
8.050000e-01
8.060000e-01
8.070000e-01
8.080000e-01
8.090000e-01
8.100000e-01
8.110000e-01
8.120000e-01
8.130000e-01
8.140000e-01
8.150000e-01
8.160000e-01
8.170000e-01
8.180000e-01
8.190000e-01
8.200000e-01
8.210000e-01
8.220000e-01
8.230000e-01
8.240000e-01
8.250000e-01
8.260000e-01
8.270000e-01
8.280000e-01
8.290000e-01
8.300000e-01
8.310000e-01
8.320000e-01
8.330000e-01
8.340000e-01
8.350000e-01
8.360000e-01
8.370000e-01
8.380000e-01
8.390000e-01
8.400000e-01
8.410000e-01
8.420000e-01
8.430000e-01
8.440000e-01
8.450000e-01
8.460000e-01
8.470000e-01
8.480000e-01
8.490000e-01
8.500000e-01
8.510000e-01
8.520000e-01
8.530000e-01
8.540000e-01
8.550000e-01
8.560000e-01
8.570000e-01
8.580000e-01
8.590000e-01
8.600000e-01
8.610000e-01
8.620000e-01
8.630000e-01
8.640000e-01
8.650000e-01
8.660000e-01
8.670000e-01
8.680000e-01
8.690000e-01
8.700000e-01
8.710000e-01
8.720000e-01
8.730000e-01
8.740000e-01
8.750000e-01
8.760000e-01
8.770000e-01
8.780000e-01
8.790000e-01
8.800000e-01
8.810000e-01
8.820000e-01
8.830000e-01
8.840000e-01
8.850000e-01
8.860000e-01
8.870000e-01
8.880000e-01
8.890000e-01
8.900000e-01
8.910000e-01
8.920000e-01
8.930000e-01
8.940000e-01
8.950000e-01
8.960000e-01
8.970000e-01
8.980000e-01
8.990000e-01
9.000000e-01
9.010000e-01
9.020000e-01
9.030000e-01
9.040000e-01
9.050000e-01
9.060000e-01
9.070000e-01
9.080000e-01
9.090000e-01
9.100000e-01
9.110000e-01
9.120000e-01
9.130000e-01
9.140000e-01
9.150000e-01
9.160000e-01
9.170000e-01
9.180000e-01
9.190000e-01
9.200000e-01
9.210000e-01
9.220000e-01
9.230000e-01
9.240000e-01
9.250000e-01
9.260000e-01
9.270000e-01
9.280000e-01
9.290000e-01
9.300000e-01
9.310000e-01
9.320000e-01
9.330000e-01
9.340000e-01
9.350000e-01
9.360000e-01
9.370000e-01
9.380000e-01
9.390000e-01
9.400000e-01
9.410000e-01
9.420000e-01
9.430000e-01
9.440000e-01
9.450000e-01
9.460000e-01
9.470000e-01
9.480000e-01
9.490000e-01
9.500000e-01
9.510000e-01
9.520000e-01
9.530000e-01
9.540000e-01
9.550000e-01
9.560000e-01
9.570000e-01
9.580000e-01
9.590000e-01
9.600000e-01
9.610000e-01
9.620000e-01
9.630000e-01
9.640000e-01
9.650000e-01
9.660000e-01
9.670000e-01
9.680000e-01
9.690000e-01
9.700000e-01
9.710000e-01
9.720000e-01
9.730000e-01
9.740000e-01
9.750000e-01
9.760000e-01
9.770000e-01
9.780000e-01
9.790000e-01
9.800000e-01
9.810000e-01
9.820000e-01
9.830000e-01
9.840000e-01
9.850000e-01
9.860000e-01
9.870000e-01
9.880000e-01
9.890000e-01
9.900000e-01
9.910000e-01
9.920000e-01
9.930000e-01
9.940000e-01
9.950000e-01
9.960000e-01
9.970000e-01
9.980000e-01
9.990000e-01
1.000000e+00
1.001000e+00
1.002000e+00
1.003000e+00
1.004000e+00
1.005000e+00
1.006000e+00
1.007000e+00
1.008000e+00
1.009000e+00
1.010000e+00
1.011000e+00
1.012000e+00
1.013000e+00
1.014000e+00
1.015000e+00
1.016000e+00
1.017000e+00
1.018000e+00
1.019000e+00
1.020000e+00
1.021000e+00
1.022000e+00
1.023000e+00
1.024000e+00
1.025000e+00
1.026000e+00
1.027000e+00
1.028000e+00
1.029000e+00
1.030000e+00
1.031000e+00
1.032000e+00
1.033000e+00
1.034000e+00
1.035000e+00
1.036000e+00
1.037000e+00
1.038000e+00
1.039000e+00
1.040000e+00
1.041000e+00
1.042000e+00
1.043000e+00
1.044000e+00
1.045000e+00
1.046000e+00
1.047000e+00
1.048000e+00
1.049000e+00
1.050000e+00
1.051000e+00
1.052000e+00
1.053000e+00
1.054000e+00
1.055000e+00
1.056000e+00
1.057000e+00
1.058000e+00
1.059000e+00
1.060000e+00
1.061000e+00
1.062000e+00
1.063000e+00
1.064000e+00
1.065000e+00
1.066000e+00
1.067000e+00
1.068000e+00
1.069000e+00
1.070000e+00
1.071000e+00
1.072000e+00
1.073000e+00
1.074000e+00
1.075000e+00
1.076000e+00
1.077000e+00
1.078000e+00
1.079000e+00
1.080000e+00
1.081000e+00
1.082000e+00
1.083000e+00
1.084000e+00
1.085000e+00
1.086000e+00
1.087000e+00
1.088000e+00
1.089000e+00
1.090000e+00
1.091000e+00
1.092000e+00
1.093000e+00
1.094000e+00
1.095000e+00
1.096000e+00
1.097000e+00
1.098000e+00
1.099000e+00
1.100000e+00
1.101000e+00
1.102000e+00
1.103000e+00
1.104000e+00
1.105000e+00
1.106000e+00
1.107000e+00
1.108000e+00
1.109000e+00
1.110000e+00
1.111000e+00
1.112000e+00
1.113000e+00
1.114000e+00
1.115000e+00
1.116000e+00
1.117000e+00
1.118000e+00
1.119000e+00
1.120000e+00
1.121000e+00
1.122000e+00
1.123000e+00
1.124000e+00
1.125000e+00
1.126000e+00
1.127000e+00
1.128000e+00
1.129000e+00
1.130000e+00
1.131000e+00
1.132000e+00
1.133000e+00
1.134000e+00
1.135000e+00
1.136000e+00
1.137000e+00
1.138000e+00
1.139000e+00
1.140000e+00
1.141000e+00
1.142000e+00
1.143000e+00
1.144000e+00
1.145000e+00
1.146000e+00
1.147000e+00
1.148000e+00
1.149000e+00
1.150000e+00
1.151000e+00
1.152000e+00
1.153000e+00
1.154000e+00
1.155000e+00
1.156000e+00
1.157000e+00
1.158000e+00
1.159000e+00
1.160000e+00
1.161000e+00
1.162000e+00
1.163000e+00
1.164000e+00
1.165000e+00
1.166000e+00
1.167000e+00
1.168000e+00
1.169000e+00
1.170000e+00
1.171000e+00
1.172000e+00
1.173000e+00
1.174000e+00
1.175000e+00
1.176000e+00
1.177000e+00
1.178000e+00
1.179000e+00
1.180000e+00
1.181000e+00
1.182000e+00
1.183000e+00
1.184000e+00
1.185000e+00
1.186000e+00
1.187000e+00
1.188000e+00
1.189000e+00
1.190000e+00
1.191000e+00
1.192000e+00
1.193000e+00
1.194000e+00
1.195000e+00
1.196000e+00
1.197000e+00
1.198000e+00
1.199000e+00
1.200000e+00
1.201000e+00
1.202000e+00
1.203000e+00
1.204000e+00
1.205000e+00
1.206000e+00
1.207000e+00
1.208000e+00
1.209000e+00
1.210000e+00
1.211000e+00
1.212000e+00
1.213000e+00
1.214000e+00
1.215000e+00
1.216000e+00
1.217000e+00
1.218000e+00
1.219000e+00
1.220000e+00
1.221000e+00
1.222000e+00
1.223000e+00
1.224000e+00
1.225000e+00
1.226000e+00
1.227000e+00
1.228000e+00
1.229000e+00
1.230000e+00
1.231000e+00
1.232000e+00
1.233000e+00
1.234000e+00
1.235000e+00
1.236000e+00
1.237000e+00
1.238000e+00
1.239000e+00
1.240000e+00
1.241000e+00
1.242000e+00
1.243000e+00
1.244000e+00
1.245000e+00
1.246000e+00
1.247000e+00
1.248000e+00
1.249000e+00
1.250000e+00
1.251000e+00
1.252000e+00
1.253000e+00
1.254000e+00
1.255000e+00
1.256000e+00
1.257000e+00
1.258000e+00
1.259000e+00
1.260000e+00
1.261000e+00
1.262000e+00
1.263000e+00
1.264000e+00
1.265000e+00
1.266000e+00
1.267000e+00
1.268000e+00
1.269000e+00
1.270000e+00
1.271000e+00
1.272000e+00
1.273000e+00
1.274000e+00
1.275000e+00
1.276000e+00
1.277000e+00
1.278000e+00
1.279000e+00
1.280000e+00
1.281000e+00
1.282000e+00
1.283000e+00
1.284000e+00
1.285000e+00
1.286000e+00
1.287000e+00
1.288000e+00
1.289000e+00
1.290000e+00
1.291000e+00
1.292000e+00
1.293000e+00
1.294000e+00
1.295000e+00
1.296000e+00
1.297000e+00
1.298000e+00
1.299000e+00
1.300000e+00
1.301000e+00
1.302000e+00
1.303000e+00
1.304000e+00
1.305000e+00
1.306000e+00
1.307000e+00
1.308000e+00
1.309000e+00
1.310000e+00
1.311000e+00
1.312000e+00
1.313000e+00
1.314000e+00
1.315000e+00
1.316000e+00
1.317000e+00
1.318000e+00
1.319000e+00
1.320000e+00
1.321000e+00
1.322000e+00
1.323000e+00
1.324000e+00
1.325000e+00
1.326000e+00
1.327000e+00
1.328000e+00
1.329000e+00
1.330000e+00
1.331000e+00
1.332000e+00
1.333000e+00
1.334000e+00
1.335000e+00
1.336000e+00
1.337000e+00
1.338000e+00
1.339000e+00
1.340000e+00
1.341000e+00
1.342000e+00
1.343000e+00
1.344000e+00
1.345000e+00
1.346000e+00
1.347000e+00
1.348000e+00
1.349000e+00
1.350000e+00
1.351000e+00
1.352000e+00
1.353000e+00
1.354000e+00
1.355000e+00
1.356000e+00
1.357000e+00
1.358000e+00
1.359000e+00
1.360000e+00
1.361000e+00
1.362000e+00
1.363000e+00
1.364000e+00
1.365000e+00
1.366000e+00
1.367000e+00
1.368000e+00
1.369000e+00
1.370000e+00
1.371000e+00
1.372000e+00
1.373000e+00
1.374000e+00
1.375000e+00
1.376000e+00
1.377000e+00
1.378000e+00
1.379000e+00
1.380000e+00
1.381000e+00
1.382000e+00
1.383000e+00
1.384000e+00
1.385000e+00
1.386000e+00
1.387000e+00
1.388000e+00
1.389000e+00
1.390000e+00
1.391000e+00
1.392000e+00
1.393000e+00
1.394000e+00
1.395000e+00
1.396000e+00
1.397000e+00
1.398000e+00
1.399000e+00
1.400000e+00
1.401000e+00
1.402000e+00
1.403000e+00
1.404000e+00
1.405000e+00
1.406000e+00
1.407000e+00
1.408000e+00
1.409000e+00
1.410000e+00
1.411000e+00
1.412000e+00
1.413000e+00
1.414000e+00
1.415000e+00
1.416000e+00
1.417000e+00
1.418000e+00
1.419000e+00
1.420000e+00
1.421000e+00
1.422000e+00
1.423000e+00
1.424000e+00
1.425000e+00
1.426000e+00
1.427000e+00
1.428000e+00
1.429000e+00
1.430000e+00
1.431000e+00
1.432000e+00
1.433000e+00
1.434000e+00
1.435000e+00
1.436000e+00
1.437000e+00
1.438000e+00
1.439000e+00
1.440000e+00
1.441000e+00
1.442000e+00
1.443000e+00
1.444000e+00
1.445000e+00
1.446000e+00
1.447000e+00
1.448000e+00
1.449000e+00
1.450000e+00
1.451000e+00
1.452000e+00
1.453000e+00
1.454000e+00
1.455000e+00
1.456000e+00
1.457000e+00
1.458000e+00
1.459000e+00
1.460000e+00
1.461000e+00
1.462000e+00
1.463000e+00
1.464000e+00
1.465000e+00
1.466000e+00
1.467000e+00
1.468000e+00
1.469000e+00
1.470000e+00
1.471000e+00
1.472000e+00
1.473000e+00
1.474000e+00
1.475000e+00
1.476000e+00
1.477000e+00
1.478000e+00
1.479000e+00
1.480000e+00
1.481000e+00
1.482000e+00
1.483000e+00
1.484000e+00
1.485000e+00
1.486000e+00
1.487000e+00
1.488000e+00
1.489000e+00
1.490000e+00
1.491000e+00
1.492000e+00
1.493000e+00
1.494000e+00
1.495000e+00
1.496000e+00
1.497000e+00
1.498000e+00
1.499000e+00
1.500000e+00
1.501000e+00
1.502000e+00
1.503000e+00
1.504000e+00
1.505000e+00
1.506000e+00
1.507000e+00
1.508000e+00
1.509000e+00
1.510000e+00
1.511000e+00
1.512000e+00
1.513000e+00
1.514000e+00
1.515000e+00
1.516000e+00
1.517000e+00
1.518000e+00
1.519000e+00
1.520000e+00
1.521000e+00
1.522000e+00
1.523000e+00
1.524000e+00
1.525000e+00
1.526000e+00
1.527000e+00
1.528000e+00
1.529000e+00
1.530000e+00
1.531000e+00
1.532000e+00
1.533000e+00
1.534000e+00
1.535000e+00
1.536000e+00
1.537000e+00
1.538000e+00
1.539000e+00
1.540000e+00
1.541000e+00
1.542000e+00
1.543000e+00
1.544000e+00
1.545000e+00
1.546000e+00
1.547000e+00
1.548000e+00
1.549000e+00
1.550000e+00
1.551000e+00
1.552000e+00
1.553000e+00
1.554000e+00
1.555000e+00
1.556000e+00
1.557000e+00
1.558000e+00
1.559000e+00
1.560000e+00
1.561000e+00
1.562000e+00
1.563000e+00
1.564000e+00
1.565000e+00
1.566000e+00
1.567000e+00
1.568000e+00
1.569000e+00
1.570000e+00
1.571000e+00
1.572000e+00
1.573000e+00
1.574000e+00
1.575000e+00
1.576000e+00
1.577000e+00
1.578000e+00
1.579000e+00
1.580000e+00
1.581000e+00
1.582000e+00
1.583000e+00
1.584000e+00
1.585000e+00
1.586000e+00
1.587000e+00
1.588000e+00
1.589000e+00
1.590000e+00
1.591000e+00
1.592000e+00
1.593000e+00
1.594000e+00
1.595000e+00
1.596000e+00
1.597000e+00
1.598000e+00
1.599000e+00
1.600000e+00
1.601000e+00
1.602000e+00
1.603000e+00
1.604000e+00
1.605000e+00
1.606000e+00
1.607000e+00
1.608000e+00
1.609000e+00
1.610000e+00
1.611000e+00
1.612000e+00
1.613000e+00
1.614000e+00
1.615000e+00
1.616000e+00
1.617000e+00
1.618000e+00
1.619000e+00
1.620000e+00
1.621000e+00
1.622000e+00
1.623000e+00
1.624000e+00
1.625000e+00
1.626000e+00
1.627000e+00
1.628000e+00
1.629000e+00
1.630000e+00
1.631000e+00
1.632000e+00
1.633000e+00
1.634000e+00
1.635000e+00
1.636000e+00
1.637000e+00
1.638000e+00
1.639000e+00
1.640000e+00
1.641000e+00
1.642000e+00
1.643000e+00
1.644000e+00
1.645000e+00
1.646000e+00
1.647000e+00
1.648000e+00
1.649000e+00
1.650000e+00
1.651000e+00
1.652000e+00
1.653000e+00
1.654000e+00
1.655000e+00
1.656000e+00
1.657000e+00
1.658000e+00
1.659000e+00
1.660000e+00
1.661000e+00
1.662000e+00
1.663000e+00
1.664000e+00
1.665000e+00
1.666000e+00
1.667000e+00
1.668000e+00
1.669000e+00
1.670000e+00
1.671000e+00
1.672000e+00
1.673000e+00
1.674000e+00
1.675000e+00
1.676000e+00
1.677000e+00
1.678000e+00
1.679000e+00
1.680000e+00
1.681000e+00
1.682000e+00
1.683000e+00
1.684000e+00
1.685000e+00
1.686000e+00
1.687000e+00
1.688000e+00
1.689000e+00
1.690000e+00
1.691000e+00
1.692000e+00
1.693000e+00
1.694000e+00
1.695000e+00
1.696000e+00
1.697000e+00
1.698000e+00
1.699000e+00
1.700000e+00
1.701000e+00
1.702000e+00
1.703000e+00
1.704000e+00
1.705000e+00
1.706000e+00
1.707000e+00
1.708000e+00
1.709000e+00
1.710000e+00
1.711000e+00
1.712000e+00
1.713000e+00
1.714000e+00
1.715000e+00
1.716000e+00
1.717000e+00
1.718000e+00
1.719000e+00
1.720000e+00
1.721000e+00
1.722000e+00
1.723000e+00
1.724000e+00
1.725000e+00
1.726000e+00
1.727000e+00
1.728000e+00
1.729000e+00
1.730000e+00
1.731000e+00
1.732000e+00
1.733000e+00
1.734000e+00
1.735000e+00
1.736000e+00
1.737000e+00
1.738000e+00
1.739000e+00
1.740000e+00
1.741000e+00
1.742000e+00
1.743000e+00
1.744000e+00
1.745000e+00
1.746000e+00
1.747000e+00
1.748000e+00
1.749000e+00
1.750000e+00
1.751000e+00
1.752000e+00
1.753000e+00
1.754000e+00
1.755000e+00
1.756000e+00
1.757000e+00
1.758000e+00
1.759000e+00
1.760000e+00
1.761000e+00
1.762000e+00
1.763000e+00
1.764000e+00
1.765000e+00
1.766000e+00
1.767000e+00
1.768000e+00
1.769000e+00
1.770000e+00
1.771000e+00
1.772000e+00
1.773000e+00
1.774000e+00
1.775000e+00
1.776000e+00
1.777000e+00
1.778000e+00
1.779000e+00
1.780000e+00
1.781000e+00
1.782000e+00
1.783000e+00
1.784000e+00
1.785000e+00
1.786000e+00
1.787000e+00
1.788000e+00
1.789000e+00
1.790000e+00
1.791000e+00
1.792000e+00
1.793000e+00
1.794000e+00
1.795000e+00
1.796000e+00
1.797000e+00
1.798000e+00
1.799000e+00
1.800000e+00
