2.795160e+07
2.753618e+07
2.712392e+07
2.671481e+07
2.630887e+07
2.590608e+07
2.550646e+07
2.510999e+07
2.471668e+07
2.432653e+07
2.393954e+07
2.355571e+07
2.317504e+07
2.279753e+07
2.242319e+07
2.205200e+07
2.168397e+07
2.131911e+07
2.095740e+07
2.059886e+07
2.024348e+07
1.989126e+07
1.954221e+07
1.919631e+07
1.885358e+07
1.851401e+07
1.817760e+07
1.784435e+07
1.751427e+07
1.718734e+07
1.686358e+07
1.654299e+07
1.622555e+07
1.591128e+07
1.560016e+07
1.529222e+07
1.498743e+07
1.468580e+07
1.438734e+07
1.409204e+07
1.379990e+07
1.351092e+07
1.322510e+07
1.294244e+07
1.266294e+07
1.238661e+07
1.211343e+07
1.184341e+07
1.157656e+07
1.131286e+07
1.105232e+07
1.079494e+07
1.054071e+07
1.028965e+07
1.004174e+07
9.796987e+06
9.555392e+06
9.316952e+06
9.081667e+06
8.849537e+06
8.620560e+06
8.394737e+06
8.172066e+06
7.952547e+06
7.736180e+06
7.522963e+06
7.312895e+06
7.105977e+06
6.902207e+06
6.701583e+06
6.504107e+06
6.309775e+06
6.118588e+06
5.930545e+06
5.745644e+06
5.563884e+06
5.385265e+06
5.209785e+06
5.037443e+06
4.868238e+06
4.702168e+06
4.539233e+06
4.379431e+06
4.222761e+06
4.069221e+06
3.918810e+06
3.771527e+06
3.627369e+06
3.486336e+06
3.348426e+06
3.213638e+06
3.081969e+06
2.953418e+06
2.827983e+06
2.705663e+06
2.586455e+06
2.470359e+06
2.357371e+06
2.247490e+06
2.140714e+06
2.037041e+06
