2.567626e+07
2.528322e+07
2.489325e+07
2.450637e+07
2.412257e+07
2.374186e+07
2.336422e+07
2.298967e+07
2.261820e+07
2.224981e+07
2.188451e+07
2.152228e+07
2.116314e+07
2.080709e+07
2.045412e+07
2.010423e+07
1.975743e+07
1.941371e+07
1.907307e+07
1.873552e+07
1.840105e+07
1.806967e+07
1.774137e+07
1.741616e+07
1.709403e+07
1.677499e+07
1.645903e+07
1.614616e+07
1.583637e+07
1.552966e+07
1.522604e+07
1.492551e+07
1.462806e+07
1.433370e+07
1.404242e+07
1.375422e+07
1.346911e+07
1.318708e+07
1.290814e+07
1.263228e+07
1.235950e+07
1.208981e+07
1.182320e+07
1.155968e+07
1.129923e+07
1.104187e+07
1.078759e+07
1.053640e+07
1.028828e+07
1.004325e+07
9.801291e+06
9.562417e+06
9.326622e+06
9.093906e+06
8.864269e+06
8.637710e+06
8.414229e+06
8.193824e+06
7.976496e+06
7.762244e+06
7.551066e+06
7.342963e+06
7.137933e+06
6.935977e+06
6.737092e+06
6.541278e+06
6.348535e+06
6.158862e+06
5.972256e+06
5.788719e+06
5.608248e+06
5.430843e+06
5.256503e+06
5.085226e+06
4.917012e+06
4.751859e+06
4.589766e+06
4.430732e+06
4.274756e+06
4.121836e+06
3.971971e+06
3.825160e+06
3.681402e+06
3.540694e+06
3.403036e+06
3.268425e+06
3.136861e+06
3.008342e+06
2.882866e+06
2.760431e+06
2.641037e+06
2.524680e+06
2.411359e+06
2.301073e+06
2.193819e+06
2.089595e+06
1.988400e+06
1.890232e+06
1.795087e+06
1.702966e+06
1.613864e+06
