1.76035012
1.76043512
1.76052012
1.76060612
1.76069212
1.76077712
1.76086112
1.76094312
1.76102212
1.76109512
1.76116212
1.76122012
1.76126612
1.76129812
1.76131212
1.76130412
1.76126912
1.76120212
1.76109712
1.76094712
1.76074812
1.76049212
1.76017412
1.75979212
1.75934312
1.75883112
1.75825912
1.75763812
1.75697912
1.75630012
1.75561712
1.75494812
1.75431012
1.75371812
1.75318112
1.75270612
1.75229812
1.75195512
1.75167512
1.75145312
1.75128512
1.75116312
1.75108112
1.75103412
1.75101612
1.75102212
1.75104712
1.75108812
1.75114212
1.75120512
1.75127612
1.75135312
1.75143412
1.75151712
1.75160212
1.75168812
1.75177412
1.75186012
1.75194412
1.75202812
1.75211012
1.75219112
1.75227012
1.75234812
1.75242312
1.75249612
1.75256812
1.75263712
1.75270512
1.75277112
1.75283412
1.75289612
1.75295612
1.75301512
1.75307112
1.75312612
1.75318012
1.75323212
1.75328212
1.75333112
1.75337912
1.75342512
1.75347012
1.75351312
1.75355612
1.75359712
1.75363712
1.75367612
1.75371412
1.75375112
1.75378712
1.75382212
1.75385612
1.75388912
1.75392112
1.75395312
1.75398412
1.75401412
1.75404312
1.75407112
1.75409912
