1.76110812
1.76119612
1.76128112
1.76136212
1.76143712
1.76150512
1.76156212
1.76160512
1.76163312
1.76163912
1.76162112
1.76157212
1.76148712
1.76136012
1.76118312
1.76095112
1.76065712
1.76029712
1.75986812
1.75936912
1.75880412
1.75818012
1.75750812
1.75680312
1.75608312
1.75536612
1.75467012
1.75401312
1.75340912
1.75286612
1.75239112
1.75198612
1.75164912
1.75137712
1.75116512
1.75100612
1.75089412
1.75082212
1.75078512
1.75077512
1.75079012
1.75082312
1.75087212
1.75093312
1.75100312
1.75108012
1.75116312
1.75124912
1.75133812
1.75142812
1.75151912
1.75160912
1.75170012
1.75178912
1.75187712
1.75196312
1.75204712
1.75213012
1.75221112
1.75229012
1.75236612
1.75244112
1.75251412
1.75258412
1.75265312
1.75271912
1.75278412
1.75284712
1.75290812
1.75296712
1.75302412
1.75308012
1.75313412
1.75318712
1.75323812
1.75328712
1.75333612
1.75338212
1.75342812
1.75347212
1.75351512
1.75355712
1.75359812
1.75363712
1.75367612
1.75371412
1.75375012
1.75378612
1.75382112
1.75385412
1.75388712
1.75392012
1.75395112
1.75398212
1.75401112
1.75404112
1.75406912
1.75409712
1.75412412
1.75415112
1.75417712
