5.886181e+07
5.886104e+07
5.886087e+07
5.886078e+07
5.886071e+07
5.886066e+07
5.886062e+07
5.886059e+07
5.886056e+07
5.886053e+07
5.886051e+07
5.886049e+07
5.886047e+07
5.886045e+07
5.886043e+07
5.886042e+07
5.886040e+07
5.886039e+07
5.886038e+07
5.886036e+07
5.886035e+07
5.886034e+07
5.886033e+07
5.886032e+07
5.886031e+07
5.886030e+07
5.886029e+07
5.886028e+07
5.886027e+07
5.886026e+07
5.886025e+07
5.886024e+07
5.886023e+07
5.886022e+07
5.886022e+07
5.886021e+07
5.886020e+07
5.886019e+07
5.886018e+07
5.886018e+07
5.886017e+07
5.886016e+07
5.886015e+07
5.886015e+07
5.886014e+07
5.886013e+07
5.886013e+07
5.886012e+07
5.886011e+07
5.886010e+07
5.886010e+07
5.886009e+07
5.886008e+07
5.886008e+07
5.886007e+07
5.886006e+07
5.886006e+07
5.886005e+07
5.886004e+07
5.886003e+07
5.886003e+07
5.886002e+07
5.886001e+07
5.886001e+07
5.886000e+07
5.885999e+07
5.885999e+07
5.885998e+07
5.885997e+07
5.885997e+07
5.885996e+07
5.885995e+07
5.885995e+07
5.885994e+07
5.885993e+07
5.885993e+07
5.885992e+07
5.885991e+07
5.885990e+07
5.885990e+07
5.885989e+07
5.885988e+07
5.885988e+07
5.885987e+07
5.885986e+07
5.885985e+07
5.885985e+07
5.885984e+07
5.885983e+07
5.885983e+07
5.885982e+07
5.885981e+07
5.885980e+07
5.885980e+07
5.885979e+07
5.885978e+07
5.885977e+07
5.885977e+07
5.885976e+07
5.885975e+07
5.885974e+07
5.885973e+07
5.885973e+07
5.885972e+07
5.885971e+07
5.885970e+07
5.885969e+07
5.885969e+07
5.885968e+07
5.885967e+07
5.885966e+07
5.885965e+07
5.885965e+07
5.885964e+07
5.885963e+07
5.885962e+07
5.885961e+07
5.885960e+07
5.885960e+07
5.885959e+07
5.885958e+07
5.885957e+07
5.885956e+07
5.885955e+07
5.885954e+07
5.885953e+07
5.885952e+07
5.885952e+07
5.885951e+07
5.885950e+07
5.885949e+07
5.885948e+07
5.885947e+07
5.885946e+07
5.885945e+07
5.885944e+07
5.885943e+07
5.885942e+07
5.885941e+07
5.885940e+07
5.885939e+07
5.885938e+07
5.885937e+07
5.885936e+07
5.885935e+07
5.885934e+07
5.885933e+07
5.885932e+07
5.885931e+07
5.885930e+07
5.885929e+07
5.885928e+07
5.885927e+07
5.885926e+07
5.885925e+07
5.885924e+07
5.885923e+07
5.885922e+07
5.885921e+07
5.885919e+07
5.885918e+07
5.885917e+07
5.885916e+07
5.885915e+07
5.885914e+07
5.885913e+07
5.885912e+07
5.885910e+07
5.885909e+07
5.885908e+07
5.885907e+07
5.885906e+07
5.885904e+07
5.885903e+07
5.885902e+07
5.885901e+07
5.885900e+07
5.885898e+07
5.885897e+07
5.885896e+07
5.885895e+07
5.885893e+07
5.885892e+07
5.885891e+07
5.885889e+07
5.885888e+07
5.885887e+07
5.885886e+07
5.885884e+07
5.885883e+07
5.885881e+07
5.885880e+07
5.885879e+07
5.885877e+07
5.885876e+07
5.885875e+07
5.885873e+07
5.885872e+07
5.885870e+07
5.885869e+07
5.885868e+07
5.885866e+07
5.885865e+07
5.885863e+07
5.885862e+07
5.885860e+07
5.885859e+07
5.885857e+07
5.885856e+07
5.885854e+07
5.885853e+07
5.885851e+07
5.885850e+07
5.885848e+07
5.885847e+07
5.885845e+07
5.885843e+07
5.885842e+07
5.885840e+07
5.885839e+07
5.885837e+07
5.885835e+07
5.885834e+07
5.885832e+07
5.885830e+07
5.885829e+07
5.885827e+07
5.885825e+07
5.885824e+07
5.885822e+07
5.885820e+07
5.885818e+07
5.885817e+07
5.885815e+07
5.885813e+07
5.885811e+07
5.885809e+07
5.885808e+07
5.885806e+07
5.885804e+07
5.885802e+07
5.885800e+07
5.885798e+07
5.885797e+07
5.885795e+07
5.885793e+07
5.885791e+07
5.885789e+07
5.885787e+07
5.885785e+07
5.885783e+07
5.885781e+07
5.885779e+07
5.885777e+07
5.885775e+07
5.885773e+07
5.885771e+07
5.885769e+07
5.885767e+07
5.885765e+07
5.885762e+07
5.885760e+07
5.885758e+07
5.885756e+07
5.885754e+07
5.885752e+07
5.885749e+07
5.885747e+07
5.885745e+07
5.885743e+07
5.885741e+07
5.885738e+07
5.885736e+07
5.885734e+07
5.885731e+07
5.885729e+07
5.885727e+07
5.885724e+07
5.885722e+07
5.885719e+07
5.885717e+07
5.885714e+07
5.885712e+07
5.885710e+07
5.885707e+07
5.885704e+07
5.885702e+07
5.885699e+07
5.885697e+07
5.885694e+07
5.885692e+07
5.885689e+07
5.885686e+07
5.885683e+07
5.885681e+07
5.885678e+07
5.885675e+07
5.885672e+07
5.885670e+07
5.885667e+07
5.885664e+07
5.885661e+07
5.885658e+07
5.885655e+07
5.885652e+07
5.885649e+07
5.885646e+07
5.885643e+07
5.885640e+07
5.885637e+07
5.885634e+07
5.885631e+07
5.885628e+07
5.885624e+07
5.885621e+07
5.885618e+07
5.885615e+07
5.885611e+07
5.885608e+07
5.885604e+07
5.885601e+07
5.885597e+07
5.885594e+07
5.885590e+07
5.885587e+07
5.885583e+07
5.885580e+07
5.885576e+07
5.885572e+07
5.885568e+07
5.885564e+07
5.885561e+07
5.885557e+07
5.885553e+07
5.885549e+07
5.885545e+07
5.885540e+07
5.885536e+07
5.885532e+07
5.885528e+07
5.885523e+07
5.885519e+07
5.885515e+07
5.885510e+07
5.885506e+07
5.885501e+07
5.885496e+07
5.885492e+07
5.885487e+07
5.885482e+07
5.885477e+07
5.885472e+07
5.885467e+07
5.885462e+07
5.885457e+07
5.885451e+07
5.885446e+07
5.885440e+07
5.885435e+07
5.885429e+07
5.885423e+07
5.885418e+07
5.885412e+07
5.885406e+07
5.885400e+07
5.885393e+07
5.885387e+07
5.885381e+07
5.885374e+07
5.885368e+07
5.885361e+07
5.885354e+07
5.885347e+07
5.885340e+07
5.885333e+07
5.885325e+07
5.885318e+07
5.885310e+07
5.885302e+07
5.885295e+07
5.885286e+07
5.885278e+07
5.885270e+07
5.885261e+07
5.885253e+07
5.885244e+07
5.885235e+07
5.885225e+07
5.885216e+07
5.885206e+07
5.885197e+07
5.885187e+07
5.885176e+07
5.885166e+07
5.885155e+07
5.885144e+07
5.885133e+07
5.885122e+07
5.885110e+07
5.885098e+07
5.885086e+07
5.885074e+07
5.885061e+07
5.885048e+07
5.885035e+07
5.885021e+07
5.885007e+07
5.884993e+07
5.884978e+07
5.884964e+07
5.884948e+07
5.884933e+07
5.884917e+07
5.884900e+07
5.884884e+07
5.884866e+07
5.884849e+07
5.884831e+07
5.884812e+07
5.884793e+07
5.884774e+07
5.884754e+07
5.884734e+07
5.884713e+07
5.884692e+07
5.884670e+07
5.884647e+07
5.884624e+07
5.884600e+07
5.884576e+07
5.884551e+07
5.884525e+07
5.884499e+07
5.884472e+07
5.884444e+07
5.884416e+07
5.884387e+07
5.884357e+07
5.884326e+07
5.884294e+07
5.884262e+07
5.884228e+07
5.884194e+07
5.884159e+07
5.884123e+07
5.884086e+07
5.884048e+07
5.884008e+07
5.883968e+07
5.883927e+07
5.883884e+07
5.883840e+07
5.883795e+07
5.883749e+07
5.883701e+07
5.883652e+07
5.883602e+07
5.883550e+07
5.883497e+07
5.883442e+07
5.883386e+07
5.883328e+07
5.883269e+07
5.883208e+07
5.883145e+07
5.883080e+07
5.883013e+07
5.882944e+07
5.882874e+07
5.882801e+07
5.882726e+07
5.882649e+07
5.882570e+07
5.882489e+07
5.882405e+07
5.882318e+07
5.882230e+07
5.882138e+07
5.882044e+07
5.881947e+07
5.881847e+07
5.881744e+07
5.881639e+07
5.881530e+07
5.881417e+07
5.881302e+07
5.881183e+07
5.881061e+07
5.880934e+07
5.880805e+07
5.880671e+07
5.880533e+07
5.880391e+07
5.880245e+07
5.880094e+07
5.879939e+07
5.879780e+07
5.879615e+07
5.879446e+07
5.879271e+07
5.879092e+07
5.878906e+07
5.878716e+07
5.878519e+07
5.878317e+07
5.878108e+07
5.877893e+07
5.877672e+07
5.877443e+07
5.877208e+07
5.876966e+07
5.876717e+07
5.876459e+07
5.876195e+07
5.875922e+07
5.875640e+07
5.875350e+07
5.875052e+07
5.874744e+07
5.874426e+07
5.874099e+07
5.873763e+07
5.873415e+07
5.873058e+07
5.872689e+07
5.872309e+07
5.871917e+07
5.871513e+07
5.871097e+07
5.870668e+07
5.870226e+07
5.869771e+07
5.869301e+07
5.868817e+07
5.868318e+07
5.867804e+07
5.867274e+07
5.866728e+07
5.866165e+07
5.865584e+07
5.864986e+07
5.864369e+07
5.863733e+07
5.863078e+07
5.862402e+07
5.861706e+07
5.860988e+07
5.860247e+07
5.859484e+07
5.858698e+07
5.857887e+07
5.857051e+07
5.856189e+07
5.855300e+07
5.854384e+07
5.853439e+07
5.852466e+07
5.851462e+07
5.850427e+07
5.849359e+07
5.848259e+07
5.847125e+07
5.845955e+07
5.844749e+07
5.843506e+07
5.842223e+07
5.840901e+07
5.839538e+07
5.838133e+07
5.836683e+07
5.835189e+07
5.833648e+07
5.832059e+07
5.830421e+07
5.828731e+07
5.826989e+07
5.825192e+07
5.823339e+07
5.821428e+07
5.819458e+07
5.817426e+07
5.815330e+07
5.813169e+07
5.810940e+07
5.808642e+07
5.806271e+07
5.803826e+07
5.801305e+07
5.798704e+07
5.796022e+07
5.793255e+07
5.790401e+07
5.787458e+07
5.784422e+07
5.781291e+07
5.778061e+07
5.774729e+07
5.771292e+07
5.767747e+07
5.764090e+07
5.760317e+07
5.756425e+07
5.752410e+07
5.748267e+07
5.743994e+07
5.739585e+07
5.735036e+07
5.730342e+07
5.725500e+07
5.720503e+07
5.715348e+07
5.710028e+07
5.704538e+07
5.698874e+07
5.693028e+07
5.686995e+07
5.680769e+07
5.674344e+07
5.667712e+07
5.660868e+07
5.653803e+07
5.646511e+07
5.638983e+07
5.631213e+07
5.623192e+07
5.614910e+07
5.606361e+07
5.597533e+07
5.588419e+07
5.579008e+07
5.569290e+07
5.559254e+07
5.548890e+07
5.538186e+07
5.527130e+07
5.515710e+07
5.503914e+07
5.491727e+07
5.479137e+07
5.466128e+07
5.452687e+07
5.438797e+07
5.424442e+07
5.409606e+07
5.394271e+07
5.378419e+07
5.362030e+07
5.345085e+07
5.327563e+07
5.309442e+07
5.290701e+07
5.271314e+07
5.251258e+07
5.230506e+07
5.209031e+07
5.186806e+07
5.163799e+07
5.139981e+07
5.115318e+07
5.089775e+07
5.063317e+07
5.035904e+07
5.007498e+07
4.978055e+07
4.947530e+07
4.915876e+07
4.883043e+07
4.848977e+07
4.813623e+07
4.776919e+07
4.738802e+07
4.699205e+07
4.658053e+07
4.615269e+07
4.570770e+07
4.524465e+07
4.476259e+07
4.426046e+07
4.373713e+07
4.319138e+07
4.262187e+07
4.202713e+07
4.140557e+07
4.075541e+07
4.007470e+07
3.936127e+07
3.861269e+07
3.782623e+07
3.699880e+07
3.612687e+07
3.520641e+07
3.423271e+07
3.320026e+07
3.210253e+07
3.093166e+07
2.967802e+07
2.832961e+07
2.687112e+07
2.528242e+07
2.353611e+07
2.159322e+07
1.939485e+07
1.684490e+07
1.376962e+07
9.810988e+06
0.000000e+00
0.000000e+00
0.000000e+00
0.000000e+00
0.000000e+00
0.000000e+00
0.000000e+00
0.000000e+00
0.000000e+00
0.000000e+00
0.000000e+00
0.000000e+00
0.000000e+00
0.000000e+00
0.000000e+00
0.000000e+00
0.000000e+00
0.000000e+00
0.000000e+00
0.000000e+00
0.000000e+00
0.000000e+00
0.000000e+00
0.000000e+00
0.000000e+00
0.000000e+00
0.000000e+00
0.000000e+00
0.000000e+00
0.000000e+00
0.000000e+00
0.000000e+00
0.000000e+00
0.000000e+00
0.000000e+00
0.000000e+00
0.000000e+00
0.000000e+00
0.000000e+00
0.000000e+00
0.000000e+00
0.000000e+00
0.000000e+00
0.000000e+00
0.000000e+00
0.000000e+00
0.000000e+00
0.000000e+00
0.000000e+00
0.000000e+00
0.000000e+00
0.000000e+00
0.000000e+00
0.000000e+00
0.000000e+00
0.000000e+00
0.000000e+00
0.000000e+00
0.000000e+00
0.000000e+00
0.000000e+00
0.000000e+00
0.000000e+00
0.000000e+00
0.000000e+00
0.000000e+00
0.000000e+00
0.000000e+00
0.000000e+00
0.000000e+00
0.000000e+00
0.000000e+00
0.000000e+00
0.000000e+00
0.000000e+00
0.000000e+00
0.000000e+00
0.000000e+00
0.000000e+00
0.000000e+00
0.000000e+00
0.000000e+00
0.000000e+00
0.000000e+00
0.000000e+00
0.000000e+00
0.000000e+00
0.000000e+00
0.000000e+00
0.000000e+00
0.000000e+00
0.000000e+00
0.000000e+00
0.000000e+00
0.000000e+00
0.000000e+00
0.000000e+00
0.000000e+00
0.000000e+00
0.000000e+00
0.000000e+00
0.000000e+00
0.000000e+00
0.000000e+00
0.000000e+00
0.000000e+00
0.000000e+00
0.000000e+00
0.000000e+00
0.000000e+00
0.000000e+00
0.000000e+00
0.000000e+00
0.000000e+00
0.000000e+00
0.000000e+00
0.000000e+00
0.000000e+00
0.000000e+00
0.000000e+00
0.000000e+00
0.000000e+00
0.000000e+00
0.000000e+00
0.000000e+00
0.000000e+00
0.000000e+00
0.000000e+00
0.000000e+00
0.000000e+00
0.000000e+00
0.000000e+00
0.000000e+00
0.000000e+00
0.000000e+00
0.000000e+00
0.000000e+00
0.000000e+00
0.000000e+00
0.000000e+00
0.000000e+00
0.000000e+00
0.000000e+00
0.000000e+00
0.000000e+00
0.000000e+00
0.000000e+00
0.000000e+00
0.000000e+00
0.000000e+00
0.000000e+00
0.000000e+00
0.000000e+00
0.000000e+00
0.000000e+00
0.000000e+00
0.000000e+00
0.000000e+00
0.000000e+00
0.000000e+00
0.000000e+00
0.000000e+00
0.000000e+00
0.000000e+00
0.000000e+00
0.000000e+00
0.000000e+00
0.000000e+00
0.000000e+00
0.000000e+00
0.000000e+00
0.000000e+00
0.000000e+00
0.000000e+00
0.000000e+00
0.000000e+00
0.000000e+00
0.000000e+00
0.000000e+00
0.000000e+00
0.000000e+00
0.000000e+00
0.000000e+00
0.000000e+00
0.000000e+00
0.000000e+00
0.000000e+00
0.000000e+00
0.000000e+00
0.000000e+00
0.000000e+00
0.000000e+00
0.000000e+00
0.000000e+00
0.000000e+00
0.000000e+00
0.000000e+00
0.000000e+00
0.000000e+00
0.000000e+00
0.000000e+00
0.000000e+00
0.000000e+00
0.000000e+00
0.000000e+00
0.000000e+00
0.000000e+00
0.000000e+00
0.000000e+00
0.000000e+00
0.000000e+00
0.000000e+00
0.000000e+00
0.000000e+00
0.000000e+00
0.000000e+00
0.000000e+00
0.000000e+00
0.000000e+00
0.000000e+00
0.000000e+00
0.000000e+00
0.000000e+00
0.000000e+00
0.000000e+00
0.000000e+00
0.000000e+00
0.000000e+00
0.000000e+00
0.000000e+00
0.000000e+00
0.000000e+00
0.000000e+00
0.000000e+00
0.000000e+00
0.000000e+00
0.000000e+00
0.000000e+00
0.000000e+00
0.000000e+00
0.000000e+00
0.000000e+00
0.000000e+00
0.000000e+00
0.000000e+00
0.000000e+00
0.000000e+00
0.000000e+00
0.000000e+00
0.000000e+00
0.000000e+00
0.000000e+00
0.000000e+00
0.000000e+00
0.000000e+00
0.000000e+00
0.000000e+00
0.000000e+00
0.000000e+00
0.000000e+00
0.000000e+00
0.000000e+00
0.000000e+00
0.000000e+00
0.000000e+00
0.000000e+00
0.000000e+00
0.000000e+00
0.000000e+00
0.000000e+00
0.000000e+00
0.000000e+00
0.000000e+00
0.000000e+00
0.000000e+00
0.000000e+00
0.000000e+00
0.000000e+00
0.000000e+00
0.000000e+00
0.000000e+00
0.000000e+00
0.000000e+00
0.000000e+00
0.000000e+00
0.000000e+00
0.000000e+00
0.000000e+00
0.000000e+00
0.000000e+00
0.000000e+00
0.000000e+00
0.000000e+00
0.000000e+00
0.000000e+00
0.000000e+00
0.000000e+00
0.000000e+00
0.000000e+00
0.000000e+00
0.000000e+00
0.000000e+00
0.000000e+00
0.000000e+00
0.000000e+00
0.000000e+00
0.000000e+00
0.000000e+00
0.000000e+00
0.000000e+00
0.000000e+00
0.000000e+00
0.000000e+00
0.000000e+00
0.000000e+00
0.000000e+00
0.000000e+00
0.000000e+00
0.000000e+00
0.000000e+00
0.000000e+00
0.000000e+00
0.000000e+00
0.000000e+00
0.000000e+00
0.000000e+00
0.000000e+00
0.000000e+00
0.000000e+00
0.000000e+00
0.000000e+00
0.000000e+00
0.000000e+00
0.000000e+00
0.000000e+00
0.000000e+00
0.000000e+00
0.000000e+00
0.000000e+00
0.000000e+00
0.000000e+00
0.000000e+00
0.000000e+00
0.000000e+00
0.000000e+00
0.000000e+00
0.000000e+00
0.000000e+00
0.000000e+00
0.000000e+00
0.000000e+00
0.000000e+00
0.000000e+00
0.000000e+00
0.000000e+00
0.000000e+00
0.000000e+00
0.000000e+00
0.000000e+00
0.000000e+00
0.000000e+00
0.000000e+00
0.000000e+00
0.000000e+00
0.000000e+00
0.000000e+00
0.000000e+00
0.000000e+00
0.000000e+00
0.000000e+00
0.000000e+00
0.000000e+00
0.000000e+00
0.000000e+00
0.000000e+00
0.000000e+00
0.000000e+00
0.000000e+00
0.000000e+00
0.000000e+00
0.000000e+00
0.000000e+00
0.000000e+00
0.000000e+00
0.000000e+00
0.000000e+00
0.000000e+00
0.000000e+00
0.000000e+00
0.000000e+00
0.000000e+00
0.000000e+00
0.000000e+00
0.000000e+00
0.000000e+00
0.000000e+00
0.000000e+00
0.000000e+00
0.000000e+00
0.000000e+00
0.000000e+00
0.000000e+00
0.000000e+00
0.000000e+00
0.000000e+00
0.000000e+00
0.000000e+00
0.000000e+00
0.000000e+00
0.000000e+00
0.000000e+00
0.000000e+00
0.000000e+00
0.000000e+00
0.000000e+00
0.000000e+00
0.000000e+00
0.000000e+00
0.000000e+00
0.000000e+00
0.000000e+00
0.000000e+00
0.000000e+00
0.000000e+00
0.000000e+00
0.000000e+00
0.000000e+00
0.000000e+00
0.000000e+00
0.000000e+00
0.000000e+00
0.000000e+00
0.000000e+00
0.000000e+00
0.000000e+00
0.000000e+00
0.000000e+00
0.000000e+00
0.000000e+00
0.000000e+00
0.000000e+00
0.000000e+00
0.000000e+00
0.000000e+00
0.000000e+00
0.000000e+00
0.000000e+00
0.000000e+00
0.000000e+00
0.000000e+00
0.000000e+00
0.000000e+00
0.000000e+00
0.000000e+00
0.000000e+00
0.000000e+00
0.000000e+00
0.000000e+00
0.000000e+00
0.000000e+00
0.000000e+00
0.000000e+00
0.000000e+00
0.000000e+00
0.000000e+00
0.000000e+00
0.000000e+00
0.000000e+00
0.000000e+00
0.000000e+00
0.000000e+00
0.000000e+00
0.000000e+00
0.000000e+00
0.000000e+00
0.000000e+00
0.000000e+00
0.000000e+00
0.000000e+00
0.000000e+00
0.000000e+00
0.000000e+00
0.000000e+00
0.000000e+00
0.000000e+00
0.000000e+00
0.000000e+00
0.000000e+00
0.000000e+00
0.000000e+00
0.000000e+00
0.000000e+00
0.000000e+00
0.000000e+00
0.000000e+00
0.000000e+00
0.000000e+00
0.000000e+00
0.000000e+00
0.000000e+00
0.000000e+00
0.000000e+00
0.000000e+00
0.000000e+00
0.000000e+00
0.000000e+00
0.000000e+00
0.000000e+00
0.000000e+00
0.000000e+00
0.000000e+00
0.000000e+00
0.000000e+00
0.000000e+00
0.000000e+00
0.000000e+00
0.000000e+00
0.000000e+00
0.000000e+00
0.000000e+00
0.000000e+00
0.000000e+00
0.000000e+00
0.000000e+00
0.000000e+00
0.000000e+00
0.000000e+00
0.000000e+00
0.000000e+00
0.000000e+00
0.000000e+00
0.000000e+00
0.000000e+00
0.000000e+00
0.000000e+00
0.000000e+00
0.000000e+00
0.000000e+00
0.000000e+00
0.000000e+00
0.000000e+00
0.000000e+00
0.000000e+00
0.000000e+00
0.000000e+00
0.000000e+00
0.000000e+00
0.000000e+00
0.000000e+00
0.000000e+00
0.000000e+00
0.000000e+00
0.000000e+00
0.000000e+00
0.000000e+00
0.000000e+00
0.000000e+00
0.000000e+00
0.000000e+00
0.000000e+00
0.000000e+00
0.000000e+00
0.000000e+00
0.000000e+00
0.000000e+00
0.000000e+00
0.000000e+00
0.000000e+00
0.000000e+00
0.000000e+00
0.000000e+00
0.000000e+00
0.000000e+00
0.000000e+00
0.000000e+00
0.000000e+00
0.000000e+00
0.000000e+00
0.000000e+00
0.000000e+00
0.000000e+00
0.000000e+00
0.000000e+00
0.000000e+00
0.000000e+00
0.000000e+00
0.000000e+00
0.000000e+00
0.000000e+00
0.000000e+00
0.000000e+00
0.000000e+00
0.000000e+00
0.000000e+00
0.000000e+00
0.000000e+00
0.000000e+00
0.000000e+00
0.000000e+00
0.000000e+00
0.000000e+00
0.000000e+00
0.000000e+00
0.000000e+00
0.000000e+00
0.000000e+00
0.000000e+00
0.000000e+00
0.000000e+00
0.000000e+00
0.000000e+00
0.000000e+00
0.000000e+00
0.000000e+00
0.000000e+00
0.000000e+00
0.000000e+00
0.000000e+00
0.000000e+00
0.000000e+00
0.000000e+00
0.000000e+00
0.000000e+00
0.000000e+00
0.000000e+00
0.000000e+00
0.000000e+00
0.000000e+00
0.000000e+00
0.000000e+00
0.000000e+00
0.000000e+00
0.000000e+00
0.000000e+00
0.000000e+00
0.000000e+00
0.000000e+00
0.000000e+00
0.000000e+00
0.000000e+00
0.000000e+00
0.000000e+00
0.000000e+00
0.000000e+00
0.000000e+00
0.000000e+00
0.000000e+00
0.000000e+00
0.000000e+00
0.000000e+00
0.000000e+00
0.000000e+00
0.000000e+00
0.000000e+00
0.000000e+00
0.000000e+00
0.000000e+00
0.000000e+00
0.000000e+00
0.000000e+00
0.000000e+00
0.000000e+00
0.000000e+00
0.000000e+00
0.000000e+00
0.000000e+00
0.000000e+00
0.000000e+00
0.000000e+00
0.000000e+00
0.000000e+00
0.000000e+00
0.000000e+00
0.000000e+00
0.000000e+00
0.000000e+00
0.000000e+00
0.000000e+00
0.000000e+00
0.000000e+00
0.000000e+00
0.000000e+00
0.000000e+00
0.000000e+00
0.000000e+00
0.000000e+00
0.000000e+00
0.000000e+00
0.000000e+00
0.000000e+00
0.000000e+00
0.000000e+00
0.000000e+00
0.000000e+00
0.000000e+00
0.000000e+00
0.000000e+00
0.000000e+00
0.000000e+00
0.000000e+00
0.000000e+00
0.000000e+00
0.000000e+00
0.000000e+00
0.000000e+00
0.000000e+00
0.000000e+00
0.000000e+00
0.000000e+00
0.000000e+00
0.000000e+00
0.000000e+00
0.000000e+00
0.000000e+00
0.000000e+00
0.000000e+00
0.000000e+00
0.000000e+00
0.000000e+00
0.000000e+00
0.000000e+00
0.000000e+00
0.000000e+00
0.000000e+00
0.000000e+00
0.000000e+00
0.000000e+00
0.000000e+00
0.000000e+00
0.000000e+00
0.000000e+00
0.000000e+00
0.000000e+00
0.000000e+00
0.000000e+00
0.000000e+00
0.000000e+00
0.000000e+00
0.000000e+00
0.000000e+00
0.000000e+00
0.000000e+00
0.000000e+00
0.000000e+00
0.000000e+00
0.000000e+00
0.000000e+00
0.000000e+00
0.000000e+00
0.000000e+00
0.000000e+00
0.000000e+00
0.000000e+00
0.000000e+00
0.000000e+00
0.000000e+00
0.000000e+00
0.000000e+00
0.000000e+00
0.000000e+00
0.000000e+00
0.000000e+00
0.000000e+00
0.000000e+00
0.000000e+00
0.000000e+00
0.000000e+00
0.000000e+00
0.000000e+00
0.000000e+00
0.000000e+00
0.000000e+00
0.000000e+00
0.000000e+00
0.000000e+00
0.000000e+00
0.000000e+00
0.000000e+00
0.000000e+00
0.000000e+00
0.000000e+00
0.000000e+00
0.000000e+00
0.000000e+00
0.000000e+00
0.000000e+00
0.000000e+00
0.000000e+00
0.000000e+00
0.000000e+00
0.000000e+00
0.000000e+00
0.000000e+00
0.000000e+00
0.000000e+00
0.000000e+00
0.000000e+00
0.000000e+00
0.000000e+00
0.000000e+00
0.000000e+00
0.000000e+00
0.000000e+00
0.000000e+00
0.000000e+00
0.000000e+00
0.000000e+00
0.000000e+00
0.000000e+00
0.000000e+00
0.000000e+00
0.000000e+00
0.000000e+00
0.000000e+00
0.000000e+00
0.000000e+00
0.000000e+00
0.000000e+00
0.000000e+00
0.000000e+00
0.000000e+00
0.000000e+00
0.000000e+00
0.000000e+00
0.000000e+00
0.000000e+00
0.000000e+00
0.000000e+00
0.000000e+00
0.000000e+00
0.000000e+00
0.000000e+00
0.000000e+00
0.000000e+00
0.000000e+00
0.000000e+00
0.000000e+00
0.000000e+00
0.000000e+00
0.000000e+00
0.000000e+00
0.000000e+00
0.000000e+00
0.000000e+00
0.000000e+00
0.000000e+00
0.000000e+00
0.000000e+00
0.000000e+00
0.000000e+00
0.000000e+00
0.000000e+00
0.000000e+00
0.000000e+00
0.000000e+00
0.000000e+00
0.000000e+00
0.000000e+00
0.000000e+00
0.000000e+00
0.000000e+00
0.000000e+00
0.000000e+00
0.000000e+00
0.000000e+00
0.000000e+00
0.000000e+00
0.000000e+00
0.000000e+00
0.000000e+00
0.000000e+00
0.000000e+00
0.000000e+00
0.000000e+00
0.000000e+00
0.000000e+00
0.000000e+00
0.000000e+00
0.000000e+00
0.000000e+00
0.000000e+00
0.000000e+00
0.000000e+00
0.000000e+00
0.000000e+00
0.000000e+00
0.000000e+00
0.000000e+00
0.000000e+00
0.000000e+00
0.000000e+00
0.000000e+00
0.000000e+00
0.000000e+00
0.000000e+00
0.000000e+00
0.000000e+00
0.000000e+00
0.000000e+00
0.000000e+00
0.000000e+00
0.000000e+00
0.000000e+00
0.000000e+00
0.000000e+00
0.000000e+00
0.000000e+00
0.000000e+00
0.000000e+00
0.000000e+00
0.000000e+00
0.000000e+00
0.000000e+00
0.000000e+00
0.000000e+00
0.000000e+00
0.000000e+00
0.000000e+00
0.000000e+00
0.000000e+00
0.000000e+00
0.000000e+00
0.000000e+00
0.000000e+00
0.000000e+00
0.000000e+00
0.000000e+00
0.000000e+00
0.000000e+00
0.000000e+00
0.000000e+00
0.000000e+00
0.000000e+00
0.000000e+00
0.000000e+00
0.000000e+00
0.000000e+00
0.000000e+00
0.000000e+00
0.000000e+00
0.000000e+00
0.000000e+00
0.000000e+00
0.000000e+00
0.000000e+00
0.000000e+00
0.000000e+00
0.000000e+00
0.000000e+00
0.000000e+00
0.000000e+00
0.000000e+00
0.000000e+00
0.000000e+00
0.000000e+00
0.000000e+00
0.000000e+00
0.000000e+00
0.000000e+00
0.000000e+00
0.000000e+00
0.000000e+00
0.000000e+00
0.000000e+00
0.000000e+00
0.000000e+00
0.000000e+00
0.000000e+00
0.000000e+00
0.000000e+00
0.000000e+00
0.000000e+00
0.000000e+00
0.000000e+00
0.000000e+00
0.000000e+00
0.000000e+00
0.000000e+00
0.000000e+00
0.000000e+00
0.000000e+00
0.000000e+00
0.000000e+00
0.000000e+00
0.000000e+00
0.000000e+00
0.000000e+00
0.000000e+00
0.000000e+00
0.000000e+00
0.000000e+00
0.000000e+00
0.000000e+00
0.000000e+00
0.000000e+00
0.000000e+00
0.000000e+00
0.000000e+00
0.000000e+00
0.000000e+00
0.000000e+00
0.000000e+00
0.000000e+00
0.000000e+00
0.000000e+00
0.000000e+00
0.000000e+00
0.000000e+00
0.000000e+00
0.000000e+00
0.000000e+00
0.000000e+00
0.000000e+00
0.000000e+00
0.000000e+00
0.000000e+00
0.000000e+00
0.000000e+00
0.000000e+00
0.000000e+00
0.000000e+00
0.000000e+00
0.000000e+00
0.000000e+00
0.000000e+00
0.000000e+00
0.000000e+00
0.000000e+00
0.000000e+00
0.000000e+00
0.000000e+00
0.000000e+00
0.000000e+00
0.000000e+00
0.000000e+00
0.000000e+00
0.000000e+00
0.000000e+00
0.000000e+00
0.000000e+00
0.000000e+00
0.000000e+00
0.000000e+00
0.000000e+00
0.000000e+00
0.000000e+00
0.000000e+00
0.000000e+00
0.000000e+00
0.000000e+00
0.000000e+00
0.000000e+00
0.000000e+00
0.000000e+00
0.000000e+00
0.000000e+00
0.000000e+00
0.000000e+00
0.000000e+00
0.000000e+00
0.000000e+00
0.000000e+00
0.000000e+00
0.000000e+00
0.000000e+00
0.000000e+00
0.000000e+00
0.000000e+00
0.000000e+00
0.000000e+00
0.000000e+00
0.000000e+00
0.000000e+00
0.000000e+00
0.000000e+00
0.000000e+00
0.000000e+00
0.000000e+00
0.000000e+00
0.000000e+00
0.000000e+00
0.000000e+00
0.000000e+00
0.000000e+00
0.000000e+00
0.000000e+00
0.000000e+00
0.000000e+00
0.000000e+00
0.000000e+00
0.000000e+00
0.000000e+00
0.000000e+00
0.000000e+00
0.000000e+00
0.000000e+00
