5.916285e+07
5.916208e+07
5.916191e+07
5.916182e+07
5.916175e+07
5.916170e+07
5.916166e+07
5.916163e+07
5.916160e+07
5.916157e+07
5.916155e+07
5.916153e+07
5.916151e+07
5.916149e+07
5.916147e+07
5.916146e+07
5.916144e+07
5.916143e+07
5.916141e+07
5.916140e+07
5.916139e+07
5.916138e+07
5.916137e+07
5.916135e+07
5.916134e+07
5.916133e+07
5.916132e+07
5.916131e+07
5.916131e+07
5.916130e+07
5.916129e+07
5.916128e+07
5.916127e+07
5.916126e+07
5.916125e+07
5.916124e+07
5.916124e+07
5.916123e+07
5.916122e+07
5.916121e+07
5.916121e+07
5.916120e+07
5.916119e+07
5.916118e+07
5.916118e+07
5.916117e+07
5.916116e+07
5.916115e+07
5.916115e+07
5.916114e+07
5.916113e+07
5.916113e+07
5.916112e+07
5.916111e+07
5.916110e+07
5.916110e+07
5.916109e+07
5.916108e+07
5.916108e+07
5.916107e+07
5.916106e+07
5.916106e+07
5.916105e+07
5.916104e+07
5.916104e+07
5.916103e+07
5.916102e+07
5.916101e+07
5.916101e+07
5.916100e+07
5.916099e+07
5.916099e+07
5.916098e+07
5.916097e+07
5.916097e+07
5.916096e+07
5.916095e+07
5.916094e+07
5.916094e+07
5.916093e+07
5.916092e+07
5.916092e+07
5.916091e+07
5.916090e+07
5.916089e+07
5.916089e+07
5.916088e+07
5.916087e+07
5.916086e+07
5.916086e+07
5.916085e+07
5.916084e+07
5.916083e+07
5.916083e+07
5.916082e+07
5.916081e+07
5.916080e+07
5.916080e+07
5.916079e+07
5.916078e+07
5.916077e+07
5.916076e+07
5.916076e+07
5.916075e+07
5.916074e+07
5.916073e+07
5.916072e+07
5.916072e+07
5.916071e+07
5.916070e+07
5.916069e+07
5.916068e+07
5.916067e+07
5.916067e+07
5.916066e+07
5.916065e+07
5.916064e+07
5.916063e+07
5.916062e+07
5.916061e+07
5.916061e+07
5.916060e+07
5.916059e+07
5.916058e+07
5.916057e+07
5.916056e+07
5.916055e+07
5.916054e+07
5.916053e+07
5.916052e+07
5.916051e+07
5.916051e+07
5.916050e+07
5.916049e+07
5.916048e+07
5.916047e+07
5.916046e+07
5.916045e+07
5.916044e+07
5.916043e+07
5.916042e+07
5.916041e+07
5.916040e+07
5.916039e+07
5.916038e+07
5.916037e+07
5.916036e+07
5.916035e+07
5.916034e+07
5.916032e+07
5.916031e+07
5.916030e+07
5.916029e+07
5.916028e+07
5.916027e+07
5.916026e+07
5.916025e+07
5.916024e+07
5.916023e+07
5.916022e+07
5.916020e+07
5.916019e+07
5.916018e+07
5.916017e+07
5.916016e+07
5.916015e+07
5.916013e+07
5.916012e+07
5.916011e+07
5.916010e+07
5.916009e+07
5.916008e+07
5.916006e+07
5.916005e+07
5.916004e+07
5.916003e+07
5.916001e+07
5.916000e+07
5.915999e+07
5.915998e+07
5.915996e+07
5.915995e+07
5.915994e+07
5.915992e+07
5.915991e+07
5.915990e+07
5.915988e+07
5.915987e+07
5.915986e+07
5.915984e+07
5.915983e+07
5.915982e+07
5.915980e+07
5.915979e+07
5.915977e+07
5.915976e+07
5.915975e+07
5.915973e+07
5.915972e+07
5.915970e+07
5.915969e+07
5.915967e+07
5.915966e+07
5.915964e+07
5.915963e+07
5.915961e+07
5.915960e+07
5.915958e+07
5.915957e+07
5.915955e+07
5.915954e+07
5.915952e+07
5.915951e+07
5.915949e+07
5.915947e+07
5.915946e+07
5.915944e+07
5.915942e+07
5.915941e+07
5.915939e+07
5.915938e+07
5.915936e+07
5.915934e+07
5.915933e+07
5.915931e+07
5.915929e+07
5.915927e+07
5.915926e+07
5.915924e+07
5.915922e+07
5.915920e+07
5.915919e+07
5.915917e+07
5.915915e+07
5.915913e+07
5.915911e+07
5.915910e+07
5.915908e+07
5.915906e+07
5.915904e+07
5.915902e+07
5.915900e+07
5.915898e+07
5.915896e+07
5.915894e+07
5.915892e+07
5.915891e+07
5.915889e+07
5.915887e+07
5.915885e+07
5.915883e+07
5.915881e+07
5.915878e+07
5.915876e+07
5.915874e+07
5.915872e+07
5.915870e+07
5.915868e+07
5.915866e+07
5.915864e+07
5.915862e+07
5.915860e+07
5.915857e+07
5.915855e+07
5.915853e+07
5.915851e+07
5.915848e+07
5.915846e+07
5.915844e+07
5.915842e+07
5.915839e+07
5.915837e+07
5.915835e+07
5.915832e+07
5.915830e+07
5.915827e+07
5.915825e+07
5.915823e+07
5.915820e+07
5.915818e+07
5.915815e+07
5.915813e+07
5.915810e+07
5.915808e+07
5.915805e+07
5.915802e+07
5.915800e+07
5.915797e+07
5.915795e+07
5.915792e+07
5.915789e+07
5.915787e+07
5.915784e+07
5.915781e+07
5.915778e+07
5.915775e+07
5.915773e+07
5.915770e+07
5.915767e+07
5.915764e+07
5.915761e+07
5.915758e+07
5.915755e+07
5.915752e+07
5.915749e+07
5.915746e+07
5.915743e+07
5.915740e+07
5.915737e+07
5.915734e+07
5.915730e+07
5.915727e+07
5.915724e+07
5.915721e+07
5.915717e+07
5.915714e+07
5.915710e+07
5.915707e+07
5.915704e+07
5.915700e+07
5.915697e+07
5.915693e+07
5.915689e+07
5.915686e+07
5.915682e+07
5.915678e+07
5.915675e+07
5.915671e+07
5.915667e+07
5.915663e+07
5.915659e+07
5.915655e+07
5.915651e+07
5.915647e+07
5.915643e+07
5.915639e+07
5.915634e+07
5.915630e+07
5.915626e+07
5.915621e+07
5.915617e+07
5.915612e+07
5.915608e+07
5.915603e+07
5.915598e+07
5.915594e+07
5.915589e+07
5.915584e+07
5.915579e+07
5.915574e+07
5.915569e+07
5.915564e+07
5.915558e+07
5.915553e+07
5.915548e+07
5.915542e+07
5.915537e+07
5.915531e+07
5.915525e+07
5.915519e+07
5.915513e+07
5.915507e+07
5.915501e+07
5.915495e+07
5.915489e+07
5.915482e+07
5.915476e+07
5.915469e+07
5.915462e+07
5.915455e+07
5.915448e+07
5.915441e+07
5.915434e+07
5.915427e+07
5.915419e+07
5.915411e+07
5.915404e+07
5.915396e+07
5.915387e+07
5.915379e+07
5.915371e+07
5.915362e+07
5.915353e+07
5.915345e+07
5.915335e+07
5.915326e+07
5.915317e+07
5.915307e+07
5.915297e+07
5.915287e+07
5.915277e+07
5.915266e+07
5.915256e+07
5.915245e+07
5.915233e+07
5.915222e+07
5.915210e+07
5.915198e+07
5.915186e+07
5.915174e+07
5.915161e+07
5.915148e+07
5.915135e+07
5.915121e+07
5.915107e+07
5.915093e+07
5.915078e+07
5.915063e+07
5.915048e+07
5.915032e+07
5.915016e+07
5.915000e+07
5.914983e+07
5.914966e+07
5.914948e+07
5.914930e+07
5.914911e+07
5.914892e+07
5.914873e+07
5.914853e+07
5.914832e+07
5.914811e+07
5.914790e+07
5.914768e+07
5.914745e+07
5.914722e+07
5.914698e+07
5.914674e+07
5.914649e+07
5.914623e+07
5.914596e+07
5.914569e+07
5.914542e+07
5.914513e+07
5.914484e+07
5.914454e+07
5.914423e+07
5.914391e+07
5.914358e+07
5.914325e+07
5.914290e+07
5.914255e+07
5.914219e+07
5.914181e+07
5.914143e+07
5.914104e+07
5.914063e+07
5.914022e+07
5.913979e+07
5.913935e+07
5.913890e+07
5.913843e+07
5.913795e+07
5.913746e+07
5.913696e+07
5.913644e+07
5.913590e+07
5.913535e+07
5.913479e+07
5.913421e+07
5.913361e+07
5.913300e+07
5.913236e+07
5.913171e+07
5.913104e+07
5.913035e+07
5.912964e+07
5.912892e+07
5.912816e+07
5.912739e+07
5.912660e+07
5.912578e+07
5.912494e+07
5.912407e+07
5.912318e+07
5.912226e+07
5.912131e+07
5.912034e+07
5.911934e+07
5.911830e+07
5.911724e+07
5.911615e+07
5.911502e+07
5.911386e+07
5.911267e+07
5.911144e+07
5.911017e+07
5.910887e+07
5.910753e+07
5.910614e+07
5.910472e+07
5.910325e+07
5.910174e+07
5.910018e+07
5.909858e+07
5.909693e+07
5.909523e+07
5.909348e+07
5.909167e+07
5.908981e+07
5.908790e+07
5.908593e+07
5.908389e+07
5.908180e+07
5.907964e+07
5.907742e+07
5.907513e+07
5.907277e+07
5.907034e+07
5.906783e+07
5.906525e+07
5.906259e+07
5.905985e+07
5.905702e+07
5.905411e+07
5.905112e+07
5.904803e+07
5.904484e+07
5.904156e+07
5.903818e+07
5.903469e+07
5.903110e+07
5.902740e+07
5.902358e+07
5.901965e+07
5.901560e+07
5.901142e+07
5.900712e+07
5.900268e+07
5.899811e+07
5.899339e+07
5.898853e+07
5.898353e+07
5.897837e+07
5.897305e+07
5.896756e+07
5.896191e+07
5.895608e+07
5.895008e+07
5.894388e+07
5.893750e+07
5.893092e+07
5.892414e+07
5.891715e+07
5.890994e+07
5.890251e+07
5.889485e+07
5.888696e+07
5.887882e+07
5.887043e+07
5.886178e+07
5.885286e+07
5.884366e+07
5.883418e+07
5.882441e+07
5.881433e+07
5.880394e+07
5.879323e+07
5.878218e+07
5.877080e+07
5.875906e+07
5.874695e+07
5.873447e+07
5.872160e+07
5.870833e+07
5.869465e+07
5.868055e+07
5.866600e+07
5.865100e+07
5.863553e+07
5.861958e+07
5.860314e+07
5.858618e+07
5.856869e+07
5.855066e+07
5.853206e+07
5.851288e+07
5.849311e+07
5.847271e+07
5.845168e+07
5.842999e+07
5.840762e+07
5.838455e+07
5.836076e+07
5.833622e+07
5.831091e+07
5.828481e+07
5.825788e+07
5.823012e+07
5.820148e+07
5.817194e+07
5.814147e+07
5.811004e+07
5.807762e+07
5.804418e+07
5.800968e+07
5.797410e+07
5.793739e+07
5.789953e+07
5.786046e+07
5.782016e+07
5.777859e+07
5.773570e+07
5.769144e+07
5.764579e+07
5.759868e+07
5.755008e+07
5.749993e+07
5.744818e+07
5.739479e+07
5.733969e+07
5.728283e+07
5.722416e+07
5.716361e+07
5.710112e+07
5.703663e+07
5.697007e+07
5.690137e+07
5.683046e+07
5.675727e+07
5.668172e+07
5.660372e+07
5.652321e+07
5.644009e+07
5.635427e+07
5.626567e+07
5.617419e+07
5.607973e+07
5.598218e+07
5.588145e+07
5.577742e+07
5.566997e+07
5.555900e+07
5.544437e+07
5.532596e+07
5.520363e+07
5.507725e+07
5.494667e+07
5.481174e+07
5.467231e+07
5.452821e+07
5.437928e+07
5.422534e+07
5.406620e+07
5.390168e+07
5.373157e+07
5.355567e+07
5.337376e+07
5.318560e+07
5.299097e+07
5.278962e+07
5.258128e+07
5.236568e+07
5.214254e+07
5.191156e+07
5.167242e+07
5.142479e+07
5.116833e+07
5.090267e+07
5.062743e+07
5.034219e+07
5.004655e+07
4.974003e+07
4.942218e+07
4.909247e+07
4.875038e+07
4.839534e+07
4.802674e+07
4.764395e+07
4.724626e+07
4.683296e+07
4.640326e+07
4.595632e+07
4.549122e+07
4.500701e+07
4.450263e+07
4.397695e+07
4.342871e+07
4.285659e+07
4.225911e+07
4.163465e+07
4.098145e+07
4.029752e+07
3.958068e+07
3.882850e+07
3.803822e+07
3.720673e+07
3.633049e+07
3.540543e+07
3.442681e+07
3.338910e+07
3.228572e+07
3.110875e+07
2.984851e+07
2.849293e+07
2.702658e+07
2.542923e+07
2.367331e+07
2.171958e+07
1.950880e+07
1.694429e+07
1.385121e+07
9.869392e+06
0.000000e+00
0.000000e+00
0.000000e+00
0.000000e+00
0.000000e+00
0.000000e+00
0.000000e+00
0.000000e+00
0.000000e+00
0.000000e+00
0.000000e+00
0.000000e+00
0.000000e+00
0.000000e+00
0.000000e+00
0.000000e+00
0.000000e+00
0.000000e+00
0.000000e+00
0.000000e+00
0.000000e+00
0.000000e+00
0.000000e+00
0.000000e+00
0.000000e+00
0.000000e+00
0.000000e+00
0.000000e+00
0.000000e+00
0.000000e+00
0.000000e+00
0.000000e+00
0.000000e+00
0.000000e+00
0.000000e+00
0.000000e+00
0.000000e+00
0.000000e+00
0.000000e+00
0.000000e+00
0.000000e+00
0.000000e+00
0.000000e+00
0.000000e+00
0.000000e+00
0.000000e+00
0.000000e+00
0.000000e+00
0.000000e+00
0.000000e+00
0.000000e+00
0.000000e+00
0.000000e+00
0.000000e+00
0.000000e+00
0.000000e+00
0.000000e+00
0.000000e+00
0.000000e+00
0.000000e+00
0.000000e+00
0.000000e+00
0.000000e+00
0.000000e+00
0.000000e+00
0.000000e+00
0.000000e+00
0.000000e+00
0.000000e+00
0.000000e+00
0.000000e+00
0.000000e+00
0.000000e+00
0.000000e+00
0.000000e+00
0.000000e+00
0.000000e+00
0.000000e+00
0.000000e+00
0.000000e+00
0.000000e+00
0.000000e+00
0.000000e+00
0.000000e+00
0.000000e+00
0.000000e+00
0.000000e+00
0.000000e+00
0.000000e+00
0.000000e+00
0.000000e+00
0.000000e+00
0.000000e+00
0.000000e+00
0.000000e+00
0.000000e+00
0.000000e+00
0.000000e+00
0.000000e+00
0.000000e+00
0.000000e+00
0.000000e+00
0.000000e+00
0.000000e+00
0.000000e+00
0.000000e+00
0.000000e+00
0.000000e+00
0.000000e+00
0.000000e+00
0.000000e+00
0.000000e+00
0.000000e+00
0.000000e+00
0.000000e+00
0.000000e+00
0.000000e+00
0.000000e+00
0.000000e+00
0.000000e+00
0.000000e+00
0.000000e+00
0.000000e+00
0.000000e+00
0.000000e+00
0.000000e+00
0.000000e+00
0.000000e+00
0.000000e+00
0.000000e+00
0.000000e+00
0.000000e+00
0.000000e+00
0.000000e+00
0.000000e+00
0.000000e+00
0.000000e+00
0.000000e+00
0.000000e+00
0.000000e+00
0.000000e+00
0.000000e+00
0.000000e+00
0.000000e+00
0.000000e+00
0.000000e+00
0.000000e+00
0.000000e+00
0.000000e+00
0.000000e+00
0.000000e+00
0.000000e+00
0.000000e+00
0.000000e+00
0.000000e+00
0.000000e+00
0.000000e+00
0.000000e+00
0.000000e+00
0.000000e+00
0.000000e+00
0.000000e+00
0.000000e+00
0.000000e+00
0.000000e+00
0.000000e+00
0.000000e+00
0.000000e+00
0.000000e+00
0.000000e+00
0.000000e+00
0.000000e+00
0.000000e+00
0.000000e+00
0.000000e+00
0.000000e+00
0.000000e+00
0.000000e+00
0.000000e+00
0.000000e+00
0.000000e+00
0.000000e+00
0.000000e+00
0.000000e+00
0.000000e+00
0.000000e+00
0.000000e+00
0.000000e+00
0.000000e+00
0.000000e+00
0.000000e+00
0.000000e+00
0.000000e+00
0.000000e+00
0.000000e+00
0.000000e+00
0.000000e+00
0.000000e+00
0.000000e+00
0.000000e+00
0.000000e+00
0.000000e+00
0.000000e+00
0.000000e+00
0.000000e+00
0.000000e+00
0.000000e+00
0.000000e+00
0.000000e+00
0.000000e+00
0.000000e+00
0.000000e+00
0.000000e+00
0.000000e+00
0.000000e+00
0.000000e+00
0.000000e+00
0.000000e+00
0.000000e+00
0.000000e+00
0.000000e+00
0.000000e+00
0.000000e+00
0.000000e+00
0.000000e+00
0.000000e+00
0.000000e+00
0.000000e+00
0.000000e+00
0.000000e+00
0.000000e+00
0.000000e+00
0.000000e+00
0.000000e+00
0.000000e+00
0.000000e+00
0.000000e+00
0.000000e+00
0.000000e+00
0.000000e+00
0.000000e+00
0.000000e+00
0.000000e+00
0.000000e+00
0.000000e+00
0.000000e+00
0.000000e+00
0.000000e+00
0.000000e+00
0.000000e+00
0.000000e+00
0.000000e+00
0.000000e+00
0.000000e+00
0.000000e+00
0.000000e+00
0.000000e+00
0.000000e+00
0.000000e+00
0.000000e+00
0.000000e+00
0.000000e+00
0.000000e+00
0.000000e+00
0.000000e+00
0.000000e+00
0.000000e+00
0.000000e+00
0.000000e+00
0.000000e+00
0.000000e+00
0.000000e+00
0.000000e+00
0.000000e+00
0.000000e+00
0.000000e+00
0.000000e+00
0.000000e+00
0.000000e+00
0.000000e+00
0.000000e+00
0.000000e+00
0.000000e+00
0.000000e+00
0.000000e+00
0.000000e+00
0.000000e+00
0.000000e+00
0.000000e+00
0.000000e+00
0.000000e+00
0.000000e+00
0.000000e+00
0.000000e+00
0.000000e+00
0.000000e+00
0.000000e+00
0.000000e+00
0.000000e+00
0.000000e+00
0.000000e+00
0.000000e+00
0.000000e+00
0.000000e+00
0.000000e+00
0.000000e+00
0.000000e+00
0.000000e+00
0.000000e+00
0.000000e+00
0.000000e+00
0.000000e+00
0.000000e+00
0.000000e+00
0.000000e+00
0.000000e+00
0.000000e+00
0.000000e+00
0.000000e+00
0.000000e+00
0.000000e+00
0.000000e+00
0.000000e+00
0.000000e+00
0.000000e+00
0.000000e+00
0.000000e+00
0.000000e+00
0.000000e+00
0.000000e+00
0.000000e+00
0.000000e+00
0.000000e+00
0.000000e+00
0.000000e+00
0.000000e+00
0.000000e+00
0.000000e+00
0.000000e+00
0.000000e+00
0.000000e+00
0.000000e+00
0.000000e+00
0.000000e+00
0.000000e+00
0.000000e+00
0.000000e+00
0.000000e+00
0.000000e+00
0.000000e+00
0.000000e+00
0.000000e+00
0.000000e+00
0.000000e+00
0.000000e+00
0.000000e+00
0.000000e+00
0.000000e+00
0.000000e+00
0.000000e+00
0.000000e+00
0.000000e+00
0.000000e+00
0.000000e+00
0.000000e+00
0.000000e+00
0.000000e+00
0.000000e+00
0.000000e+00
0.000000e+00
0.000000e+00
0.000000e+00
0.000000e+00
0.000000e+00
0.000000e+00
0.000000e+00
0.000000e+00
0.000000e+00
0.000000e+00
0.000000e+00
0.000000e+00
0.000000e+00
0.000000e+00
0.000000e+00
0.000000e+00
0.000000e+00
0.000000e+00
0.000000e+00
0.000000e+00
0.000000e+00
0.000000e+00
0.000000e+00
0.000000e+00
0.000000e+00
0.000000e+00
0.000000e+00
0.000000e+00
0.000000e+00
0.000000e+00
0.000000e+00
0.000000e+00
0.000000e+00
0.000000e+00
0.000000e+00
0.000000e+00
0.000000e+00
0.000000e+00
0.000000e+00
0.000000e+00
0.000000e+00
0.000000e+00
0.000000e+00
0.000000e+00
0.000000e+00
0.000000e+00
0.000000e+00
0.000000e+00
0.000000e+00
0.000000e+00
0.000000e+00
0.000000e+00
0.000000e+00
0.000000e+00
0.000000e+00
0.000000e+00
0.000000e+00
0.000000e+00
0.000000e+00
0.000000e+00
0.000000e+00
0.000000e+00
0.000000e+00
0.000000e+00
0.000000e+00
0.000000e+00
0.000000e+00
0.000000e+00
0.000000e+00
0.000000e+00
0.000000e+00
0.000000e+00
0.000000e+00
0.000000e+00
0.000000e+00
0.000000e+00
0.000000e+00
0.000000e+00
0.000000e+00
0.000000e+00
0.000000e+00
0.000000e+00
0.000000e+00
0.000000e+00
0.000000e+00
0.000000e+00
0.000000e+00
0.000000e+00
0.000000e+00
0.000000e+00
0.000000e+00
0.000000e+00
0.000000e+00
0.000000e+00
0.000000e+00
0.000000e+00
0.000000e+00
0.000000e+00
0.000000e+00
0.000000e+00
0.000000e+00
0.000000e+00
0.000000e+00
0.000000e+00
0.000000e+00
0.000000e+00
0.000000e+00
0.000000e+00
0.000000e+00
0.000000e+00
0.000000e+00
0.000000e+00
0.000000e+00
0.000000e+00
0.000000e+00
0.000000e+00
0.000000e+00
0.000000e+00
0.000000e+00
0.000000e+00
0.000000e+00
0.000000e+00
0.000000e+00
0.000000e+00
0.000000e+00
0.000000e+00
0.000000e+00
0.000000e+00
0.000000e+00
0.000000e+00
0.000000e+00
0.000000e+00
0.000000e+00
0.000000e+00
0.000000e+00
0.000000e+00
0.000000e+00
0.000000e+00
0.000000e+00
0.000000e+00
0.000000e+00
0.000000e+00
0.000000e+00
0.000000e+00
0.000000e+00
0.000000e+00
0.000000e+00
0.000000e+00
0.000000e+00
0.000000e+00
0.000000e+00
0.000000e+00
0.000000e+00
0.000000e+00
0.000000e+00
0.000000e+00
0.000000e+00
0.000000e+00
0.000000e+00
0.000000e+00
0.000000e+00
0.000000e+00
0.000000e+00
0.000000e+00
0.000000e+00
0.000000e+00
0.000000e+00
0.000000e+00
0.000000e+00
0.000000e+00
0.000000e+00
0.000000e+00
0.000000e+00
0.000000e+00
0.000000e+00
0.000000e+00
0.000000e+00
0.000000e+00
0.000000e+00
0.000000e+00
0.000000e+00
0.000000e+00
0.000000e+00
0.000000e+00
0.000000e+00
0.000000e+00
0.000000e+00
0.000000e+00
0.000000e+00
0.000000e+00
0.000000e+00
0.000000e+00
0.000000e+00
0.000000e+00
0.000000e+00
0.000000e+00
0.000000e+00
0.000000e+00
0.000000e+00
0.000000e+00
0.000000e+00
0.000000e+00
0.000000e+00
0.000000e+00
0.000000e+00
0.000000e+00
0.000000e+00
0.000000e+00
0.000000e+00
0.000000e+00
0.000000e+00
0.000000e+00
0.000000e+00
0.000000e+00
0.000000e+00
0.000000e+00
0.000000e+00
0.000000e+00
0.000000e+00
0.000000e+00
0.000000e+00
0.000000e+00
0.000000e+00
0.000000e+00
0.000000e+00
0.000000e+00
0.000000e+00
0.000000e+00
0.000000e+00
0.000000e+00
0.000000e+00
0.000000e+00
0.000000e+00
0.000000e+00
0.000000e+00
0.000000e+00
0.000000e+00
0.000000e+00
0.000000e+00
0.000000e+00
0.000000e+00
0.000000e+00
0.000000e+00
0.000000e+00
0.000000e+00
0.000000e+00
0.000000e+00
0.000000e+00
0.000000e+00
0.000000e+00
0.000000e+00
0.000000e+00
0.000000e+00
0.000000e+00
0.000000e+00
0.000000e+00
0.000000e+00
0.000000e+00
0.000000e+00
0.000000e+00
0.000000e+00
0.000000e+00
0.000000e+00
0.000000e+00
0.000000e+00
0.000000e+00
0.000000e+00
0.000000e+00
0.000000e+00
0.000000e+00
0.000000e+00
0.000000e+00
0.000000e+00
0.000000e+00
0.000000e+00
0.000000e+00
0.000000e+00
0.000000e+00
0.000000e+00
0.000000e+00
0.000000e+00
0.000000e+00
0.000000e+00
0.000000e+00
0.000000e+00
0.000000e+00
0.000000e+00
0.000000e+00
0.000000e+00
0.000000e+00
0.000000e+00
0.000000e+00
0.000000e+00
0.000000e+00
0.000000e+00
0.000000e+00
0.000000e+00
0.000000e+00
0.000000e+00
0.000000e+00
0.000000e+00
0.000000e+00
0.000000e+00
0.000000e+00
0.000000e+00
0.000000e+00
0.000000e+00
0.000000e+00
0.000000e+00
0.000000e+00
0.000000e+00
0.000000e+00
0.000000e+00
0.000000e+00
0.000000e+00
0.000000e+00
0.000000e+00
0.000000e+00
0.000000e+00
0.000000e+00
0.000000e+00
0.000000e+00
0.000000e+00
0.000000e+00
0.000000e+00
0.000000e+00
0.000000e+00
0.000000e+00
0.000000e+00
0.000000e+00
0.000000e+00
0.000000e+00
0.000000e+00
0.000000e+00
0.000000e+00
0.000000e+00
0.000000e+00
0.000000e+00
0.000000e+00
0.000000e+00
0.000000e+00
0.000000e+00
0.000000e+00
0.000000e+00
0.000000e+00
0.000000e+00
0.000000e+00
0.000000e+00
0.000000e+00
0.000000e+00
0.000000e+00
0.000000e+00
0.000000e+00
0.000000e+00
0.000000e+00
0.000000e+00
0.000000e+00
0.000000e+00
0.000000e+00
0.000000e+00
0.000000e+00
0.000000e+00
0.000000e+00
0.000000e+00
0.000000e+00
0.000000e+00
0.000000e+00
0.000000e+00
0.000000e+00
0.000000e+00
0.000000e+00
0.000000e+00
0.000000e+00
0.000000e+00
0.000000e+00
0.000000e+00
0.000000e+00
0.000000e+00
0.000000e+00
0.000000e+00
0.000000e+00
0.000000e+00
0.000000e+00
0.000000e+00
0.000000e+00
0.000000e+00
0.000000e+00
0.000000e+00
0.000000e+00
0.000000e+00
0.000000e+00
0.000000e+00
0.000000e+00
0.000000e+00
0.000000e+00
0.000000e+00
0.000000e+00
0.000000e+00
0.000000e+00
0.000000e+00
0.000000e+00
0.000000e+00
0.000000e+00
0.000000e+00
0.000000e+00
0.000000e+00
0.000000e+00
0.000000e+00
0.000000e+00
0.000000e+00
0.000000e+00
0.000000e+00
0.000000e+00
0.000000e+00
0.000000e+00
0.000000e+00
0.000000e+00
0.000000e+00
0.000000e+00
0.000000e+00
0.000000e+00
0.000000e+00
0.000000e+00
0.000000e+00
0.000000e+00
0.000000e+00
0.000000e+00
0.000000e+00
0.000000e+00
0.000000e+00
0.000000e+00
0.000000e+00
0.000000e+00
0.000000e+00
0.000000e+00
0.000000e+00
0.000000e+00
0.000000e+00
0.000000e+00
0.000000e+00
0.000000e+00
0.000000e+00
0.000000e+00
0.000000e+00
0.000000e+00
0.000000e+00
0.000000e+00
0.000000e+00
0.000000e+00
0.000000e+00
0.000000e+00
0.000000e+00
0.000000e+00
0.000000e+00
0.000000e+00
0.000000e+00
0.000000e+00
0.000000e+00
0.000000e+00
0.000000e+00
0.000000e+00
0.000000e+00
0.000000e+00
0.000000e+00
0.000000e+00
0.000000e+00
0.000000e+00
0.000000e+00
0.000000e+00
0.000000e+00
0.000000e+00
0.000000e+00
0.000000e+00
0.000000e+00
0.000000e+00
0.000000e+00
0.000000e+00
0.000000e+00
0.000000e+00
0.000000e+00
0.000000e+00
0.000000e+00
0.000000e+00
0.000000e+00
0.000000e+00
0.000000e+00
0.000000e+00
0.000000e+00
0.000000e+00
0.000000e+00
0.000000e+00
0.000000e+00
0.000000e+00
0.000000e+00
0.000000e+00
0.000000e+00
0.000000e+00
0.000000e+00
0.000000e+00
0.000000e+00
0.000000e+00
0.000000e+00
0.000000e+00
0.000000e+00
0.000000e+00
0.000000e+00
0.000000e+00
0.000000e+00
0.000000e+00
0.000000e+00
0.000000e+00
0.000000e+00
0.000000e+00
0.000000e+00
0.000000e+00
0.000000e+00
0.000000e+00
0.000000e+00
0.000000e+00
0.000000e+00
0.000000e+00
0.000000e+00
0.000000e+00
0.000000e+00
0.000000e+00
0.000000e+00
0.000000e+00
0.000000e+00
0.000000e+00
0.000000e+00
0.000000e+00
0.000000e+00
0.000000e+00
0.000000e+00
0.000000e+00
0.000000e+00
0.000000e+00
0.000000e+00
0.000000e+00
0.000000e+00
0.000000e+00
0.000000e+00
0.000000e+00
0.000000e+00
0.000000e+00
0.000000e+00
0.000000e+00
0.000000e+00
0.000000e+00
0.000000e+00
0.000000e+00
0.000000e+00
0.000000e+00
0.000000e+00
0.000000e+00
0.000000e+00
0.000000e+00
0.000000e+00
0.000000e+00
0.000000e+00
0.000000e+00
0.000000e+00
0.000000e+00
0.000000e+00
0.000000e+00
0.000000e+00
0.000000e+00
0.000000e+00
0.000000e+00
0.000000e+00
0.000000e+00
0.000000e+00
0.000000e+00
0.000000e+00
0.000000e+00
0.000000e+00
0.000000e+00
0.000000e+00
0.000000e+00
0.000000e+00
0.000000e+00
0.000000e+00
0.000000e+00
0.000000e+00
0.000000e+00
0.000000e+00
0.000000e+00
0.000000e+00
0.000000e+00
0.000000e+00
0.000000e+00
0.000000e+00
0.000000e+00
0.000000e+00
0.000000e+00
0.000000e+00
0.000000e+00
0.000000e+00
0.000000e+00
0.000000e+00
0.000000e+00
0.000000e+00
0.000000e+00
0.000000e+00
0.000000e+00
0.000000e+00
0.000000e+00
0.000000e+00
0.000000e+00
0.000000e+00
0.000000e+00
0.000000e+00
0.000000e+00
0.000000e+00
0.000000e+00
0.000000e+00
0.000000e+00
0.000000e+00
0.000000e+00
0.000000e+00
0.000000e+00
0.000000e+00
0.000000e+00
0.000000e+00
0.000000e+00
0.000000e+00
0.000000e+00
0.000000e+00
0.000000e+00
0.000000e+00
0.000000e+00
0.000000e+00
0.000000e+00
0.000000e+00
0.000000e+00
0.000000e+00
0.000000e+00
0.000000e+00
0.000000e+00
0.000000e+00
0.000000e+00
0.000000e+00
0.000000e+00
0.000000e+00
0.000000e+00
0.000000e+00
0.000000e+00
0.000000e+00
0.000000e+00
0.000000e+00
0.000000e+00
0.000000e+00
0.000000e+00
0.000000e+00
0.000000e+00
0.000000e+00
0.000000e+00
0.000000e+00
0.000000e+00
0.000000e+00
0.000000e+00
0.000000e+00
0.000000e+00
0.000000e+00
0.000000e+00
0.000000e+00
0.000000e+00
0.000000e+00
0.000000e+00
0.000000e+00
0.000000e+00
0.000000e+00
0.000000e+00
0.000000e+00
0.000000e+00
0.000000e+00
0.000000e+00
0.000000e+00
0.000000e+00
0.000000e+00
0.000000e+00
0.000000e+00
0.000000e+00
0.000000e+00
0.000000e+00
0.000000e+00
0.000000e+00
0.000000e+00
0.000000e+00
0.000000e+00
0.000000e+00
0.000000e+00
0.000000e+00
0.000000e+00
0.000000e+00
0.000000e+00
0.000000e+00
0.000000e+00
0.000000e+00
0.000000e+00
0.000000e+00
0.000000e+00
0.000000e+00
0.000000e+00
0.000000e+00
0.000000e+00
0.000000e+00
0.000000e+00
0.000000e+00
0.000000e+00
0.000000e+00
0.000000e+00
0.000000e+00
0.000000e+00
0.000000e+00
0.000000e+00
0.000000e+00
0.000000e+00
0.000000e+00
0.000000e+00
0.000000e+00
0.000000e+00
0.000000e+00
0.000000e+00
0.000000e+00
0.000000e+00
0.000000e+00
0.000000e+00
0.000000e+00
