6.919147e+05
6.548937e+05
6.191760e+05
5.847609e+05
5.516473e+05
5.198345e+05
4.893213e+05
4.601070e+05
4.321904e+05
4.055705e+05
3.802463e+05
3.562166e+05
3.334803e+05
3.120363e+05
2.918833e+05
2.730202e+05
2.554457e+05
2.391584e+05
2.241571e+05
2.104404e+05
1.980069e+05
1.868552e+05
1.769839e+05
1.683913e+05
1.610761e+05
1.550365e+05
1.502711e+05
1.467782e+05
1.445561e+05
1.436031e+05
1.439174e+05
1.454972e+05
1.483408e+05
1.524462e+05
1.578116e+05
1.644350e+05
1.723143e+05
1.814477e+05
1.918330e+05
2.034681e+05
2.163508e+05
2.304791e+05
2.458505e+05
2.624629e+05
2.803140e+05
2.994014e+05
3.197226e+05
3.412752e+05
3.640568e+05
3.880648e+05
4.132966e+05
4.397496e+05
4.674211e+05
4.963084e+05
5.264087e+05
5.577192e+05
5.902371e+05
6.239595e+05
6.588833e+05
6.950056e+05
7.323234e+05
7.708335e+05
8.105328e+05
8.514180e+05
8.934860e+05
9.367335e+05
9.811570e+05
1.026753e+06
1.073519e+06
1.121450e+06
1.170543e+06
1.220795e+06
1.272202e+06
1.324760e+06
1.378466e+06
1.433315e+06
1.489304e+06
1.546428e+06
1.604685e+06
1.664069e+06
1.724577e+06
1.786205e+06
1.848948e+06
1.912802e+06
1.977763e+06
2.043826e+06
2.110987e+06
2.179242e+06
2.248586e+06
2.319014e+06
2.390522e+06
2.463105e+06
2.536758e+06
2.611477e+06
2.687256e+06
2.764091e+06
2.841977e+06
2.920908e+06
3.000879e+06
3.081886e+06
3.163922e+06
