4.830016e+05
4.544687e+05
4.271694e+05
4.011027e+05
3.762677e+05
3.526632e+05
3.302883e+05
3.091419e+05
2.892229e+05
2.705301e+05
2.530624e+05
2.368185e+05
2.217973e+05
2.079974e+05
1.954176e+05
1.840565e+05
1.739127e+05
1.649849e+05
1.572716e+05
1.507714e+05
1.454827e+05
1.414040e+05
1.385338e+05
1.368704e+05
1.364121e+05
1.371574e+05
1.391044e+05
1.422515e+05
1.465968e+05
1.521384e+05
1.588746e+05
1.668035e+05
1.759229e+05
1.862311e+05
1.977259e+05
2.104053e+05
2.242672e+05
2.393094e+05
2.555297e+05
2.729259e+05
2.914958e+05
3.112370e+05
3.321471e+05
3.542238e+05
3.774646e+05
4.018670e+05
4.274285e+05
4.541466e+05
4.820185e+05
5.110417e+05
5.412134e+05
5.725308e+05
6.049912e+05
6.385917e+05
6.733295e+05
7.092015e+05
7.462048e+05
7.843363e+05
8.235930e+05
8.639717e+05
9.054692e+05
9.480824e+05
9.918079e+05
1.036642e+06
1.082582e+06
1.129625e+06
1.177766e+06
1.227002e+06
1.277330e+06
1.328745e+06
1.381245e+06
1.434826e+06
1.489483e+06
1.545213e+06
1.602012e+06
1.659877e+06
1.718802e+06
1.778784e+06
1.839819e+06
1.901903e+06
1.965031e+06
2.029200e+06
2.094405e+06
2.160641e+06
2.227904e+06
2.296189e+06
2.365493e+06
2.435810e+06
2.507136e+06
2.579466e+06
2.652795e+06
2.727119e+06
2.802432e+06
2.878730e+06
2.956007e+06
3.034259e+06
3.113480e+06
3.193666e+06
3.274811e+06
3.356909e+06
3.439956e+06
