1.75629312
1.75629812
1.75630212
1.75630712
1.75631112
1.75631612
1.75632112
1.75632612
1.75633112
1.75633612
1.75634112
1.75634612
1.75635212
1.75635712
1.75636312
1.75636812
1.75637412
1.75638012
1.75638612
1.75639212
1.75639812
1.75640412
1.75641012
1.75641712
1.75642312
1.75643012
1.75643712
1.75644412
1.75645112
1.75645812
1.75646512
1.75647312
1.75648112
1.75648812
1.75649612
1.75650412
1.75651312
1.75652112
1.75653012
1.75653912
1.75654812
1.75655712
1.75656612
1.75657612
1.75658512
1.75659512
1.75660612
1.75661612
1.75662712
1.75663812
1.75664912
1.75666112
1.75667212
1.75668412
1.75669712
1.75670912
1.75672212
1.75673612
1.75674912
1.75676312
1.75677812
1.75679212
1.75680712
1.75682312
1.75683912
1.75685512
1.75687212
1.75688912
1.75690712
1.75692512
1.75694412
1.75696312
1.75698312
1.75700412
1.75702512
1.75704612
1.75706912
1.75709212
1.75711512
1.75714012
1.75716512
1.75719112
1.75721812
1.75724512
1.75727312
1.75730312
1.75733312
1.75736312
1.75739512
1.75742812
1.75746112
1.75749612
1.75753112
1.75756712
1.75760412
1.75764112
1.75767912
1.75771712
1.75775612
1.75779512
1.75783312
