1.75633712
1.75634212
1.75634712
1.75635212
1.75635712
1.75636312
1.75636812
1.75637312
1.75637912
1.75638512
1.75639012
1.75639612
1.75640212
1.75640812
1.75641412
1.75642012
1.75642712
1.75643312
1.75644012
1.75644712
1.75645312
1.75646012
1.75646712
1.75647512
1.75648212
1.75648912
1.75649712
1.75650512
1.75651312
1.75652112
1.75652912
1.75653812
1.75654612
1.75655512
1.75656412
1.75657312
1.75658312
1.75659212
1.75660212
1.75661212
1.75662212
1.75663212
1.75664312
1.75665412
1.75666512
1.75667712
1.75668812
1.75670012
1.75671312
1.75672512
1.75673812
1.75675112
1.75676512
1.75677912
1.75679312
1.75680712
1.75682212
1.75683812
1.75685412
1.75687012
1.75688612
1.75690412
1.75692112
1.75693912
1.75695812
1.75697712
1.75699712
1.75701712
1.75703812
1.75705912
1.75708112
1.75710412
1.75712712
1.75715112
1.75717612
1.75720212
1.75722812
1.75725512
1.75728312
1.75731212
1.75734112
1.75737212
1.75740312
1.75743612
1.75746912
1.75750312
1.75753812
1.75757412
1.75761112
1.75764812
1.75768612
1.75772512
1.75776412
1.75780412
1.75784412
1.75788312
1.75792212
1.75796012
1.75799712
1.75803212
1.75806412
