6.445268e+07
6.445184e+07
6.445166e+07
6.445156e+07
6.445149e+07
6.445143e+07
6.445139e+07
6.445135e+07
6.445132e+07
6.445129e+07
6.445126e+07
6.445124e+07
6.445122e+07
6.445120e+07
6.445118e+07
6.445116e+07
6.445115e+07
6.445113e+07
6.445112e+07
6.445110e+07
6.445109e+07
6.445107e+07
6.445106e+07
6.445105e+07
6.445104e+07
6.445103e+07
6.445102e+07
6.445100e+07
6.445099e+07
6.445098e+07
6.445097e+07
6.445096e+07
6.445095e+07
6.445094e+07
6.445093e+07
6.445093e+07
6.445092e+07
6.445091e+07
6.445090e+07
6.445089e+07
6.445088e+07
6.445087e+07
6.445086e+07
6.445085e+07
6.445084e+07
6.445084e+07
6.445083e+07
6.445082e+07
6.445081e+07
6.445080e+07
6.445079e+07
6.445079e+07
6.445078e+07
6.445077e+07
6.445076e+07
6.445075e+07
6.445074e+07
6.445073e+07
6.445073e+07
6.445072e+07
6.445071e+07
6.445070e+07
6.445069e+07
6.445068e+07
6.445068e+07
6.445067e+07
6.445066e+07
6.445065e+07
6.445064e+07
6.445063e+07
6.445062e+07
6.445062e+07
6.445061e+07
6.445060e+07
6.445059e+07
6.445058e+07
6.445057e+07
6.445056e+07
6.445055e+07
6.445055e+07
6.445054e+07
6.445053e+07
6.445052e+07
6.445051e+07
6.445050e+07
6.445049e+07
6.445048e+07
6.445047e+07
6.445046e+07
6.445045e+07
6.445044e+07
6.445043e+07
6.445042e+07
6.445041e+07
6.445041e+07
6.445040e+07
6.445039e+07
6.445038e+07
6.445037e+07
6.445036e+07
6.445035e+07
6.445034e+07
6.445033e+07
6.445032e+07
6.445030e+07
6.445029e+07
6.445028e+07
6.445027e+07
6.445026e+07
6.445025e+07
6.445024e+07
6.445023e+07
6.445022e+07
6.445021e+07
6.445020e+07
6.445019e+07
6.445018e+07
6.445016e+07
6.445015e+07
6.445014e+07
6.445013e+07
6.445012e+07
6.445011e+07
6.445010e+07
6.445008e+07
6.445007e+07
6.445006e+07
6.445005e+07
6.445004e+07
6.445002e+07
6.445001e+07
6.445000e+07
6.444999e+07
6.444998e+07
6.444996e+07
6.444995e+07
6.444994e+07
6.444993e+07
6.444991e+07
6.444990e+07
6.444989e+07
6.444987e+07
6.444986e+07
6.444985e+07
6.444983e+07
6.444982e+07
6.444981e+07
6.444979e+07
6.444978e+07
6.444977e+07
6.444975e+07
6.444974e+07
6.444972e+07
6.444971e+07
6.444970e+07
6.444968e+07
6.444967e+07
6.444965e+07
6.444964e+07
6.444962e+07
6.444961e+07
6.444959e+07
6.444958e+07
6.444956e+07
6.444955e+07
6.444953e+07
6.444952e+07
6.444950e+07
6.444949e+07
6.444947e+07
6.444945e+07
6.444944e+07
6.444942e+07
6.444941e+07
6.444939e+07
6.444937e+07
6.444936e+07
6.444934e+07
6.444932e+07
6.444931e+07
6.444929e+07
6.444927e+07
6.444926e+07
6.444924e+07
6.444922e+07
6.444921e+07
6.444919e+07
6.444917e+07
6.444915e+07
6.444913e+07
6.444912e+07
6.444910e+07
6.444908e+07
6.444906e+07
6.444904e+07
6.444903e+07
6.444901e+07
6.444899e+07
6.444897e+07
6.444895e+07
6.444893e+07
6.444891e+07
6.444889e+07
6.444887e+07
6.444885e+07
6.444883e+07
6.444881e+07
6.444879e+07
6.444877e+07
6.444875e+07
6.444873e+07
6.444871e+07
6.444869e+07
6.444867e+07
6.444865e+07
6.444863e+07
6.444861e+07
6.444858e+07
6.444856e+07
6.444854e+07
6.444852e+07
6.444850e+07
6.444848e+07
6.444845e+07
6.444843e+07
6.444841e+07
6.444838e+07
6.444836e+07
6.444834e+07
6.444832e+07
6.444829e+07
6.444827e+07
6.444824e+07
6.444822e+07
6.444820e+07
6.444817e+07
6.444815e+07
6.444812e+07
6.444810e+07
6.444807e+07
6.444805e+07
6.444802e+07
6.444800e+07
6.444797e+07
6.444795e+07
6.444792e+07
6.444789e+07
6.444787e+07
6.444784e+07
6.444781e+07
6.444779e+07
6.444776e+07
6.444773e+07
6.444770e+07
6.444768e+07
6.444765e+07
6.444762e+07
6.444759e+07
6.444756e+07
6.444753e+07
6.444750e+07
6.444748e+07
6.444745e+07
6.444742e+07
6.444739e+07
6.444736e+07
6.444732e+07
6.444729e+07
6.444726e+07
6.444723e+07
6.444720e+07
6.444717e+07
6.444713e+07
6.444710e+07
6.444707e+07
6.444704e+07
6.444700e+07
6.444697e+07
6.444693e+07
6.444690e+07
6.444687e+07
6.444683e+07
6.444680e+07
6.444676e+07
6.444672e+07
6.444669e+07
6.444665e+07
6.444661e+07
6.444658e+07
6.444654e+07
6.444650e+07
6.444646e+07
6.444642e+07
6.444638e+07
6.444634e+07
6.444630e+07
6.444626e+07
6.444622e+07
6.444618e+07
6.444614e+07
6.444609e+07
6.444605e+07
6.444601e+07
6.444596e+07
6.444592e+07
6.444587e+07
6.444583e+07
6.444578e+07
6.444573e+07
6.444569e+07
6.444564e+07
6.444559e+07
6.444554e+07
6.444549e+07
6.444544e+07
6.444539e+07
6.444533e+07
6.444528e+07
6.444523e+07
6.444517e+07
6.444512e+07
6.444506e+07
6.444501e+07
6.444495e+07
6.444489e+07
6.444483e+07
6.444477e+07
6.444471e+07
6.444465e+07
6.444459e+07
6.444452e+07
6.444446e+07
6.444439e+07
6.444433e+07
6.444426e+07
6.444419e+07
6.444412e+07
6.444405e+07
6.444397e+07
6.444390e+07
6.444382e+07
6.444375e+07
6.444367e+07
6.444359e+07
6.444351e+07
6.444343e+07
6.444334e+07
6.444326e+07
6.444317e+07
6.444308e+07
6.444299e+07
6.444290e+07
6.444281e+07
6.444271e+07
6.444262e+07
6.444252e+07
6.444242e+07
6.444231e+07
6.444221e+07
6.444210e+07
6.444199e+07
6.444188e+07
6.444176e+07
6.444165e+07
6.444153e+07
6.444141e+07
6.444128e+07
6.444115e+07
6.444102e+07
6.444089e+07
6.444076e+07
6.444062e+07
6.444047e+07
6.444033e+07
6.444018e+07
6.444003e+07
6.443987e+07
6.443971e+07
6.443955e+07
6.443939e+07
6.443922e+07
6.443904e+07
6.443886e+07
6.443868e+07
6.443849e+07
6.443830e+07
6.443810e+07
6.443790e+07
6.443769e+07
6.443748e+07
6.443727e+07
6.443704e+07
6.443682e+07
6.443658e+07
6.443634e+07
6.443610e+07
6.443584e+07
6.443559e+07
6.443532e+07
6.443505e+07
6.443477e+07
6.443448e+07
6.443419e+07
6.443389e+07
6.443358e+07
6.443326e+07
6.443293e+07
6.443260e+07
6.443225e+07
6.443190e+07
6.443153e+07
6.443116e+07
6.443078e+07
6.443038e+07
6.442998e+07
6.442956e+07
6.442914e+07
6.442870e+07
6.442825e+07
6.442778e+07
6.442731e+07
6.442682e+07
6.442631e+07
6.442579e+07
6.442526e+07
6.442472e+07
6.442415e+07
6.442357e+07
6.442298e+07
6.442237e+07
6.442174e+07
6.442109e+07
6.442042e+07
6.441974e+07
6.441903e+07
6.441831e+07
6.441756e+07
6.441680e+07
6.441601e+07
6.441519e+07
6.441436e+07
6.441350e+07
6.441261e+07
6.441170e+07
6.441076e+07
6.440980e+07
6.440880e+07
6.440778e+07
6.440673e+07
6.440564e+07
6.440453e+07
6.440338e+07
6.440220e+07
6.440098e+07
6.439972e+07
6.439843e+07
6.439710e+07
6.439573e+07
6.439433e+07
6.439287e+07
6.439138e+07
6.438984e+07
6.438825e+07
6.438662e+07
6.438494e+07
6.438321e+07
6.438142e+07
6.437959e+07
6.437769e+07
6.437574e+07
6.437374e+07
6.437167e+07
6.436954e+07
6.436734e+07
6.436508e+07
6.436275e+07
6.436035e+07
6.435788e+07
6.435533e+07
6.435270e+07
6.435000e+07
6.434721e+07
6.434434e+07
6.434138e+07
6.433833e+07
6.433519e+07
6.433196e+07
6.432862e+07
6.432518e+07
6.432164e+07
6.431799e+07
6.431423e+07
6.431036e+07
6.430636e+07
6.430225e+07
6.429801e+07
6.429364e+07
6.428913e+07
6.428449e+07
6.427970e+07
6.427477e+07
6.426969e+07
6.426445e+07
6.425905e+07
6.425348e+07
6.424775e+07
6.424184e+07
6.423574e+07
6.422946e+07
6.422299e+07
6.421631e+07
6.420943e+07
6.420234e+07
6.419503e+07
6.418750e+07
6.417973e+07
6.417172e+07
6.416347e+07
6.415496e+07
6.414619e+07
6.413715e+07
6.412783e+07
6.411822e+07
6.410831e+07
6.409810e+07
6.408757e+07
6.407671e+07
6.406552e+07
6.405398e+07
6.404209e+07
6.402983e+07
6.401718e+07
6.400414e+07
6.399070e+07
6.397684e+07
6.396256e+07
6.394782e+07
6.393263e+07
6.391697e+07
6.390082e+07
6.388417e+07
6.386700e+07
6.384929e+07
6.383103e+07
6.381221e+07
6.379279e+07
6.377277e+07
6.375213e+07
6.373084e+07
6.370889e+07
6.368625e+07
6.366290e+07
6.363883e+07
6.361400e+07
6.358839e+07
6.356198e+07
6.353474e+07
6.350665e+07
6.347768e+07
6.344780e+07
6.341698e+07
6.338519e+07
6.335240e+07
6.331858e+07
6.328370e+07
6.324771e+07
6.321060e+07
6.317231e+07
6.313281e+07
6.309207e+07
6.305004e+07
6.300668e+07
6.296194e+07
6.291580e+07
6.286818e+07
6.281906e+07
6.276838e+07
6.271609e+07
6.266213e+07
6.260646e+07
6.254901e+07
6.248973e+07
6.242855e+07
6.236543e+07
6.230028e+07
6.223304e+07
6.216365e+07
6.209204e+07
6.201812e+07
6.194182e+07
6.186306e+07
6.178176e+07
6.169784e+07
6.161120e+07
6.152175e+07
6.142940e+07
6.133405e+07
6.123559e+07
6.113393e+07
6.102894e+07
6.092052e+07
6.080854e+07
6.069289e+07
6.057343e+07
6.045002e+07
6.032255e+07
6.019084e+07
6.005477e+07
5.991417e+07
5.976887e+07
5.961872e+07
5.946353e+07
5.930312e+07
5.913731e+07
5.896588e+07
5.878864e+07
5.860536e+07
5.841583e+07
5.821979e+07
5.801702e+07
5.780724e+07
5.759019e+07
5.736558e+07
5.713312e+07
5.689250e+07
5.664339e+07
5.638545e+07
5.611832e+07
5.584161e+07
5.555494e+07
5.525788e+07
5.495000e+07
5.463081e+07
5.429984e+07
5.395655e+07
5.360040e+07
5.323080e+07
5.284713e+07
5.244872e+07
5.203488e+07
5.160484e+07
5.115781e+07
5.069293e+07
5.020927e+07
4.970585e+07
4.918158e+07
4.863533e+07
4.806583e+07
4.747173e+07
4.685154e+07
4.620366e+07
4.552630e+07
4.481751e+07
4.407512e+07
4.329672e+07
4.247962e+07
4.162080e+07
4.071683e+07
3.976380e+07
3.875722e+07
3.769189e+07
3.656170e+07
3.535940e+07
3.407627e+07
3.270166e+07
3.122225e+07
2.962109e+07
2.787586e+07
2.595626e+07
2.381911e+07
2.139926e+07
1.859041e+07
1.520040e+07
1.083348e+07
0.000000e+00
0.000000e+00
0.000000e+00
0.000000e+00
0.000000e+00
0.000000e+00
0.000000e+00
0.000000e+00
0.000000e+00
0.000000e+00
0.000000e+00
0.000000e+00
0.000000e+00
0.000000e+00
0.000000e+00
0.000000e+00
0.000000e+00
0.000000e+00
0.000000e+00
0.000000e+00
0.000000e+00
0.000000e+00
0.000000e+00
0.000000e+00
0.000000e+00
0.000000e+00
0.000000e+00
0.000000e+00
0.000000e+00
0.000000e+00
0.000000e+00
0.000000e+00
0.000000e+00
0.000000e+00
0.000000e+00
0.000000e+00
0.000000e+00
0.000000e+00
0.000000e+00
0.000000e+00
0.000000e+00
0.000000e+00
0.000000e+00
0.000000e+00
0.000000e+00
0.000000e+00
0.000000e+00
0.000000e+00
0.000000e+00
0.000000e+00
0.000000e+00
0.000000e+00
0.000000e+00
0.000000e+00
0.000000e+00
0.000000e+00
0.000000e+00
0.000000e+00
0.000000e+00
0.000000e+00
0.000000e+00
0.000000e+00
0.000000e+00
0.000000e+00
0.000000e+00
0.000000e+00
0.000000e+00
0.000000e+00
0.000000e+00
0.000000e+00
0.000000e+00
0.000000e+00
0.000000e+00
0.000000e+00
0.000000e+00
0.000000e+00
0.000000e+00
0.000000e+00
0.000000e+00
0.000000e+00
0.000000e+00
0.000000e+00
0.000000e+00
0.000000e+00
0.000000e+00
0.000000e+00
0.000000e+00
0.000000e+00
0.000000e+00
0.000000e+00
0.000000e+00
0.000000e+00
0.000000e+00
0.000000e+00
0.000000e+00
0.000000e+00
0.000000e+00
0.000000e+00
0.000000e+00
0.000000e+00
0.000000e+00
0.000000e+00
0.000000e+00
0.000000e+00
0.000000e+00
0.000000e+00
0.000000e+00
0.000000e+00
0.000000e+00
0.000000e+00
0.000000e+00
0.000000e+00
0.000000e+00
0.000000e+00
0.000000e+00
0.000000e+00
0.000000e+00
0.000000e+00
0.000000e+00
0.000000e+00
0.000000e+00
0.000000e+00
0.000000e+00
0.000000e+00
0.000000e+00
0.000000e+00
0.000000e+00
0.000000e+00
0.000000e+00
0.000000e+00
0.000000e+00
0.000000e+00
0.000000e+00
0.000000e+00
0.000000e+00
0.000000e+00
0.000000e+00
0.000000e+00
0.000000e+00
0.000000e+00
0.000000e+00
0.000000e+00
0.000000e+00
0.000000e+00
0.000000e+00
0.000000e+00
0.000000e+00
0.000000e+00
0.000000e+00
0.000000e+00
0.000000e+00
0.000000e+00
0.000000e+00
0.000000e+00
0.000000e+00
0.000000e+00
0.000000e+00
0.000000e+00
0.000000e+00
0.000000e+00
0.000000e+00
0.000000e+00
0.000000e+00
0.000000e+00
0.000000e+00
0.000000e+00
0.000000e+00
0.000000e+00
0.000000e+00
0.000000e+00
0.000000e+00
0.000000e+00
0.000000e+00
0.000000e+00
0.000000e+00
0.000000e+00
0.000000e+00
0.000000e+00
0.000000e+00
0.000000e+00
0.000000e+00
0.000000e+00
0.000000e+00
0.000000e+00
0.000000e+00
0.000000e+00
0.000000e+00
0.000000e+00
0.000000e+00
0.000000e+00
0.000000e+00
0.000000e+00
0.000000e+00
0.000000e+00
0.000000e+00
0.000000e+00
0.000000e+00
0.000000e+00
0.000000e+00
0.000000e+00
0.000000e+00
0.000000e+00
0.000000e+00
0.000000e+00
0.000000e+00
0.000000e+00
0.000000e+00
0.000000e+00
0.000000e+00
0.000000e+00
0.000000e+00
0.000000e+00
0.000000e+00
0.000000e+00
0.000000e+00
0.000000e+00
0.000000e+00
0.000000e+00
0.000000e+00
0.000000e+00
0.000000e+00
0.000000e+00
0.000000e+00
0.000000e+00
0.000000e+00
0.000000e+00
0.000000e+00
0.000000e+00
0.000000e+00
0.000000e+00
0.000000e+00
0.000000e+00
0.000000e+00
0.000000e+00
0.000000e+00
0.000000e+00
0.000000e+00
0.000000e+00
0.000000e+00
0.000000e+00
0.000000e+00
0.000000e+00
0.000000e+00
0.000000e+00
0.000000e+00
0.000000e+00
0.000000e+00
0.000000e+00
0.000000e+00
0.000000e+00
0.000000e+00
0.000000e+00
0.000000e+00
0.000000e+00
0.000000e+00
0.000000e+00
0.000000e+00
0.000000e+00
0.000000e+00
0.000000e+00
0.000000e+00
0.000000e+00
0.000000e+00
0.000000e+00
0.000000e+00
0.000000e+00
0.000000e+00
0.000000e+00
0.000000e+00
0.000000e+00
0.000000e+00
0.000000e+00
0.000000e+00
0.000000e+00
0.000000e+00
0.000000e+00
0.000000e+00
0.000000e+00
0.000000e+00
0.000000e+00
0.000000e+00
0.000000e+00
0.000000e+00
0.000000e+00
0.000000e+00
0.000000e+00
0.000000e+00
0.000000e+00
0.000000e+00
0.000000e+00
0.000000e+00
0.000000e+00
0.000000e+00
0.000000e+00
0.000000e+00
0.000000e+00
0.000000e+00
0.000000e+00
0.000000e+00
0.000000e+00
0.000000e+00
0.000000e+00
0.000000e+00
0.000000e+00
0.000000e+00
0.000000e+00
0.000000e+00
0.000000e+00
0.000000e+00
0.000000e+00
0.000000e+00
0.000000e+00
0.000000e+00
0.000000e+00
0.000000e+00
0.000000e+00
0.000000e+00
0.000000e+00
0.000000e+00
0.000000e+00
0.000000e+00
0.000000e+00
0.000000e+00
0.000000e+00
0.000000e+00
0.000000e+00
0.000000e+00
0.000000e+00
0.000000e+00
0.000000e+00
0.000000e+00
0.000000e+00
0.000000e+00
0.000000e+00
0.000000e+00
0.000000e+00
0.000000e+00
0.000000e+00
0.000000e+00
0.000000e+00
0.000000e+00
0.000000e+00
0.000000e+00
0.000000e+00
0.000000e+00
0.000000e+00
0.000000e+00
0.000000e+00
0.000000e+00
0.000000e+00
0.000000e+00
0.000000e+00
0.000000e+00
0.000000e+00
0.000000e+00
0.000000e+00
0.000000e+00
0.000000e+00
0.000000e+00
0.000000e+00
0.000000e+00
0.000000e+00
0.000000e+00
0.000000e+00
0.000000e+00
0.000000e+00
0.000000e+00
0.000000e+00
0.000000e+00
0.000000e+00
0.000000e+00
0.000000e+00
0.000000e+00
0.000000e+00
0.000000e+00
0.000000e+00
0.000000e+00
0.000000e+00
0.000000e+00
0.000000e+00
0.000000e+00
0.000000e+00
0.000000e+00
0.000000e+00
0.000000e+00
0.000000e+00
0.000000e+00
0.000000e+00
0.000000e+00
0.000000e+00
0.000000e+00
0.000000e+00
0.000000e+00
0.000000e+00
0.000000e+00
0.000000e+00
0.000000e+00
0.000000e+00
0.000000e+00
0.000000e+00
0.000000e+00
0.000000e+00
0.000000e+00
0.000000e+00
0.000000e+00
0.000000e+00
0.000000e+00
0.000000e+00
0.000000e+00
0.000000e+00
0.000000e+00
0.000000e+00
0.000000e+00
0.000000e+00
0.000000e+00
0.000000e+00
0.000000e+00
0.000000e+00
0.000000e+00
0.000000e+00
0.000000e+00
0.000000e+00
0.000000e+00
0.000000e+00
0.000000e+00
0.000000e+00
0.000000e+00
0.000000e+00
0.000000e+00
0.000000e+00
0.000000e+00
0.000000e+00
0.000000e+00
0.000000e+00
0.000000e+00
0.000000e+00
0.000000e+00
0.000000e+00
0.000000e+00
0.000000e+00
0.000000e+00
0.000000e+00
0.000000e+00
0.000000e+00
0.000000e+00
0.000000e+00
0.000000e+00
0.000000e+00
0.000000e+00
0.000000e+00
0.000000e+00
0.000000e+00
0.000000e+00
0.000000e+00
0.000000e+00
0.000000e+00
0.000000e+00
0.000000e+00
0.000000e+00
0.000000e+00
0.000000e+00
0.000000e+00
0.000000e+00
0.000000e+00
0.000000e+00
0.000000e+00
0.000000e+00
0.000000e+00
0.000000e+00
0.000000e+00
0.000000e+00
0.000000e+00
0.000000e+00
0.000000e+00
0.000000e+00
0.000000e+00
0.000000e+00
0.000000e+00
0.000000e+00
0.000000e+00
0.000000e+00
0.000000e+00
0.000000e+00
0.000000e+00
0.000000e+00
0.000000e+00
0.000000e+00
0.000000e+00
0.000000e+00
0.000000e+00
0.000000e+00
0.000000e+00
0.000000e+00
0.000000e+00
0.000000e+00
0.000000e+00
0.000000e+00
0.000000e+00
0.000000e+00
0.000000e+00
0.000000e+00
0.000000e+00
0.000000e+00
0.000000e+00
0.000000e+00
0.000000e+00
0.000000e+00
0.000000e+00
0.000000e+00
0.000000e+00
0.000000e+00
0.000000e+00
0.000000e+00
0.000000e+00
0.000000e+00
0.000000e+00
0.000000e+00
0.000000e+00
0.000000e+00
0.000000e+00
0.000000e+00
0.000000e+00
0.000000e+00
0.000000e+00
0.000000e+00
0.000000e+00
0.000000e+00
0.000000e+00
0.000000e+00
0.000000e+00
0.000000e+00
0.000000e+00
0.000000e+00
0.000000e+00
0.000000e+00
0.000000e+00
0.000000e+00
0.000000e+00
0.000000e+00
0.000000e+00
0.000000e+00
0.000000e+00
0.000000e+00
0.000000e+00
0.000000e+00
0.000000e+00
0.000000e+00
0.000000e+00
0.000000e+00
0.000000e+00
0.000000e+00
0.000000e+00
0.000000e+00
0.000000e+00
0.000000e+00
0.000000e+00
0.000000e+00
0.000000e+00
0.000000e+00
0.000000e+00
0.000000e+00
0.000000e+00
0.000000e+00
0.000000e+00
0.000000e+00
0.000000e+00
0.000000e+00
0.000000e+00
0.000000e+00
0.000000e+00
0.000000e+00
0.000000e+00
0.000000e+00
0.000000e+00
0.000000e+00
0.000000e+00
0.000000e+00
0.000000e+00
0.000000e+00
0.000000e+00
0.000000e+00
0.000000e+00
0.000000e+00
0.000000e+00
0.000000e+00
0.000000e+00
0.000000e+00
0.000000e+00
0.000000e+00
0.000000e+00
0.000000e+00
0.000000e+00
0.000000e+00
0.000000e+00
0.000000e+00
0.000000e+00
0.000000e+00
0.000000e+00
0.000000e+00
0.000000e+00
0.000000e+00
0.000000e+00
0.000000e+00
0.000000e+00
0.000000e+00
0.000000e+00
0.000000e+00
0.000000e+00
0.000000e+00
0.000000e+00
0.000000e+00
0.000000e+00
0.000000e+00
0.000000e+00
0.000000e+00
0.000000e+00
0.000000e+00
0.000000e+00
0.000000e+00
0.000000e+00
0.000000e+00
0.000000e+00
0.000000e+00
0.000000e+00
0.000000e+00
0.000000e+00
0.000000e+00
0.000000e+00
0.000000e+00
0.000000e+00
0.000000e+00
0.000000e+00
0.000000e+00
0.000000e+00
0.000000e+00
0.000000e+00
0.000000e+00
0.000000e+00
0.000000e+00
0.000000e+00
0.000000e+00
0.000000e+00
0.000000e+00
0.000000e+00
0.000000e+00
0.000000e+00
0.000000e+00
0.000000e+00
0.000000e+00
0.000000e+00
0.000000e+00
0.000000e+00
0.000000e+00
0.000000e+00
0.000000e+00
0.000000e+00
0.000000e+00
0.000000e+00
0.000000e+00
0.000000e+00
0.000000e+00
0.000000e+00
0.000000e+00
0.000000e+00
0.000000e+00
0.000000e+00
0.000000e+00
0.000000e+00
0.000000e+00
0.000000e+00
0.000000e+00
0.000000e+00
0.000000e+00
0.000000e+00
0.000000e+00
0.000000e+00
0.000000e+00
0.000000e+00
0.000000e+00
0.000000e+00
0.000000e+00
0.000000e+00
0.000000e+00
0.000000e+00
0.000000e+00
0.000000e+00
0.000000e+00
0.000000e+00
0.000000e+00
0.000000e+00
0.000000e+00
0.000000e+00
0.000000e+00
0.000000e+00
0.000000e+00
0.000000e+00
0.000000e+00
0.000000e+00
0.000000e+00
0.000000e+00
0.000000e+00
0.000000e+00
0.000000e+00
0.000000e+00
0.000000e+00
0.000000e+00
0.000000e+00
0.000000e+00
0.000000e+00
0.000000e+00
0.000000e+00
0.000000e+00
0.000000e+00
0.000000e+00
0.000000e+00
0.000000e+00
0.000000e+00
0.000000e+00
0.000000e+00
0.000000e+00
0.000000e+00
0.000000e+00
0.000000e+00
0.000000e+00
0.000000e+00
0.000000e+00
0.000000e+00
0.000000e+00
0.000000e+00
0.000000e+00
0.000000e+00
0.000000e+00
0.000000e+00
0.000000e+00
0.000000e+00
0.000000e+00
0.000000e+00
0.000000e+00
0.000000e+00
0.000000e+00
0.000000e+00
0.000000e+00
0.000000e+00
0.000000e+00
0.000000e+00
0.000000e+00
0.000000e+00
0.000000e+00
0.000000e+00
0.000000e+00
0.000000e+00
0.000000e+00
0.000000e+00
0.000000e+00
0.000000e+00
0.000000e+00
0.000000e+00
0.000000e+00
0.000000e+00
0.000000e+00
0.000000e+00
0.000000e+00
0.000000e+00
0.000000e+00
0.000000e+00
0.000000e+00
0.000000e+00
0.000000e+00
0.000000e+00
0.000000e+00
0.000000e+00
0.000000e+00
0.000000e+00
0.000000e+00
0.000000e+00
0.000000e+00
0.000000e+00
0.000000e+00
0.000000e+00
0.000000e+00
0.000000e+00
0.000000e+00
0.000000e+00
0.000000e+00
0.000000e+00
0.000000e+00
0.000000e+00
0.000000e+00
0.000000e+00
0.000000e+00
0.000000e+00
0.000000e+00
0.000000e+00
0.000000e+00
0.000000e+00
0.000000e+00
0.000000e+00
0.000000e+00
0.000000e+00
0.000000e+00
0.000000e+00
0.000000e+00
0.000000e+00
0.000000e+00
0.000000e+00
0.000000e+00
0.000000e+00
0.000000e+00
0.000000e+00
0.000000e+00
0.000000e+00
0.000000e+00
0.000000e+00
0.000000e+00
0.000000e+00
0.000000e+00
0.000000e+00
0.000000e+00
0.000000e+00
0.000000e+00
0.000000e+00
0.000000e+00
0.000000e+00
0.000000e+00
0.000000e+00
0.000000e+00
0.000000e+00
0.000000e+00
0.000000e+00
0.000000e+00
0.000000e+00
0.000000e+00
0.000000e+00
0.000000e+00
0.000000e+00
0.000000e+00
0.000000e+00
0.000000e+00
0.000000e+00
0.000000e+00
0.000000e+00
0.000000e+00
0.000000e+00
0.000000e+00
0.000000e+00
0.000000e+00
0.000000e+00
0.000000e+00
0.000000e+00
0.000000e+00
0.000000e+00
0.000000e+00
0.000000e+00
0.000000e+00
0.000000e+00
0.000000e+00
0.000000e+00
0.000000e+00
0.000000e+00
0.000000e+00
0.000000e+00
0.000000e+00
0.000000e+00
0.000000e+00
0.000000e+00
0.000000e+00
0.000000e+00
0.000000e+00
0.000000e+00
0.000000e+00
0.000000e+00
0.000000e+00
0.000000e+00
0.000000e+00
0.000000e+00
0.000000e+00
0.000000e+00
0.000000e+00
0.000000e+00
0.000000e+00
0.000000e+00
0.000000e+00
0.000000e+00
0.000000e+00
0.000000e+00
0.000000e+00
0.000000e+00
0.000000e+00
0.000000e+00
0.000000e+00
0.000000e+00
0.000000e+00
0.000000e+00
0.000000e+00
0.000000e+00
0.000000e+00
0.000000e+00
0.000000e+00
0.000000e+00
0.000000e+00
0.000000e+00
0.000000e+00
0.000000e+00
0.000000e+00
0.000000e+00
0.000000e+00
0.000000e+00
0.000000e+00
0.000000e+00
0.000000e+00
0.000000e+00
0.000000e+00
0.000000e+00
0.000000e+00
0.000000e+00
0.000000e+00
0.000000e+00
0.000000e+00
0.000000e+00
0.000000e+00
0.000000e+00
0.000000e+00
0.000000e+00
0.000000e+00
0.000000e+00
0.000000e+00
0.000000e+00
0.000000e+00
0.000000e+00
0.000000e+00
0.000000e+00
0.000000e+00
0.000000e+00
0.000000e+00
0.000000e+00
0.000000e+00
0.000000e+00
0.000000e+00
0.000000e+00
0.000000e+00
0.000000e+00
0.000000e+00
0.000000e+00
0.000000e+00
0.000000e+00
0.000000e+00
0.000000e+00
0.000000e+00
0.000000e+00
0.000000e+00
0.000000e+00
0.000000e+00
0.000000e+00
0.000000e+00
0.000000e+00
0.000000e+00
0.000000e+00
0.000000e+00
0.000000e+00
0.000000e+00
0.000000e+00
0.000000e+00
0.000000e+00
0.000000e+00
0.000000e+00
0.000000e+00
0.000000e+00
0.000000e+00
0.000000e+00
0.000000e+00
0.000000e+00
0.000000e+00
0.000000e+00
0.000000e+00
0.000000e+00
0.000000e+00
0.000000e+00
0.000000e+00
0.000000e+00
0.000000e+00
0.000000e+00
0.000000e+00
0.000000e+00
0.000000e+00
0.000000e+00
0.000000e+00
0.000000e+00
0.000000e+00
0.000000e+00
0.000000e+00
0.000000e+00
0.000000e+00
0.000000e+00
0.000000e+00
0.000000e+00
0.000000e+00
0.000000e+00
0.000000e+00
0.000000e+00
0.000000e+00
0.000000e+00
0.000000e+00
0.000000e+00
0.000000e+00
0.000000e+00
0.000000e+00
0.000000e+00
0.000000e+00
0.000000e+00
0.000000e+00
0.000000e+00
0.000000e+00
0.000000e+00
0.000000e+00
0.000000e+00
0.000000e+00
0.000000e+00
0.000000e+00
0.000000e+00
0.000000e+00
0.000000e+00
0.000000e+00
0.000000e+00
0.000000e+00
0.000000e+00
0.000000e+00
0.000000e+00
0.000000e+00
0.000000e+00
0.000000e+00
0.000000e+00
0.000000e+00
0.000000e+00
0.000000e+00
0.000000e+00
0.000000e+00
0.000000e+00
0.000000e+00
0.000000e+00
0.000000e+00
0.000000e+00
0.000000e+00
0.000000e+00
0.000000e+00
0.000000e+00
0.000000e+00
0.000000e+00
0.000000e+00
0.000000e+00
0.000000e+00
0.000000e+00
0.000000e+00
0.000000e+00
0.000000e+00
0.000000e+00
0.000000e+00
0.000000e+00
0.000000e+00
0.000000e+00
0.000000e+00
0.000000e+00
0.000000e+00
0.000000e+00
0.000000e+00
0.000000e+00
0.000000e+00
0.000000e+00
0.000000e+00
0.000000e+00
0.000000e+00
0.000000e+00
0.000000e+00
0.000000e+00
0.000000e+00
0.000000e+00
0.000000e+00
0.000000e+00
0.000000e+00
0.000000e+00
0.000000e+00
0.000000e+00
0.000000e+00
0.000000e+00
0.000000e+00
0.000000e+00
0.000000e+00
0.000000e+00
0.000000e+00
0.000000e+00
0.000000e+00
0.000000e+00
0.000000e+00
0.000000e+00
0.000000e+00
0.000000e+00
0.000000e+00
0.000000e+00
0.000000e+00
0.000000e+00
0.000000e+00
0.000000e+00
0.000000e+00
0.000000e+00
0.000000e+00
0.000000e+00
0.000000e+00
0.000000e+00
0.000000e+00
0.000000e+00
0.000000e+00
0.000000e+00
0.000000e+00
0.000000e+00
0.000000e+00
0.000000e+00
0.000000e+00
0.000000e+00
0.000000e+00
0.000000e+00
0.000000e+00
0.000000e+00
0.000000e+00
0.000000e+00
0.000000e+00
0.000000e+00
0.000000e+00
0.000000e+00
