6.479111e+07
6.479027e+07
6.479008e+07
6.478998e+07
6.478991e+07
6.478985e+07
6.478981e+07
6.478977e+07
6.478974e+07
6.478971e+07
6.478968e+07
6.478966e+07
6.478964e+07
6.478962e+07
6.478960e+07
6.478958e+07
6.478956e+07
6.478955e+07
6.478953e+07
6.478952e+07
6.478951e+07
6.478949e+07
6.478948e+07
6.478947e+07
6.478946e+07
6.478944e+07
6.478943e+07
6.478942e+07
6.478941e+07
6.478940e+07
6.478939e+07
6.478938e+07
6.478937e+07
6.478936e+07
6.478935e+07
6.478934e+07
6.478933e+07
6.478932e+07
6.478931e+07
6.478931e+07
6.478930e+07
6.478929e+07
6.478928e+07
6.478927e+07
6.478926e+07
6.478925e+07
6.478924e+07
6.478924e+07
6.478923e+07
6.478922e+07
6.478921e+07
6.478920e+07
6.478919e+07
6.478918e+07
6.478918e+07
6.478917e+07
6.478916e+07
6.478915e+07
6.478914e+07
6.478913e+07
6.478913e+07
6.478912e+07
6.478911e+07
6.478910e+07
6.478909e+07
6.478908e+07
6.478907e+07
6.478907e+07
6.478906e+07
6.478905e+07
6.478904e+07
6.478903e+07
6.478902e+07
6.478901e+07
6.478900e+07
6.478900e+07
6.478899e+07
6.478898e+07
6.478897e+07
6.478896e+07
6.478895e+07
6.478894e+07
6.478893e+07
6.478892e+07
6.478891e+07
6.478890e+07
6.478889e+07
6.478889e+07
6.478888e+07
6.478887e+07
6.478886e+07
6.478885e+07
6.478884e+07
6.478883e+07
6.478882e+07
6.478881e+07
6.478880e+07
6.478879e+07
6.478878e+07
6.478877e+07
6.478876e+07
6.478875e+07
6.478874e+07
6.478873e+07
6.478872e+07
6.478871e+07
6.478870e+07
6.478868e+07
6.478867e+07
6.478866e+07
6.478865e+07
6.478864e+07
6.478863e+07
6.478862e+07
6.478861e+07
6.478860e+07
6.478859e+07
6.478857e+07
6.478856e+07
6.478855e+07
6.478854e+07
6.478853e+07
6.478852e+07
6.478851e+07
6.478849e+07
6.478848e+07
6.478847e+07
6.478846e+07
6.478845e+07
6.478843e+07
6.478842e+07
6.478841e+07
6.478840e+07
6.478838e+07
6.478837e+07
6.478836e+07
6.478835e+07
6.478833e+07
6.478832e+07
6.478831e+07
6.478829e+07
6.478828e+07
6.478827e+07
6.478825e+07
6.478824e+07
6.478823e+07
6.478821e+07
6.478820e+07
6.478819e+07
6.478817e+07
6.478816e+07
6.478814e+07
6.478813e+07
6.478811e+07
6.478810e+07
6.478809e+07
6.478807e+07
6.478806e+07
6.478804e+07
6.478803e+07
6.478801e+07
6.478800e+07
6.478798e+07
6.478797e+07
6.478795e+07
6.478794e+07
6.478792e+07
6.478790e+07
6.478789e+07
6.478787e+07
6.478786e+07
6.478784e+07
6.478782e+07
6.478781e+07
6.478779e+07
6.478778e+07
6.478776e+07
6.478774e+07
6.478773e+07
6.478771e+07
6.478769e+07
6.478767e+07
6.478766e+07
6.478764e+07
6.478762e+07
6.478760e+07
6.478759e+07
6.478757e+07
6.478755e+07
6.478753e+07
6.478751e+07
6.478750e+07
6.478748e+07
6.478746e+07
6.478744e+07
6.478742e+07
6.478740e+07
6.478738e+07
6.478736e+07
6.478735e+07
6.478733e+07
6.478731e+07
6.478729e+07
6.478727e+07
6.478725e+07
6.478723e+07
6.478721e+07
6.478719e+07
6.478717e+07
6.478715e+07
6.478712e+07
6.478710e+07
6.478708e+07
6.478706e+07
6.478704e+07
6.478702e+07
6.478700e+07
6.478698e+07
6.478695e+07
6.478693e+07
6.478691e+07
6.478689e+07
6.478687e+07
6.478684e+07
6.478682e+07
6.478680e+07
6.478677e+07
6.478675e+07
6.478673e+07
6.478670e+07
6.478668e+07
6.478666e+07
6.478663e+07
6.478661e+07
6.478658e+07
6.478656e+07
6.478653e+07
6.478651e+07
6.478648e+07
6.478646e+07
6.478643e+07
6.478641e+07
6.478638e+07
6.478636e+07
6.478633e+07
6.478630e+07
6.478628e+07
6.478625e+07
6.478622e+07
6.478620e+07
6.478617e+07
6.478614e+07
6.478611e+07
6.478609e+07
6.478606e+07
6.478603e+07
6.478600e+07
6.478597e+07
6.478594e+07
6.478591e+07
6.478588e+07
6.478585e+07
6.478582e+07
6.478579e+07
6.478576e+07
6.478573e+07
6.478570e+07
6.478567e+07
6.478564e+07
6.478560e+07
6.478557e+07
6.478554e+07
6.478551e+07
6.478547e+07
6.478544e+07
6.478541e+07
6.478537e+07
6.478534e+07
6.478530e+07
6.478527e+07
6.478523e+07
6.478520e+07
6.478516e+07
6.478513e+07
6.478509e+07
6.478505e+07
6.478502e+07
6.478498e+07
6.478494e+07
6.478490e+07
6.478486e+07
6.478482e+07
6.478478e+07
6.478474e+07
6.478470e+07
6.478466e+07
6.478462e+07
6.478458e+07
6.478454e+07
6.478449e+07
6.478445e+07
6.478441e+07
6.478436e+07
6.478432e+07
6.478427e+07
6.478422e+07
6.478418e+07
6.478413e+07
6.478408e+07
6.478403e+07
6.478399e+07
6.478394e+07
6.478389e+07
6.478383e+07
6.478378e+07
6.478373e+07
6.478368e+07
6.478362e+07
6.478357e+07
6.478351e+07
6.478346e+07
6.478340e+07
6.478334e+07
6.478328e+07
6.478323e+07
6.478316e+07
6.478310e+07
6.478304e+07
6.478298e+07
6.478291e+07
6.478285e+07
6.478278e+07
6.478272e+07
6.478265e+07
6.478258e+07
6.478251e+07
6.478244e+07
6.478236e+07
6.478229e+07
6.478221e+07
6.478214e+07
6.478206e+07
6.478198e+07
6.478190e+07
6.478181e+07
6.478173e+07
6.478164e+07
6.478156e+07
6.478147e+07
6.478138e+07
6.478128e+07
6.478119e+07
6.478109e+07
6.478100e+07
6.478090e+07
6.478080e+07
6.478069e+07
6.478059e+07
6.478048e+07
6.478037e+07
6.478025e+07
6.478014e+07
6.478002e+07
6.477990e+07
6.477978e+07
6.477965e+07
6.477953e+07
6.477940e+07
6.477926e+07
6.477913e+07
6.477899e+07
6.477884e+07
6.477870e+07
6.477855e+07
6.477840e+07
6.477824e+07
6.477808e+07
6.477792e+07
6.477775e+07
6.477758e+07
6.477740e+07
6.477722e+07
6.477704e+07
6.477685e+07
6.477666e+07
6.477646e+07
6.477626e+07
6.477605e+07
6.477584e+07
6.477562e+07
6.477539e+07
6.477517e+07
6.477493e+07
6.477469e+07
6.477444e+07
6.477419e+07
6.477393e+07
6.477366e+07
6.477339e+07
6.477311e+07
6.477282e+07
6.477252e+07
6.477222e+07
6.477191e+07
6.477159e+07
6.477126e+07
6.477092e+07
6.477058e+07
6.477022e+07
6.476986e+07
6.476948e+07
6.476909e+07
6.476870e+07
6.476829e+07
6.476787e+07
6.476745e+07
6.476700e+07
6.476655e+07
6.476608e+07
6.476561e+07
6.476511e+07
6.476461e+07
6.476409e+07
6.476355e+07
6.476300e+07
6.476244e+07
6.476185e+07
6.476126e+07
6.476064e+07
6.476001e+07
6.475936e+07
6.475869e+07
6.475800e+07
6.475729e+07
6.475656e+07
6.475581e+07
6.475504e+07
6.475425e+07
6.475343e+07
6.475259e+07
6.475172e+07
6.475083e+07
6.474992e+07
6.474897e+07
6.474800e+07
6.474701e+07
6.474598e+07
6.474492e+07
6.474383e+07
6.474271e+07
6.474155e+07
6.474036e+07
6.473914e+07
6.473788e+07
6.473658e+07
6.473524e+07
6.473387e+07
6.473245e+07
6.473099e+07
6.472949e+07
6.472794e+07
6.472635e+07
6.472471e+07
6.472302e+07
6.472128e+07
6.471948e+07
6.471764e+07
6.471573e+07
6.471377e+07
6.471176e+07
6.470968e+07
6.470753e+07
6.470533e+07
6.470305e+07
6.470071e+07
6.469830e+07
6.469581e+07
6.469325e+07
6.469061e+07
6.468790e+07
6.468509e+07
6.468221e+07
6.467923e+07
6.467617e+07
6.467301e+07
6.466976e+07
6.466641e+07
6.466295e+07
6.465939e+07
6.465573e+07
6.465195e+07
6.464805e+07
6.464404e+07
6.463990e+07
6.463564e+07
6.463124e+07
6.462671e+07
6.462205e+07
6.461724e+07
6.461228e+07
6.460717e+07
6.460191e+07
6.459648e+07
6.459089e+07
6.458512e+07
6.457918e+07
6.457305e+07
6.456674e+07
6.456023e+07
6.455352e+07
6.454661e+07
6.453948e+07
6.453213e+07
6.452456e+07
6.451675e+07
6.450871e+07
6.450041e+07
6.449186e+07
6.448304e+07
6.447396e+07
6.446459e+07
6.445493e+07
6.444497e+07
6.443471e+07
6.442412e+07
6.441321e+07
6.440197e+07
6.439037e+07
6.437841e+07
6.436609e+07
6.435338e+07
6.434028e+07
6.432677e+07
6.431284e+07
6.429848e+07
6.428367e+07
6.426840e+07
6.425266e+07
6.423643e+07
6.421969e+07
6.420243e+07
6.418464e+07
6.416629e+07
6.414737e+07
6.412786e+07
6.410774e+07
6.408699e+07
6.406559e+07
6.404353e+07
6.402077e+07
6.399731e+07
6.397311e+07
6.394816e+07
6.392242e+07
6.389588e+07
6.386850e+07
6.384027e+07
6.381115e+07
6.378112e+07
6.375014e+07
6.371819e+07
6.368524e+07
6.365125e+07
6.361619e+07
6.358003e+07
6.354272e+07
6.350424e+07
6.346455e+07
6.342360e+07
6.338136e+07
6.333778e+07
6.329282e+07
6.324644e+07
6.319859e+07
6.314922e+07
6.309828e+07
6.304573e+07
6.299150e+07
6.293555e+07
6.287781e+07
6.281823e+07
6.275675e+07
6.269331e+07
6.262783e+07
6.256026e+07
6.249052e+07
6.241854e+07
6.234425e+07
6.226757e+07
6.218842e+07
6.210671e+07
6.202237e+07
6.193529e+07
6.184540e+07
6.175258e+07
6.165675e+07
6.155780e+07
6.145563e+07
6.135011e+07
6.124115e+07
6.112861e+07
6.101237e+07
6.089231e+07
6.076829e+07
6.064017e+07
6.050781e+07
6.037105e+07
6.022974e+07
6.008372e+07
5.993281e+07
5.977684e+07
5.961563e+07
5.944898e+07
5.927669e+07
5.909856e+07
5.891436e+07
5.872387e+07
5.852685e+07
5.832305e+07
5.811221e+07
5.789407e+07
5.766833e+07
5.743470e+07
5.719287e+07
5.694250e+07
5.668325e+07
5.641477e+07
5.613667e+07
5.584854e+07
5.554998e+07
5.524053e+07
5.491973e+07
5.458708e+07
5.424205e+07
5.388409e+07
5.351261e+07
5.312699e+07
5.272655e+07
5.231060e+07
5.187838e+07
5.142907e+07
5.096181e+07
5.047568e+07
4.996968e+07
4.944273e+07
4.889367e+07
4.832125e+07
4.772409e+07
4.710072e+07
4.644950e+07
4.576864e+07
4.505619e+07
4.430996e+07
4.352752e+07
4.270619e+07
4.184290e+07
4.093422e+07
3.997623e+07
3.896439e+07
3.789349e+07
3.675737e+07
3.554876e+07
3.425889e+07
3.287702e+07
3.138980e+07
2.978016e+07
2.802568e+07
2.609587e+07
2.394733e+07
2.151455e+07
1.869065e+07
1.528243e+07
1.089200e+07
0.000000e+00
0.000000e+00
0.000000e+00
0.000000e+00
0.000000e+00
0.000000e+00
0.000000e+00
0.000000e+00
0.000000e+00
0.000000e+00
0.000000e+00
0.000000e+00
0.000000e+00
0.000000e+00
0.000000e+00
0.000000e+00
0.000000e+00
0.000000e+00
0.000000e+00
0.000000e+00
0.000000e+00
0.000000e+00
0.000000e+00
0.000000e+00
0.000000e+00
0.000000e+00
0.000000e+00
0.000000e+00
0.000000e+00
0.000000e+00
0.000000e+00
0.000000e+00
0.000000e+00
0.000000e+00
0.000000e+00
0.000000e+00
0.000000e+00
0.000000e+00
0.000000e+00
0.000000e+00
0.000000e+00
0.000000e+00
0.000000e+00
0.000000e+00
0.000000e+00
0.000000e+00
0.000000e+00
0.000000e+00
0.000000e+00
0.000000e+00
0.000000e+00
0.000000e+00
0.000000e+00
0.000000e+00
0.000000e+00
0.000000e+00
0.000000e+00
0.000000e+00
0.000000e+00
0.000000e+00
0.000000e+00
0.000000e+00
0.000000e+00
0.000000e+00
0.000000e+00
0.000000e+00
0.000000e+00
0.000000e+00
0.000000e+00
0.000000e+00
0.000000e+00
0.000000e+00
0.000000e+00
0.000000e+00
0.000000e+00
0.000000e+00
0.000000e+00
0.000000e+00
0.000000e+00
0.000000e+00
0.000000e+00
0.000000e+00
0.000000e+00
0.000000e+00
0.000000e+00
0.000000e+00
0.000000e+00
0.000000e+00
0.000000e+00
0.000000e+00
0.000000e+00
0.000000e+00
0.000000e+00
0.000000e+00
0.000000e+00
0.000000e+00
0.000000e+00
0.000000e+00
0.000000e+00
0.000000e+00
0.000000e+00
0.000000e+00
0.000000e+00
0.000000e+00
0.000000e+00
0.000000e+00
0.000000e+00
0.000000e+00
0.000000e+00
0.000000e+00
0.000000e+00
0.000000e+00
0.000000e+00
0.000000e+00
0.000000e+00
0.000000e+00
0.000000e+00
0.000000e+00
0.000000e+00
0.000000e+00
0.000000e+00
0.000000e+00
0.000000e+00
0.000000e+00
0.000000e+00
0.000000e+00
0.000000e+00
0.000000e+00
0.000000e+00
0.000000e+00
0.000000e+00
0.000000e+00
0.000000e+00
0.000000e+00
0.000000e+00
0.000000e+00
0.000000e+00
0.000000e+00
0.000000e+00
0.000000e+00
0.000000e+00
0.000000e+00
0.000000e+00
0.000000e+00
0.000000e+00
0.000000e+00
0.000000e+00
0.000000e+00
0.000000e+00
0.000000e+00
0.000000e+00
0.000000e+00
0.000000e+00
0.000000e+00
0.000000e+00
0.000000e+00
0.000000e+00
0.000000e+00
0.000000e+00
0.000000e+00
0.000000e+00
0.000000e+00
0.000000e+00
0.000000e+00
0.000000e+00
0.000000e+00
0.000000e+00
0.000000e+00
0.000000e+00
0.000000e+00
0.000000e+00
0.000000e+00
0.000000e+00
0.000000e+00
0.000000e+00
0.000000e+00
0.000000e+00
0.000000e+00
0.000000e+00
0.000000e+00
0.000000e+00
0.000000e+00
0.000000e+00
0.000000e+00
0.000000e+00
0.000000e+00
0.000000e+00
0.000000e+00
0.000000e+00
0.000000e+00
0.000000e+00
0.000000e+00
0.000000e+00
0.000000e+00
0.000000e+00
0.000000e+00
0.000000e+00
0.000000e+00
0.000000e+00
0.000000e+00
0.000000e+00
0.000000e+00
0.000000e+00
0.000000e+00
0.000000e+00
0.000000e+00
0.000000e+00
0.000000e+00
0.000000e+00
0.000000e+00
0.000000e+00
0.000000e+00
0.000000e+00
0.000000e+00
0.000000e+00
0.000000e+00
0.000000e+00
0.000000e+00
0.000000e+00
0.000000e+00
0.000000e+00
0.000000e+00
0.000000e+00
0.000000e+00
0.000000e+00
0.000000e+00
0.000000e+00
0.000000e+00
0.000000e+00
0.000000e+00
0.000000e+00
0.000000e+00
0.000000e+00
0.000000e+00
0.000000e+00
0.000000e+00
0.000000e+00
0.000000e+00
0.000000e+00
0.000000e+00
0.000000e+00
0.000000e+00
0.000000e+00
0.000000e+00
0.000000e+00
0.000000e+00
0.000000e+00
0.000000e+00
0.000000e+00
0.000000e+00
0.000000e+00
0.000000e+00
0.000000e+00
0.000000e+00
0.000000e+00
0.000000e+00
0.000000e+00
0.000000e+00
0.000000e+00
0.000000e+00
0.000000e+00
0.000000e+00
0.000000e+00
0.000000e+00
0.000000e+00
0.000000e+00
0.000000e+00
0.000000e+00
0.000000e+00
0.000000e+00
0.000000e+00
0.000000e+00
0.000000e+00
0.000000e+00
0.000000e+00
0.000000e+00
0.000000e+00
0.000000e+00
0.000000e+00
0.000000e+00
0.000000e+00
0.000000e+00
0.000000e+00
0.000000e+00
0.000000e+00
0.000000e+00
0.000000e+00
0.000000e+00
0.000000e+00
0.000000e+00
0.000000e+00
0.000000e+00
0.000000e+00
0.000000e+00
0.000000e+00
0.000000e+00
0.000000e+00
0.000000e+00
0.000000e+00
0.000000e+00
0.000000e+00
0.000000e+00
0.000000e+00
0.000000e+00
0.000000e+00
0.000000e+00
0.000000e+00
0.000000e+00
0.000000e+00
0.000000e+00
0.000000e+00
0.000000e+00
0.000000e+00
0.000000e+00
0.000000e+00
0.000000e+00
0.000000e+00
0.000000e+00
0.000000e+00
0.000000e+00
0.000000e+00
0.000000e+00
0.000000e+00
0.000000e+00
0.000000e+00
0.000000e+00
0.000000e+00
0.000000e+00
0.000000e+00
0.000000e+00
0.000000e+00
0.000000e+00
0.000000e+00
0.000000e+00
0.000000e+00
0.000000e+00
0.000000e+00
0.000000e+00
0.000000e+00
0.000000e+00
0.000000e+00
0.000000e+00
0.000000e+00
0.000000e+00
0.000000e+00
0.000000e+00
0.000000e+00
0.000000e+00
0.000000e+00
0.000000e+00
0.000000e+00
0.000000e+00
0.000000e+00
0.000000e+00
0.000000e+00
0.000000e+00
0.000000e+00
0.000000e+00
0.000000e+00
0.000000e+00
0.000000e+00
0.000000e+00
0.000000e+00
0.000000e+00
0.000000e+00
0.000000e+00
0.000000e+00
0.000000e+00
0.000000e+00
0.000000e+00
0.000000e+00
0.000000e+00
0.000000e+00
0.000000e+00
0.000000e+00
0.000000e+00
0.000000e+00
0.000000e+00
0.000000e+00
0.000000e+00
0.000000e+00
0.000000e+00
0.000000e+00
0.000000e+00
0.000000e+00
0.000000e+00
0.000000e+00
0.000000e+00
0.000000e+00
0.000000e+00
0.000000e+00
0.000000e+00
0.000000e+00
0.000000e+00
0.000000e+00
0.000000e+00
0.000000e+00
0.000000e+00
0.000000e+00
0.000000e+00
0.000000e+00
0.000000e+00
0.000000e+00
0.000000e+00
0.000000e+00
0.000000e+00
0.000000e+00
0.000000e+00
0.000000e+00
0.000000e+00
0.000000e+00
0.000000e+00
0.000000e+00
0.000000e+00
0.000000e+00
0.000000e+00
0.000000e+00
0.000000e+00
0.000000e+00
0.000000e+00
0.000000e+00
0.000000e+00
0.000000e+00
0.000000e+00
0.000000e+00
0.000000e+00
0.000000e+00
0.000000e+00
0.000000e+00
0.000000e+00
0.000000e+00
0.000000e+00
0.000000e+00
0.000000e+00
0.000000e+00
0.000000e+00
0.000000e+00
0.000000e+00
0.000000e+00
0.000000e+00
0.000000e+00
0.000000e+00
0.000000e+00
0.000000e+00
0.000000e+00
0.000000e+00
0.000000e+00
0.000000e+00
0.000000e+00
0.000000e+00
0.000000e+00
0.000000e+00
0.000000e+00
0.000000e+00
0.000000e+00
0.000000e+00
0.000000e+00
0.000000e+00
0.000000e+00
0.000000e+00
0.000000e+00
0.000000e+00
0.000000e+00
0.000000e+00
0.000000e+00
0.000000e+00
0.000000e+00
0.000000e+00
0.000000e+00
0.000000e+00
0.000000e+00
0.000000e+00
0.000000e+00
0.000000e+00
0.000000e+00
0.000000e+00
0.000000e+00
0.000000e+00
0.000000e+00
0.000000e+00
0.000000e+00
0.000000e+00
0.000000e+00
0.000000e+00
0.000000e+00
0.000000e+00
0.000000e+00
0.000000e+00
0.000000e+00
0.000000e+00
0.000000e+00
0.000000e+00
0.000000e+00
0.000000e+00
0.000000e+00
0.000000e+00
0.000000e+00
0.000000e+00
0.000000e+00
0.000000e+00
0.000000e+00
0.000000e+00
0.000000e+00
0.000000e+00
0.000000e+00
0.000000e+00
0.000000e+00
0.000000e+00
0.000000e+00
0.000000e+00
0.000000e+00
0.000000e+00
0.000000e+00
0.000000e+00
0.000000e+00
0.000000e+00
0.000000e+00
0.000000e+00
0.000000e+00
0.000000e+00
0.000000e+00
0.000000e+00
0.000000e+00
0.000000e+00
0.000000e+00
0.000000e+00
0.000000e+00
0.000000e+00
0.000000e+00
0.000000e+00
0.000000e+00
0.000000e+00
0.000000e+00
0.000000e+00
0.000000e+00
0.000000e+00
0.000000e+00
0.000000e+00
0.000000e+00
0.000000e+00
0.000000e+00
0.000000e+00
0.000000e+00
0.000000e+00
0.000000e+00
0.000000e+00
0.000000e+00
0.000000e+00
0.000000e+00
0.000000e+00
0.000000e+00
0.000000e+00
0.000000e+00
0.000000e+00
0.000000e+00
0.000000e+00
0.000000e+00
0.000000e+00
0.000000e+00
0.000000e+00
0.000000e+00
0.000000e+00
0.000000e+00
0.000000e+00
0.000000e+00
0.000000e+00
0.000000e+00
0.000000e+00
0.000000e+00
0.000000e+00
0.000000e+00
0.000000e+00
0.000000e+00
0.000000e+00
0.000000e+00
0.000000e+00
0.000000e+00
0.000000e+00
0.000000e+00
0.000000e+00
0.000000e+00
0.000000e+00
0.000000e+00
0.000000e+00
0.000000e+00
0.000000e+00
0.000000e+00
0.000000e+00
0.000000e+00
0.000000e+00
0.000000e+00
0.000000e+00
0.000000e+00
0.000000e+00
0.000000e+00
0.000000e+00
0.000000e+00
0.000000e+00
0.000000e+00
0.000000e+00
0.000000e+00
0.000000e+00
0.000000e+00
0.000000e+00
0.000000e+00
0.000000e+00
0.000000e+00
0.000000e+00
0.000000e+00
0.000000e+00
0.000000e+00
0.000000e+00
0.000000e+00
0.000000e+00
0.000000e+00
0.000000e+00
0.000000e+00
0.000000e+00
0.000000e+00
0.000000e+00
0.000000e+00
0.000000e+00
0.000000e+00
0.000000e+00
0.000000e+00
0.000000e+00
0.000000e+00
0.000000e+00
0.000000e+00
0.000000e+00
0.000000e+00
0.000000e+00
0.000000e+00
0.000000e+00
0.000000e+00
0.000000e+00
0.000000e+00
0.000000e+00
0.000000e+00
0.000000e+00
0.000000e+00
0.000000e+00
0.000000e+00
0.000000e+00
0.000000e+00
0.000000e+00
0.000000e+00
0.000000e+00
0.000000e+00
0.000000e+00
0.000000e+00
0.000000e+00
0.000000e+00
0.000000e+00
0.000000e+00
0.000000e+00
0.000000e+00
0.000000e+00
0.000000e+00
0.000000e+00
0.000000e+00
0.000000e+00
0.000000e+00
0.000000e+00
0.000000e+00
0.000000e+00
0.000000e+00
0.000000e+00
0.000000e+00
0.000000e+00
0.000000e+00
0.000000e+00
0.000000e+00
0.000000e+00
0.000000e+00
0.000000e+00
0.000000e+00
0.000000e+00
0.000000e+00
0.000000e+00
0.000000e+00
0.000000e+00
0.000000e+00
0.000000e+00
0.000000e+00
0.000000e+00
0.000000e+00
0.000000e+00
0.000000e+00
0.000000e+00
0.000000e+00
0.000000e+00
0.000000e+00
0.000000e+00
0.000000e+00
0.000000e+00
0.000000e+00
0.000000e+00
0.000000e+00
0.000000e+00
0.000000e+00
0.000000e+00
0.000000e+00
0.000000e+00
0.000000e+00
0.000000e+00
0.000000e+00
0.000000e+00
0.000000e+00
0.000000e+00
0.000000e+00
0.000000e+00
0.000000e+00
0.000000e+00
0.000000e+00
0.000000e+00
0.000000e+00
0.000000e+00
0.000000e+00
0.000000e+00
0.000000e+00
0.000000e+00
0.000000e+00
0.000000e+00
0.000000e+00
0.000000e+00
0.000000e+00
0.000000e+00
0.000000e+00
0.000000e+00
0.000000e+00
0.000000e+00
0.000000e+00
0.000000e+00
0.000000e+00
0.000000e+00
0.000000e+00
0.000000e+00
0.000000e+00
0.000000e+00
0.000000e+00
0.000000e+00
0.000000e+00
0.000000e+00
0.000000e+00
0.000000e+00
0.000000e+00
0.000000e+00
0.000000e+00
0.000000e+00
0.000000e+00
0.000000e+00
0.000000e+00
0.000000e+00
0.000000e+00
0.000000e+00
0.000000e+00
0.000000e+00
0.000000e+00
0.000000e+00
0.000000e+00
0.000000e+00
0.000000e+00
0.000000e+00
0.000000e+00
0.000000e+00
0.000000e+00
0.000000e+00
0.000000e+00
0.000000e+00
0.000000e+00
0.000000e+00
0.000000e+00
0.000000e+00
0.000000e+00
0.000000e+00
0.000000e+00
0.000000e+00
0.000000e+00
0.000000e+00
0.000000e+00
0.000000e+00
0.000000e+00
0.000000e+00
0.000000e+00
0.000000e+00
0.000000e+00
0.000000e+00
0.000000e+00
0.000000e+00
0.000000e+00
0.000000e+00
0.000000e+00
0.000000e+00
0.000000e+00
0.000000e+00
0.000000e+00
0.000000e+00
0.000000e+00
0.000000e+00
0.000000e+00
0.000000e+00
0.000000e+00
0.000000e+00
0.000000e+00
0.000000e+00
0.000000e+00
0.000000e+00
0.000000e+00
0.000000e+00
0.000000e+00
0.000000e+00
0.000000e+00
0.000000e+00
0.000000e+00
0.000000e+00
0.000000e+00
0.000000e+00
0.000000e+00
0.000000e+00
0.000000e+00
0.000000e+00
0.000000e+00
0.000000e+00
0.000000e+00
0.000000e+00
0.000000e+00
0.000000e+00
0.000000e+00
0.000000e+00
0.000000e+00
0.000000e+00
0.000000e+00
0.000000e+00
0.000000e+00
0.000000e+00
0.000000e+00
0.000000e+00
0.000000e+00
0.000000e+00
0.000000e+00
0.000000e+00
0.000000e+00
0.000000e+00
0.000000e+00
0.000000e+00
0.000000e+00
0.000000e+00
0.000000e+00
0.000000e+00
0.000000e+00
0.000000e+00
0.000000e+00
0.000000e+00
0.000000e+00
0.000000e+00
0.000000e+00
0.000000e+00
0.000000e+00
0.000000e+00
0.000000e+00
0.000000e+00
0.000000e+00
0.000000e+00
0.000000e+00
0.000000e+00
0.000000e+00
0.000000e+00
0.000000e+00
0.000000e+00
0.000000e+00
0.000000e+00
0.000000e+00
0.000000e+00
0.000000e+00
0.000000e+00
0.000000e+00
0.000000e+00
0.000000e+00
0.000000e+00
0.000000e+00
0.000000e+00
0.000000e+00
0.000000e+00
0.000000e+00
0.000000e+00
0.000000e+00
0.000000e+00
0.000000e+00
0.000000e+00
0.000000e+00
0.000000e+00
0.000000e+00
0.000000e+00
0.000000e+00
0.000000e+00
0.000000e+00
0.000000e+00
0.000000e+00
0.000000e+00
0.000000e+00
0.000000e+00
0.000000e+00
0.000000e+00
0.000000e+00
0.000000e+00
0.000000e+00
0.000000e+00
0.000000e+00
0.000000e+00
0.000000e+00
0.000000e+00
0.000000e+00
0.000000e+00
0.000000e+00
0.000000e+00
0.000000e+00
0.000000e+00
0.000000e+00
0.000000e+00
0.000000e+00
0.000000e+00
0.000000e+00
0.000000e+00
0.000000e+00
0.000000e+00
0.000000e+00
0.000000e+00
0.000000e+00
0.000000e+00
0.000000e+00
0.000000e+00
0.000000e+00
0.000000e+00
0.000000e+00
0.000000e+00
0.000000e+00
0.000000e+00
0.000000e+00
0.000000e+00
0.000000e+00
0.000000e+00
0.000000e+00
0.000000e+00
0.000000e+00
0.000000e+00
0.000000e+00
0.000000e+00
0.000000e+00
0.000000e+00
0.000000e+00
0.000000e+00
0.000000e+00
0.000000e+00
0.000000e+00
0.000000e+00
0.000000e+00
0.000000e+00
0.000000e+00
0.000000e+00
0.000000e+00
0.000000e+00
0.000000e+00
0.000000e+00
0.000000e+00
0.000000e+00
0.000000e+00
0.000000e+00
0.000000e+00
0.000000e+00
0.000000e+00
0.000000e+00
0.000000e+00
0.000000e+00
0.000000e+00
0.000000e+00
0.000000e+00
0.000000e+00
0.000000e+00
0.000000e+00
0.000000e+00
0.000000e+00
0.000000e+00
0.000000e+00
0.000000e+00
0.000000e+00
0.000000e+00
0.000000e+00
0.000000e+00
0.000000e+00
0.000000e+00
0.000000e+00
0.000000e+00
0.000000e+00
0.000000e+00
0.000000e+00
0.000000e+00
0.000000e+00
0.000000e+00
0.000000e+00
0.000000e+00
0.000000e+00
0.000000e+00
0.000000e+00
0.000000e+00
0.000000e+00
0.000000e+00
0.000000e+00
0.000000e+00
0.000000e+00
0.000000e+00
0.000000e+00
0.000000e+00
0.000000e+00
0.000000e+00
0.000000e+00
0.000000e+00
0.000000e+00
0.000000e+00
0.000000e+00
0.000000e+00
0.000000e+00
0.000000e+00
0.000000e+00
0.000000e+00
0.000000e+00
0.000000e+00
0.000000e+00
0.000000e+00
0.000000e+00
0.000000e+00
0.000000e+00
0.000000e+00
0.000000e+00
0.000000e+00
0.000000e+00
0.000000e+00
0.000000e+00
0.000000e+00
0.000000e+00
0.000000e+00
0.000000e+00
0.000000e+00
0.000000e+00
0.000000e+00
0.000000e+00
0.000000e+00
0.000000e+00
0.000000e+00
0.000000e+00
0.000000e+00
0.000000e+00
0.000000e+00
0.000000e+00
0.000000e+00
0.000000e+00
0.000000e+00
0.000000e+00
0.000000e+00
0.000000e+00
0.000000e+00
0.000000e+00
0.000000e+00
0.000000e+00
0.000000e+00
0.000000e+00
0.000000e+00
0.000000e+00
0.000000e+00
0.000000e+00
0.000000e+00
0.000000e+00
0.000000e+00
0.000000e+00
0.000000e+00
0.000000e+00
0.000000e+00
0.000000e+00
0.000000e+00
0.000000e+00
0.000000e+00
0.000000e+00
0.000000e+00
0.000000e+00
0.000000e+00
0.000000e+00
0.000000e+00
0.000000e+00
0.000000e+00
0.000000e+00
0.000000e+00
0.000000e+00
0.000000e+00
0.000000e+00
0.000000e+00
0.000000e+00
0.000000e+00
0.000000e+00
0.000000e+00
0.000000e+00
0.000000e+00
0.000000e+00
0.000000e+00
0.000000e+00
0.000000e+00
0.000000e+00
0.000000e+00
0.000000e+00
0.000000e+00
0.000000e+00
0.000000e+00
0.000000e+00
0.000000e+00
0.000000e+00
0.000000e+00
0.000000e+00
0.000000e+00
0.000000e+00
0.000000e+00
0.000000e+00
0.000000e+00
0.000000e+00
0.000000e+00
0.000000e+00
0.000000e+00
0.000000e+00
0.000000e+00
0.000000e+00
