2.178294e+07
2.143617e+07
2.109223e+07
2.075112e+07
2.041285e+07
2.007740e+07
1.974479e+07
1.941501e+07
1.908807e+07
1.876395e+07
1.844267e+07
1.812423e+07
1.780861e+07
1.749584e+07
1.718589e+07
1.687878e+07
1.657450e+07
1.627306e+07
1.597445e+07
1.567868e+07
1.538574e+07
1.509563e+07
1.480836e+07
1.452392e+07
1.424232e+07
1.396356e+07
1.368762e+07
1.341453e+07
1.314427e+07
1.287684e+07
1.261224e+07
1.235049e+07
1.209156e+07
1.183547e+07
1.158222e+07
1.133179e+07
1.108421e+07
1.083945e+07
1.059753e+07
1.035844e+07
1.012219e+07
9.888765e+06
9.658176e+06
9.430418e+06
9.205492e+06
8.983398e+06
8.764134e+06
8.547702e+06
8.334099e+06
8.123327e+06
7.915383e+06
7.710269e+06
7.507983e+06
7.308525e+06
7.111894e+06
6.918090e+06
6.727111e+06
6.538959e+06
6.353630e+06
6.171126e+06
5.991446e+06
5.814588e+06
5.640551e+06
5.469336e+06
5.300941e+06
5.135365e+06
4.972608e+06
4.812668e+06
4.655544e+06
4.501236e+06
4.349743e+06
4.201063e+06
4.055195e+06
3.912139e+06
3.771892e+06
3.634455e+06
3.499825e+06
3.368001e+06
3.238983e+06
3.112768e+06
2.989356e+06
2.868744e+06
2.750932e+06
2.635918e+06
2.523701e+06
2.414278e+06
2.307649e+06
2.203812e+06
2.102764e+06
2.004505e+06
1.909032e+06
1.816344e+06
1.726438e+06
1.639314e+06
1.554968e+06
1.473400e+06
1.394606e+06
1.318585e+06
1.245335e+06
1.174854e+06
1.107139e+06
