1.971136e+07
1.938561e+07
1.906263e+07
1.874241e+07
1.842495e+07
1.811026e+07
1.779834e+07
1.748919e+07
1.718281e+07
1.687919e+07
1.657834e+07
1.628025e+07
1.598494e+07
1.569239e+07
1.540261e+07
1.511560e+07
1.483136e+07
1.454989e+07
1.427118e+07
1.399524e+07
1.372208e+07
1.345168e+07
1.318405e+07
1.291919e+07
1.265709e+07
1.239777e+07
1.214121e+07
1.188743e+07
1.163641e+07
1.138816e+07
1.114268e+07
1.089996e+07
1.066002e+07
1.042284e+07
1.018843e+07
9.956787e+06
9.727912e+06
9.501804e+06
9.278462e+06
9.057887e+06
8.840078e+06
8.625035e+06
8.412757e+06
8.203245e+06
7.996497e+06
7.792513e+06
7.591293e+06
7.392837e+06
7.197143e+06
7.004212e+06
6.814043e+06
6.626635e+06
6.441988e+06
6.260100e+06
6.080972e+06
5.904603e+06
5.730992e+06
5.560138e+06
5.392041e+06
5.226699e+06
5.064113e+06
4.904280e+06
4.747201e+06
4.592874e+06
4.441298e+06
4.292473e+06
4.146397e+06
4.003070e+06
3.862490e+06
3.724656e+06
3.589567e+06
3.457222e+06
3.327620e+06
3.200759e+06
3.076638e+06
2.955256e+06
2.836612e+06
2.720703e+06
2.607530e+06
2.497090e+06
2.389381e+06
2.284402e+06
2.182153e+06
2.082630e+06
1.985832e+06
1.891758e+06
1.800406e+06
1.711774e+06
1.625860e+06
1.542663e+06
1.462180e+06
1.384409e+06
1.309349e+06
1.236997e+06
1.167352e+06
1.100411e+06
1.036172e+06
9.746321e+05
9.157900e+05
8.596431e+05
8.061889e+05
