1.75070612
1.75082112
1.75093212
1.75104112
1.75114612
1.75124812
1.75134712
1.75144312
1.75153612
1.75162712
1.75171512
1.75180112
1.75188412
1.75196512
1.75204412
1.75212112
1.75219612
1.75226912
1.75233912
1.75240812
1.75247612
1.75254112
1.75260512
1.75266712
1.75272812
1.75278712
1.75284512
1.75290112
1.75295612
1.75301012
1.75306312
1.75311412
1.75316412
1.75321312
1.75326112
1.75330812
1.75335412
1.75339912
1.75344312
1.75348612
1.75352812
1.75356912
1.75360912
1.75364912
1.75368812
1.75372612
1.75376312
1.75379912
1.75383512
1.75387012
1.75390512
1.75393812
1.75397212
1.75400412
1.75403612
1.75406812
1.75409812
1.75412912
1.75415812
1.75418812
1.75421612
1.75424512
1.75427212
1.75430012
1.75432712
1.75435312
1.75437912
1.75440512
1.75443012
1.75445512
1.75447912
1.75450312
1.75452712
1.75455012
1.75457312
1.75459512
1.75461812
1.75464012
1.75466112
1.75468212
1.75470312
1.75472412
1.75474512
1.75476512
1.75478512
1.75480412
1.75482312
1.75484312
1.75486112
1.75488012
1.75489812
1.75491612
1.75493412
1.75495212
1.75496912
1.75498612
1.75500312
1.75502012
1.75503712
1.75505312
1.75506912
