1.75136612
1.75146112
1.75155312
1.75164312
1.75173012
1.75181512
1.75189712
1.75197812
1.75205612
1.75213212
1.75220612
1.75227912
1.75234912
1.75241812
1.75248512
1.75255012
1.75261412
1.75267612
1.75273712
1.75279612
1.75285412
1.75291012
1.75296612
1.75302012
1.75307212
1.75312412
1.75317512
1.75322412
1.75327212
1.75331912
1.75336612
1.75341112
1.75345512
1.75349912
1.75354212
1.75358312
1.75362412
1.75366412
1.75370412
1.75374212
1.75378012
1.75381712
1.75385412
1.75388912
1.75392412
1.75395912
1.75399312
1.75402612
1.75405912
1.75409112
1.75412212
1.75415312
1.75418412
1.75421412
1.75424312
1.75427212
1.75430112
1.75432912
1.75435612
1.75438312
1.75441012
1.75443612
1.75446212
1.75448812
1.75451312
1.75453812
1.75456212
1.75458612
1.75461012
1.75463312
1.75465612
1.75467912
1.75470112
1.75472312
1.75474512
1.75476612
1.75478712
1.75480812
1.75482912
1.75484912
1.75486912
1.75488912
1.75490912
1.75492812
1.75494712
1.75496612
1.75498412
1.75500312
1.75502112
1.75503912
1.75505612
1.75507412
1.75509112
1.75510812
1.75512512
1.75514212
1.75515812
1.75517412
1.75519012
1.75520612
1.75522212
