5.403179e+07
5.403109e+07
5.403094e+07
5.403085e+07
5.403079e+07
5.403075e+07
5.403071e+07
5.403068e+07
5.403065e+07
5.403063e+07
5.403060e+07
5.403058e+07
5.403057e+07
5.403055e+07
5.403054e+07
5.403052e+07
5.403051e+07
5.403049e+07
5.403048e+07
5.403047e+07
5.403046e+07
5.403045e+07
5.403044e+07
5.403043e+07
5.403042e+07
5.403041e+07
5.403040e+07
5.403039e+07
5.403039e+07
5.403038e+07
5.403037e+07
5.403036e+07
5.403036e+07
5.403035e+07
5.403034e+07
5.403033e+07
5.403033e+07
5.403032e+07
5.403031e+07
5.403031e+07
5.403030e+07
5.403029e+07
5.403029e+07
5.403028e+07
5.403027e+07
5.403027e+07
5.403026e+07
5.403026e+07
5.403025e+07
5.403024e+07
5.403024e+07
5.403023e+07
5.403023e+07
5.403022e+07
5.403021e+07
5.403021e+07
5.403020e+07
5.403020e+07
5.403019e+07
5.403019e+07
5.403018e+07
5.403017e+07
5.403017e+07
5.403016e+07
5.403016e+07
5.403015e+07
5.403015e+07
5.403014e+07
5.403014e+07
5.403013e+07
5.403012e+07
5.403012e+07
5.403011e+07
5.403011e+07
5.403010e+07
5.403010e+07
5.403009e+07
5.403008e+07
5.403008e+07
5.403007e+07
5.403007e+07
5.403006e+07
5.403006e+07
5.403005e+07
5.403004e+07
5.403004e+07
5.403003e+07
5.403003e+07
5.403002e+07
5.403002e+07
5.403001e+07
5.403000e+07
5.403000e+07
5.402999e+07
5.402999e+07
5.402998e+07
5.402997e+07
5.402997e+07
5.402996e+07
5.402996e+07
5.402995e+07
5.402994e+07
5.402994e+07
5.402993e+07
5.402992e+07
5.402992e+07
5.402991e+07
5.402991e+07
5.402990e+07
5.402989e+07
5.402989e+07
5.402988e+07
5.402987e+07
5.402987e+07
5.402986e+07
5.402985e+07
5.402985e+07
5.402984e+07
5.402983e+07
5.402983e+07
5.402982e+07
5.402981e+07
5.402981e+07
5.402980e+07
5.402979e+07
5.402979e+07
5.402978e+07
5.402977e+07
5.402976e+07
5.402976e+07
5.402975e+07
5.402974e+07
5.402974e+07
5.402973e+07
5.402972e+07
5.402971e+07
5.402971e+07
5.402970e+07
5.402969e+07
5.402968e+07
5.402968e+07
5.402967e+07
5.402966e+07
5.402965e+07
5.402965e+07
5.402964e+07
5.402963e+07
5.402962e+07
5.402961e+07
5.402961e+07
5.402960e+07
5.402959e+07
5.402958e+07
5.402957e+07
5.402957e+07
5.402956e+07
5.402955e+07
5.402954e+07
5.402953e+07
5.402952e+07
5.402951e+07
5.402951e+07
5.402950e+07
5.402949e+07
5.402948e+07
5.402947e+07
5.402946e+07
5.402945e+07
5.402944e+07
5.402944e+07
5.402943e+07
5.402942e+07
5.402941e+07
5.402940e+07
5.402939e+07
5.402938e+07
5.402937e+07
5.402936e+07
5.402935e+07
5.402934e+07
5.402933e+07
5.402932e+07
5.402931e+07
5.402930e+07
5.402929e+07
5.402928e+07
5.402927e+07
5.402926e+07
5.402925e+07
5.402924e+07
5.402923e+07
5.402922e+07
5.402921e+07
5.402920e+07
5.402919e+07
5.402918e+07
5.402917e+07
5.402916e+07
5.402915e+07
5.402914e+07
5.402912e+07
5.402911e+07
5.402910e+07
5.402909e+07
5.402908e+07
5.402907e+07
5.402906e+07
5.402905e+07
5.402903e+07
5.402902e+07
5.402901e+07
5.402900e+07
5.402899e+07
5.402897e+07
5.402896e+07
5.402895e+07
5.402894e+07
5.402893e+07
5.402891e+07
5.402890e+07
5.402889e+07
5.402888e+07
5.402886e+07
5.402885e+07
5.402884e+07
5.402883e+07
5.402881e+07
5.402880e+07
5.402879e+07
5.402877e+07
5.402876e+07
5.402875e+07
5.402873e+07
5.402872e+07
5.402871e+07
5.402869e+07
5.402868e+07
5.402866e+07
5.402865e+07
5.402864e+07
5.402862e+07
5.402861e+07
5.402859e+07
5.402858e+07
5.402856e+07
5.402855e+07
5.402853e+07
5.402852e+07
5.402851e+07
5.402849e+07
5.402847e+07
5.402846e+07
5.402844e+07
5.402843e+07
5.402841e+07
5.402840e+07
5.402838e+07
5.402837e+07
5.402835e+07
5.402833e+07
5.402832e+07
5.402830e+07
5.402829e+07
5.402827e+07
5.402825e+07
5.402824e+07
5.402822e+07
5.402820e+07
5.402819e+07
5.402817e+07
5.402815e+07
5.402813e+07
5.402812e+07
5.402810e+07
5.402808e+07
5.402806e+07
5.402805e+07
5.402803e+07
5.402801e+07
5.402799e+07
5.402797e+07
5.402795e+07
5.402794e+07
5.402792e+07
5.402790e+07
5.402788e+07
5.402786e+07
5.402784e+07
5.402782e+07
5.402780e+07
5.402778e+07
5.402776e+07
5.402774e+07
5.402772e+07
5.402770e+07
5.402768e+07
5.402766e+07
5.402764e+07
5.402762e+07
5.402760e+07
5.402758e+07
5.402756e+07
5.402753e+07
5.402751e+07
5.402749e+07
5.402747e+07
5.402745e+07
5.402742e+07
5.402740e+07
5.402738e+07
5.402736e+07
5.402733e+07
5.402731e+07
5.402729e+07
5.402726e+07
5.402724e+07
5.402722e+07
5.402719e+07
5.402717e+07
5.402714e+07
5.402712e+07
5.402709e+07
5.402707e+07
5.402704e+07
5.402702e+07
5.402699e+07
5.402697e+07
5.402694e+07
5.402691e+07
5.402689e+07
5.402686e+07
5.402683e+07
5.402681e+07
5.402678e+07
5.402675e+07
5.402672e+07
5.402669e+07
5.402667e+07
5.402664e+07
5.402661e+07
5.402658e+07
5.402655e+07
5.402652e+07
5.402649e+07
5.402646e+07
5.402643e+07
5.402639e+07
5.402636e+07
5.402633e+07
5.402630e+07
5.402627e+07
5.402623e+07
5.402620e+07
5.402617e+07
5.402613e+07
5.402610e+07
5.402606e+07
5.402603e+07
5.402599e+07
5.402596e+07
5.402592e+07
5.402588e+07
5.402584e+07
5.402581e+07
5.402577e+07
5.402573e+07
5.402569e+07
5.402565e+07
5.402561e+07
5.402557e+07
5.402553e+07
5.402549e+07
5.402544e+07
5.402540e+07
5.402536e+07
5.402531e+07
5.402527e+07
5.402522e+07
5.402518e+07
5.402513e+07
5.402508e+07
5.402503e+07
5.402498e+07
5.402493e+07
5.402488e+07
5.402483e+07
5.402478e+07
5.402473e+07
5.402467e+07
5.402462e+07
5.402456e+07
5.402451e+07
5.402445e+07
5.402439e+07
5.402433e+07
5.402427e+07
5.402421e+07
5.402415e+07
5.402408e+07
5.402402e+07
5.402395e+07
5.402389e+07
5.402382e+07
5.402375e+07
5.402368e+07
5.402361e+07
5.402353e+07
5.402346e+07
5.402338e+07
5.402330e+07
5.402322e+07
5.402314e+07
5.402306e+07
5.402297e+07
5.402289e+07
5.402280e+07
5.402271e+07
5.402262e+07
5.402253e+07
5.402243e+07
5.402233e+07
5.402223e+07
5.402213e+07
5.402203e+07
5.402192e+07
5.402181e+07
5.402170e+07
5.402159e+07
5.402147e+07
5.402136e+07
5.402124e+07
5.402111e+07
5.402098e+07
5.402085e+07
5.402072e+07
5.402059e+07
5.402045e+07
5.402030e+07
5.402016e+07
5.402001e+07
5.401986e+07
5.401970e+07
5.401954e+07
5.401937e+07
5.401920e+07
5.401903e+07
5.401885e+07
5.401867e+07
5.401849e+07
5.401830e+07
5.401810e+07
5.401790e+07
5.401769e+07
5.401748e+07
5.401727e+07
5.401704e+07
5.401681e+07
5.401658e+07
5.401634e+07
5.401609e+07
5.401584e+07
5.401558e+07
5.401531e+07
5.401504e+07
5.401476e+07
5.401447e+07
5.401417e+07
5.401387e+07
5.401355e+07
5.401323e+07
5.401290e+07
5.401256e+07
5.401221e+07
5.401185e+07
5.401148e+07
5.401110e+07
5.401071e+07
5.401031e+07
5.400990e+07
5.400948e+07
5.400904e+07
5.400859e+07
5.400813e+07
5.400766e+07
5.400717e+07
5.400667e+07
5.400616e+07
5.400563e+07
5.400508e+07
5.400452e+07
5.400394e+07
5.400335e+07
5.400274e+07
5.400211e+07
5.400146e+07
5.400080e+07
5.400011e+07
5.399941e+07
5.399868e+07
5.399793e+07
5.399717e+07
5.399637e+07
5.399556e+07
5.399472e+07
5.399386e+07
5.399297e+07
5.399205e+07
5.399111e+07
5.399014e+07
5.398914e+07
5.398811e+07
5.398706e+07
5.398597e+07
5.398484e+07
5.398369e+07
5.398249e+07
5.398127e+07
5.398000e+07
5.397870e+07
5.397736e+07
5.397598e+07
5.397456e+07
5.397310e+07
5.397159e+07
5.397003e+07
5.396843e+07
5.396678e+07
5.396508e+07
5.396333e+07
5.396153e+07
5.395967e+07
5.395776e+07
5.395578e+07
5.395375e+07
5.395166e+07
5.394950e+07
5.394728e+07
5.394499e+07
5.394263e+07
5.394020e+07
5.393769e+07
5.393511e+07
5.393244e+07
5.392970e+07
5.392688e+07
5.392396e+07
5.392096e+07
5.391787e+07
5.391468e+07
5.391139e+07
5.390801e+07
5.390452e+07
5.390092e+07
5.389721e+07
5.389339e+07
5.388945e+07
5.388539e+07
5.388121e+07
5.387689e+07
5.387245e+07
5.386787e+07
5.386314e+07
5.385827e+07
5.385325e+07
5.384808e+07
5.384275e+07
5.383725e+07
5.383158e+07
5.382574e+07
5.381972e+07
5.381351e+07
5.380711e+07
5.380051e+07
5.379371e+07
5.378670e+07
5.377947e+07
5.377202e+07
5.376433e+07
5.375641e+07
5.374825e+07
5.373983e+07
5.373115e+07
5.372220e+07
5.371297e+07
5.370346e+07
5.369365e+07
5.368353e+07
5.367311e+07
5.366236e+07
5.365127e+07
5.363984e+07
5.362806e+07
5.361590e+07
5.360337e+07
5.359045e+07
5.357713e+07
5.356340e+07
5.354923e+07
5.353462e+07
5.351956e+07
5.350403e+07
5.348802e+07
5.347150e+07
5.345447e+07
5.343690e+07
5.341879e+07
5.340011e+07
5.338085e+07
5.336099e+07
5.334050e+07
5.331937e+07
5.329758e+07
5.327511e+07
5.325194e+07
5.322803e+07
5.320338e+07
5.317795e+07
5.315173e+07
5.312468e+07
5.309678e+07
5.306801e+07
5.303832e+07
5.300771e+07
5.297613e+07
5.294356e+07
5.290995e+07
5.287529e+07
5.283954e+07
5.280265e+07
5.276460e+07
5.272535e+07
5.268486e+07
5.264308e+07
5.259998e+07
5.255551e+07
5.250963e+07
5.246230e+07
5.241346e+07
5.236306e+07
5.231107e+07
5.225741e+07
5.220205e+07
5.214492e+07
5.208596e+07
5.202512e+07
5.196233e+07
5.189753e+07
5.183066e+07
5.176163e+07
5.169039e+07
5.161685e+07
5.154095e+07
5.146259e+07
5.138171e+07
5.129820e+07
5.121200e+07
5.112300e+07
5.103110e+07
5.093622e+07
5.083824e+07
5.073707e+07
5.063258e+07
5.052468e+07
5.041323e+07
5.029812e+07
5.017922e+07
5.005639e+07
4.992950e+07
4.979839e+07
4.966293e+07
4.952296e+07
4.937831e+07
4.922882e+07
4.907430e+07
4.891458e+07
4.874947e+07
4.857875e+07
4.840224e+07
4.821970e+07
4.803092e+07
4.783564e+07
4.763363e+07
4.742463e+07
4.720835e+07
4.698452e+07
4.675283e+07
4.651297e+07
4.626461e+07
4.600740e+07
4.574097e+07
4.546493e+07
4.517888e+07
4.488239e+07
4.457499e+07
4.425622e+07
4.392554e+07
4.358243e+07
4.322631e+07
4.285655e+07
4.247250e+07
4.207346e+07
4.165867e+07
4.122733e+07
4.077857e+07
4.031145e+07
3.982495e+07
3.931797e+07
3.878932e+07
3.823767e+07
3.766160e+07
3.705953e+07
3.642971e+07
3.577018e+07
3.507880e+07
3.435310e+07
3.359034e+07
3.278737e+07
3.194057e+07
3.104574e+07
3.009797e+07
2.909142e+07
2.801905e+07
2.687227e+07
2.564033e+07
2.430953e+07
2.286185e+07
2.127273e+07
1.950721e+07
1.751244e+07
1.520211e+07
1.242003e+07
8.844247e+06
0.000000e+00
0.000000e+00
0.000000e+00
0.000000e+00
0.000000e+00
0.000000e+00
0.000000e+00
0.000000e+00
0.000000e+00
0.000000e+00
0.000000e+00
0.000000e+00
0.000000e+00
0.000000e+00
0.000000e+00
0.000000e+00
0.000000e+00
0.000000e+00
0.000000e+00
0.000000e+00
0.000000e+00
0.000000e+00
0.000000e+00
0.000000e+00
0.000000e+00
0.000000e+00
0.000000e+00
0.000000e+00
0.000000e+00
0.000000e+00
0.000000e+00
0.000000e+00
0.000000e+00
0.000000e+00
0.000000e+00
0.000000e+00
0.000000e+00
0.000000e+00
0.000000e+00
0.000000e+00
0.000000e+00
0.000000e+00
0.000000e+00
0.000000e+00
0.000000e+00
0.000000e+00
0.000000e+00
0.000000e+00
0.000000e+00
0.000000e+00
0.000000e+00
0.000000e+00
0.000000e+00
0.000000e+00
0.000000e+00
0.000000e+00
0.000000e+00
0.000000e+00
0.000000e+00
0.000000e+00
0.000000e+00
0.000000e+00
0.000000e+00
0.000000e+00
0.000000e+00
0.000000e+00
0.000000e+00
0.000000e+00
0.000000e+00
0.000000e+00
0.000000e+00
0.000000e+00
0.000000e+00
0.000000e+00
0.000000e+00
0.000000e+00
0.000000e+00
0.000000e+00
0.000000e+00
0.000000e+00
0.000000e+00
0.000000e+00
0.000000e+00
0.000000e+00
0.000000e+00
0.000000e+00
0.000000e+00
0.000000e+00
0.000000e+00
0.000000e+00
0.000000e+00
0.000000e+00
0.000000e+00
0.000000e+00
0.000000e+00
0.000000e+00
0.000000e+00
0.000000e+00
0.000000e+00
0.000000e+00
0.000000e+00
0.000000e+00
0.000000e+00
0.000000e+00
0.000000e+00
0.000000e+00
0.000000e+00
0.000000e+00
0.000000e+00
0.000000e+00
0.000000e+00
0.000000e+00
0.000000e+00
0.000000e+00
0.000000e+00
0.000000e+00
0.000000e+00
0.000000e+00
0.000000e+00
0.000000e+00
0.000000e+00
0.000000e+00
0.000000e+00
0.000000e+00
0.000000e+00
0.000000e+00
0.000000e+00
0.000000e+00
0.000000e+00
0.000000e+00
0.000000e+00
0.000000e+00
0.000000e+00
0.000000e+00
0.000000e+00
0.000000e+00
0.000000e+00
0.000000e+00
0.000000e+00
0.000000e+00
0.000000e+00
0.000000e+00
0.000000e+00
0.000000e+00
0.000000e+00
0.000000e+00
0.000000e+00
0.000000e+00
0.000000e+00
0.000000e+00
0.000000e+00
0.000000e+00
0.000000e+00
0.000000e+00
0.000000e+00
0.000000e+00
0.000000e+00
0.000000e+00
0.000000e+00
0.000000e+00
0.000000e+00
0.000000e+00
0.000000e+00
0.000000e+00
0.000000e+00
0.000000e+00
0.000000e+00
0.000000e+00
0.000000e+00
0.000000e+00
0.000000e+00
0.000000e+00
0.000000e+00
0.000000e+00
0.000000e+00
0.000000e+00
0.000000e+00
0.000000e+00
0.000000e+00
0.000000e+00
0.000000e+00
0.000000e+00
0.000000e+00
0.000000e+00
0.000000e+00
0.000000e+00
0.000000e+00
0.000000e+00
0.000000e+00
0.000000e+00
0.000000e+00
0.000000e+00
0.000000e+00
0.000000e+00
0.000000e+00
0.000000e+00
0.000000e+00
0.000000e+00
0.000000e+00
0.000000e+00
0.000000e+00
0.000000e+00
0.000000e+00
0.000000e+00
0.000000e+00
0.000000e+00
0.000000e+00
0.000000e+00
0.000000e+00
0.000000e+00
0.000000e+00
0.000000e+00
0.000000e+00
0.000000e+00
0.000000e+00
0.000000e+00
0.000000e+00
0.000000e+00
0.000000e+00
0.000000e+00
0.000000e+00
0.000000e+00
0.000000e+00
0.000000e+00
0.000000e+00
0.000000e+00
0.000000e+00
0.000000e+00
0.000000e+00
0.000000e+00
0.000000e+00
0.000000e+00
0.000000e+00
0.000000e+00
0.000000e+00
0.000000e+00
0.000000e+00
0.000000e+00
0.000000e+00
0.000000e+00
0.000000e+00
0.000000e+00
0.000000e+00
0.000000e+00
0.000000e+00
0.000000e+00
0.000000e+00
0.000000e+00
0.000000e+00
0.000000e+00
0.000000e+00
0.000000e+00
0.000000e+00
0.000000e+00
0.000000e+00
0.000000e+00
0.000000e+00
0.000000e+00
0.000000e+00
0.000000e+00
0.000000e+00
0.000000e+00
0.000000e+00
0.000000e+00
0.000000e+00
0.000000e+00
0.000000e+00
0.000000e+00
0.000000e+00
0.000000e+00
0.000000e+00
0.000000e+00
0.000000e+00
0.000000e+00
0.000000e+00
0.000000e+00
0.000000e+00
0.000000e+00
0.000000e+00
0.000000e+00
0.000000e+00
0.000000e+00
0.000000e+00
0.000000e+00
0.000000e+00
0.000000e+00
0.000000e+00
0.000000e+00
0.000000e+00
0.000000e+00
0.000000e+00
0.000000e+00
0.000000e+00
0.000000e+00
0.000000e+00
0.000000e+00
0.000000e+00
0.000000e+00
0.000000e+00
0.000000e+00
0.000000e+00
0.000000e+00
0.000000e+00
0.000000e+00
0.000000e+00
0.000000e+00
0.000000e+00
0.000000e+00
0.000000e+00
0.000000e+00
0.000000e+00
0.000000e+00
0.000000e+00
0.000000e+00
0.000000e+00
0.000000e+00
0.000000e+00
0.000000e+00
0.000000e+00
0.000000e+00
0.000000e+00
0.000000e+00
0.000000e+00
0.000000e+00
0.000000e+00
0.000000e+00
0.000000e+00
0.000000e+00
0.000000e+00
0.000000e+00
0.000000e+00
0.000000e+00
0.000000e+00
0.000000e+00
0.000000e+00
0.000000e+00
0.000000e+00
0.000000e+00
0.000000e+00
0.000000e+00
0.000000e+00
0.000000e+00
0.000000e+00
0.000000e+00
0.000000e+00
0.000000e+00
0.000000e+00
0.000000e+00
0.000000e+00
0.000000e+00
0.000000e+00
0.000000e+00
0.000000e+00
0.000000e+00
0.000000e+00
0.000000e+00
0.000000e+00
0.000000e+00
0.000000e+00
0.000000e+00
0.000000e+00
0.000000e+00
0.000000e+00
0.000000e+00
0.000000e+00
0.000000e+00
0.000000e+00
0.000000e+00
0.000000e+00
0.000000e+00
0.000000e+00
0.000000e+00
0.000000e+00
0.000000e+00
0.000000e+00
0.000000e+00
0.000000e+00
0.000000e+00
0.000000e+00
0.000000e+00
0.000000e+00
0.000000e+00
0.000000e+00
0.000000e+00
0.000000e+00
0.000000e+00
0.000000e+00
0.000000e+00
0.000000e+00
0.000000e+00
0.000000e+00
0.000000e+00
0.000000e+00
0.000000e+00
0.000000e+00
0.000000e+00
0.000000e+00
0.000000e+00
0.000000e+00
0.000000e+00
0.000000e+00
0.000000e+00
0.000000e+00
0.000000e+00
0.000000e+00
0.000000e+00
0.000000e+00
0.000000e+00
0.000000e+00
0.000000e+00
0.000000e+00
0.000000e+00
0.000000e+00
0.000000e+00
0.000000e+00
0.000000e+00
0.000000e+00
0.000000e+00
0.000000e+00
0.000000e+00
0.000000e+00
0.000000e+00
0.000000e+00
0.000000e+00
0.000000e+00
0.000000e+00
0.000000e+00
0.000000e+00
0.000000e+00
0.000000e+00
0.000000e+00
0.000000e+00
0.000000e+00
0.000000e+00
0.000000e+00
0.000000e+00
0.000000e+00
0.000000e+00
0.000000e+00
0.000000e+00
0.000000e+00
0.000000e+00
0.000000e+00
0.000000e+00
0.000000e+00
0.000000e+00
0.000000e+00
0.000000e+00
0.000000e+00
0.000000e+00
0.000000e+00
0.000000e+00
0.000000e+00
0.000000e+00
0.000000e+00
0.000000e+00
0.000000e+00
0.000000e+00
0.000000e+00
0.000000e+00
0.000000e+00
0.000000e+00
0.000000e+00
0.000000e+00
0.000000e+00
0.000000e+00
0.000000e+00
0.000000e+00
0.000000e+00
0.000000e+00
0.000000e+00
0.000000e+00
0.000000e+00
0.000000e+00
0.000000e+00
0.000000e+00
0.000000e+00
0.000000e+00
0.000000e+00
0.000000e+00
0.000000e+00
0.000000e+00
0.000000e+00
0.000000e+00
0.000000e+00
0.000000e+00
0.000000e+00
0.000000e+00
0.000000e+00
0.000000e+00
0.000000e+00
0.000000e+00
0.000000e+00
0.000000e+00
0.000000e+00
0.000000e+00
0.000000e+00
0.000000e+00
0.000000e+00
0.000000e+00
0.000000e+00
0.000000e+00
0.000000e+00
0.000000e+00
0.000000e+00
0.000000e+00
0.000000e+00
0.000000e+00
0.000000e+00
0.000000e+00
0.000000e+00
0.000000e+00
0.000000e+00
0.000000e+00
0.000000e+00
0.000000e+00
0.000000e+00
0.000000e+00
0.000000e+00
0.000000e+00
0.000000e+00
0.000000e+00
0.000000e+00
0.000000e+00
0.000000e+00
0.000000e+00
0.000000e+00
0.000000e+00
0.000000e+00
0.000000e+00
0.000000e+00
0.000000e+00
0.000000e+00
0.000000e+00
0.000000e+00
0.000000e+00
0.000000e+00
0.000000e+00
0.000000e+00
0.000000e+00
0.000000e+00
0.000000e+00
0.000000e+00
0.000000e+00
0.000000e+00
0.000000e+00
0.000000e+00
0.000000e+00
0.000000e+00
0.000000e+00
0.000000e+00
0.000000e+00
0.000000e+00
0.000000e+00
0.000000e+00
0.000000e+00
0.000000e+00
0.000000e+00
0.000000e+00
0.000000e+00
0.000000e+00
0.000000e+00
0.000000e+00
0.000000e+00
0.000000e+00
0.000000e+00
0.000000e+00
0.000000e+00
0.000000e+00
0.000000e+00
0.000000e+00
0.000000e+00
0.000000e+00
0.000000e+00
0.000000e+00
0.000000e+00
0.000000e+00
0.000000e+00
0.000000e+00
0.000000e+00
0.000000e+00
0.000000e+00
0.000000e+00
0.000000e+00
0.000000e+00
0.000000e+00
0.000000e+00
0.000000e+00
0.000000e+00
0.000000e+00
0.000000e+00
0.000000e+00
0.000000e+00
0.000000e+00
0.000000e+00
0.000000e+00
0.000000e+00
0.000000e+00
0.000000e+00
0.000000e+00
0.000000e+00
0.000000e+00
0.000000e+00
0.000000e+00
0.000000e+00
0.000000e+00
0.000000e+00
0.000000e+00
0.000000e+00
0.000000e+00
0.000000e+00
0.000000e+00
0.000000e+00
0.000000e+00
0.000000e+00
0.000000e+00
0.000000e+00
0.000000e+00
0.000000e+00
0.000000e+00
0.000000e+00
0.000000e+00
0.000000e+00
0.000000e+00
0.000000e+00
0.000000e+00
0.000000e+00
0.000000e+00
0.000000e+00
0.000000e+00
0.000000e+00
0.000000e+00
0.000000e+00
0.000000e+00
0.000000e+00
0.000000e+00
0.000000e+00
0.000000e+00
0.000000e+00
0.000000e+00
0.000000e+00
0.000000e+00
0.000000e+00
0.000000e+00
0.000000e+00
0.000000e+00
0.000000e+00
0.000000e+00
0.000000e+00
0.000000e+00
0.000000e+00
0.000000e+00
0.000000e+00
0.000000e+00
0.000000e+00
0.000000e+00
0.000000e+00
0.000000e+00
0.000000e+00
0.000000e+00
0.000000e+00
0.000000e+00
0.000000e+00
0.000000e+00
0.000000e+00
0.000000e+00
0.000000e+00
0.000000e+00
0.000000e+00
0.000000e+00
0.000000e+00
0.000000e+00
0.000000e+00
0.000000e+00
0.000000e+00
0.000000e+00
0.000000e+00
0.000000e+00
0.000000e+00
0.000000e+00
0.000000e+00
0.000000e+00
0.000000e+00
0.000000e+00
0.000000e+00
0.000000e+00
0.000000e+00
0.000000e+00
0.000000e+00
0.000000e+00
0.000000e+00
0.000000e+00
0.000000e+00
0.000000e+00
0.000000e+00
0.000000e+00
0.000000e+00
0.000000e+00
0.000000e+00
0.000000e+00
0.000000e+00
0.000000e+00
0.000000e+00
0.000000e+00
0.000000e+00
0.000000e+00
0.000000e+00
0.000000e+00
0.000000e+00
0.000000e+00
0.000000e+00
0.000000e+00
0.000000e+00
0.000000e+00
0.000000e+00
0.000000e+00
0.000000e+00
0.000000e+00
0.000000e+00
0.000000e+00
0.000000e+00
0.000000e+00
0.000000e+00
0.000000e+00
0.000000e+00
0.000000e+00
0.000000e+00
0.000000e+00
0.000000e+00
0.000000e+00
0.000000e+00
0.000000e+00
0.000000e+00
0.000000e+00
0.000000e+00
0.000000e+00
0.000000e+00
0.000000e+00
0.000000e+00
0.000000e+00
0.000000e+00
0.000000e+00
0.000000e+00
0.000000e+00
0.000000e+00
0.000000e+00
0.000000e+00
0.000000e+00
0.000000e+00
0.000000e+00
0.000000e+00
0.000000e+00
0.000000e+00
0.000000e+00
0.000000e+00
0.000000e+00
0.000000e+00
0.000000e+00
0.000000e+00
0.000000e+00
0.000000e+00
0.000000e+00
0.000000e+00
0.000000e+00
0.000000e+00
0.000000e+00
0.000000e+00
0.000000e+00
0.000000e+00
0.000000e+00
0.000000e+00
0.000000e+00
0.000000e+00
0.000000e+00
0.000000e+00
0.000000e+00
0.000000e+00
0.000000e+00
0.000000e+00
0.000000e+00
0.000000e+00
0.000000e+00
0.000000e+00
0.000000e+00
0.000000e+00
0.000000e+00
0.000000e+00
0.000000e+00
0.000000e+00
0.000000e+00
0.000000e+00
0.000000e+00
0.000000e+00
0.000000e+00
0.000000e+00
0.000000e+00
0.000000e+00
0.000000e+00
0.000000e+00
0.000000e+00
0.000000e+00
0.000000e+00
0.000000e+00
0.000000e+00
0.000000e+00
0.000000e+00
0.000000e+00
0.000000e+00
0.000000e+00
0.000000e+00
0.000000e+00
0.000000e+00
0.000000e+00
0.000000e+00
0.000000e+00
0.000000e+00
0.000000e+00
0.000000e+00
0.000000e+00
0.000000e+00
0.000000e+00
0.000000e+00
0.000000e+00
0.000000e+00
0.000000e+00
0.000000e+00
0.000000e+00
0.000000e+00
0.000000e+00
0.000000e+00
0.000000e+00
0.000000e+00
0.000000e+00
0.000000e+00
0.000000e+00
0.000000e+00
0.000000e+00
0.000000e+00
0.000000e+00
0.000000e+00
0.000000e+00
0.000000e+00
0.000000e+00
0.000000e+00
0.000000e+00
0.000000e+00
0.000000e+00
0.000000e+00
0.000000e+00
0.000000e+00
0.000000e+00
0.000000e+00
0.000000e+00
0.000000e+00
0.000000e+00
0.000000e+00
0.000000e+00
0.000000e+00
0.000000e+00
0.000000e+00
0.000000e+00
0.000000e+00
0.000000e+00
0.000000e+00
0.000000e+00
0.000000e+00
0.000000e+00
0.000000e+00
0.000000e+00
0.000000e+00
0.000000e+00
0.000000e+00
0.000000e+00
0.000000e+00
0.000000e+00
0.000000e+00
0.000000e+00
0.000000e+00
0.000000e+00
0.000000e+00
0.000000e+00
0.000000e+00
0.000000e+00
0.000000e+00
0.000000e+00
0.000000e+00
0.000000e+00
0.000000e+00
0.000000e+00
0.000000e+00
0.000000e+00
0.000000e+00
0.000000e+00
0.000000e+00
0.000000e+00
0.000000e+00
0.000000e+00
0.000000e+00
0.000000e+00
0.000000e+00
0.000000e+00
0.000000e+00
0.000000e+00
0.000000e+00
0.000000e+00
0.000000e+00
0.000000e+00
0.000000e+00
0.000000e+00
0.000000e+00
0.000000e+00
0.000000e+00
0.000000e+00
0.000000e+00
0.000000e+00
0.000000e+00
0.000000e+00
0.000000e+00
0.000000e+00
0.000000e+00
0.000000e+00
0.000000e+00
0.000000e+00
0.000000e+00
0.000000e+00
0.000000e+00
0.000000e+00
0.000000e+00
0.000000e+00
0.000000e+00
0.000000e+00
0.000000e+00
0.000000e+00
0.000000e+00
0.000000e+00
0.000000e+00
0.000000e+00
0.000000e+00
0.000000e+00
0.000000e+00
0.000000e+00
0.000000e+00
0.000000e+00
0.000000e+00
0.000000e+00
0.000000e+00
0.000000e+00
0.000000e+00
0.000000e+00
0.000000e+00
0.000000e+00
0.000000e+00
0.000000e+00
0.000000e+00
0.000000e+00
0.000000e+00
0.000000e+00
0.000000e+00
0.000000e+00
0.000000e+00
0.000000e+00
0.000000e+00
0.000000e+00
0.000000e+00
0.000000e+00
0.000000e+00
0.000000e+00
0.000000e+00
0.000000e+00
0.000000e+00
0.000000e+00
0.000000e+00
0.000000e+00
0.000000e+00
0.000000e+00
0.000000e+00
0.000000e+00
0.000000e+00
0.000000e+00
0.000000e+00
0.000000e+00
0.000000e+00
0.000000e+00
0.000000e+00
0.000000e+00
0.000000e+00
0.000000e+00
0.000000e+00
0.000000e+00
0.000000e+00
0.000000e+00
0.000000e+00
0.000000e+00
0.000000e+00
0.000000e+00
0.000000e+00
0.000000e+00
0.000000e+00
0.000000e+00
0.000000e+00
0.000000e+00
0.000000e+00
0.000000e+00
0.000000e+00
0.000000e+00
0.000000e+00
0.000000e+00
0.000000e+00
0.000000e+00
0.000000e+00
0.000000e+00
0.000000e+00
0.000000e+00
0.000000e+00
0.000000e+00
0.000000e+00
0.000000e+00
0.000000e+00
0.000000e+00
0.000000e+00
0.000000e+00
0.000000e+00
0.000000e+00
0.000000e+00
0.000000e+00
0.000000e+00
0.000000e+00
0.000000e+00
0.000000e+00
0.000000e+00
0.000000e+00
0.000000e+00
0.000000e+00
0.000000e+00
0.000000e+00
0.000000e+00
0.000000e+00
0.000000e+00
0.000000e+00
0.000000e+00
0.000000e+00
0.000000e+00
0.000000e+00
0.000000e+00
0.000000e+00
0.000000e+00
0.000000e+00
0.000000e+00
0.000000e+00
0.000000e+00
0.000000e+00
0.000000e+00
0.000000e+00
0.000000e+00
0.000000e+00
0.000000e+00
0.000000e+00
0.000000e+00
0.000000e+00
0.000000e+00
0.000000e+00
0.000000e+00
0.000000e+00
0.000000e+00
0.000000e+00
0.000000e+00
0.000000e+00
0.000000e+00
0.000000e+00
