5.467997e+07
5.467926e+07
5.467910e+07
5.467902e+07
5.467896e+07
5.467891e+07
5.467887e+07
5.467884e+07
5.467881e+07
5.467879e+07
5.467877e+07
5.467875e+07
5.467873e+07
5.467871e+07
5.467870e+07
5.467868e+07
5.467867e+07
5.467866e+07
5.467864e+07
5.467863e+07
5.467862e+07
5.467861e+07
5.467860e+07
5.467859e+07
5.467858e+07
5.467857e+07
5.467856e+07
5.467855e+07
5.467855e+07
5.467854e+07
5.467853e+07
5.467852e+07
5.467851e+07
5.467851e+07
5.467850e+07
5.467849e+07
5.467848e+07
5.467848e+07
5.467847e+07
5.467846e+07
5.467846e+07
5.467845e+07
5.467844e+07
5.467844e+07
5.467843e+07
5.467843e+07
5.467842e+07
5.467841e+07
5.467841e+07
5.467840e+07
5.467839e+07
5.467839e+07
5.467838e+07
5.467838e+07
5.467837e+07
5.467836e+07
5.467836e+07
5.467835e+07
5.467835e+07
5.467834e+07
5.467834e+07
5.467833e+07
5.467832e+07
5.467832e+07
5.467831e+07
5.467831e+07
5.467830e+07
5.467829e+07
5.467829e+07
5.467828e+07
5.467828e+07
5.467827e+07
5.467827e+07
5.467826e+07
5.467825e+07
5.467825e+07
5.467824e+07
5.467824e+07
5.467823e+07
5.467823e+07
5.467822e+07
5.467821e+07
5.467821e+07
5.467820e+07
5.467820e+07
5.467819e+07
5.467818e+07
5.467818e+07
5.467817e+07
5.467817e+07
5.467816e+07
5.467815e+07
5.467815e+07
5.467814e+07
5.467814e+07
5.467813e+07
5.467812e+07
5.467812e+07
5.467811e+07
5.467810e+07
5.467810e+07
5.467809e+07
5.467809e+07
5.467808e+07
5.467807e+07
5.467807e+07
5.467806e+07
5.467805e+07
5.467805e+07
5.467804e+07
5.467803e+07
5.467803e+07
5.467802e+07
5.467801e+07
5.467801e+07
5.467800e+07
5.467799e+07
5.467799e+07
5.467798e+07
5.467797e+07
5.467797e+07
5.467796e+07
5.467795e+07
5.467794e+07
5.467794e+07
5.467793e+07
5.467792e+07
5.467792e+07
5.467791e+07
5.467790e+07
5.467789e+07
5.467789e+07
5.467788e+07
5.467787e+07
5.467786e+07
5.467786e+07
5.467785e+07
5.467784e+07
5.467783e+07
5.467782e+07
5.467782e+07
5.467781e+07
5.467780e+07
5.467779e+07
5.467779e+07
5.467778e+07
5.467777e+07
5.467776e+07
5.467775e+07
5.467774e+07
5.467774e+07
5.467773e+07
5.467772e+07
5.467771e+07
5.467770e+07
5.467769e+07
5.467769e+07
5.467768e+07
5.467767e+07
5.467766e+07
5.467765e+07
5.467764e+07
5.467763e+07
5.467762e+07
5.467761e+07
5.467761e+07
5.467760e+07
5.467759e+07
5.467758e+07
5.467757e+07
5.467756e+07
5.467755e+07
5.467754e+07
5.467753e+07
5.467752e+07
5.467751e+07
5.467750e+07
5.467749e+07
5.467748e+07
5.467747e+07
5.467746e+07
5.467745e+07
5.467744e+07
5.467743e+07
5.467742e+07
5.467741e+07
5.467740e+07
5.467739e+07
5.467738e+07
5.467737e+07
5.467736e+07
5.467735e+07
5.467734e+07
5.467733e+07
5.467731e+07
5.467730e+07
5.467729e+07
5.467728e+07
5.467727e+07
5.467726e+07
5.467725e+07
5.467724e+07
5.467722e+07
5.467721e+07
5.467720e+07
5.467719e+07
5.467718e+07
5.467717e+07
5.467715e+07
5.467714e+07
5.467713e+07
5.467712e+07
5.467710e+07
5.467709e+07
5.467708e+07
5.467707e+07
5.467706e+07
5.467704e+07
5.467703e+07
5.467702e+07
5.467700e+07
5.467699e+07
5.467698e+07
5.467696e+07
5.467695e+07
5.467694e+07
5.467692e+07
5.467691e+07
5.467690e+07
5.467688e+07
5.467687e+07
5.467686e+07
5.467684e+07
5.467683e+07
5.467681e+07
5.467680e+07
5.467679e+07
5.467677e+07
5.467676e+07
5.467674e+07
5.467673e+07
5.467671e+07
5.467670e+07
5.467668e+07
5.467667e+07
5.467665e+07
5.467664e+07
5.467662e+07
5.467661e+07
5.467659e+07
5.467658e+07
5.467656e+07
5.467655e+07
5.467653e+07
5.467651e+07
5.467650e+07
5.467648e+07
5.467646e+07
5.467645e+07
5.467643e+07
5.467642e+07
5.467640e+07
5.467638e+07
5.467636e+07
5.467635e+07
5.467633e+07
5.467631e+07
5.467630e+07
5.467628e+07
5.467626e+07
5.467624e+07
5.467622e+07
5.467621e+07
5.467619e+07
5.467617e+07
5.467615e+07
5.467613e+07
5.467612e+07
5.467610e+07
5.467608e+07
5.467606e+07
5.467604e+07
5.467602e+07
5.467600e+07
5.467598e+07
5.467596e+07
5.467594e+07
5.467592e+07
5.467590e+07
5.467588e+07
5.467586e+07
5.467584e+07
5.467582e+07
5.467580e+07
5.467578e+07
5.467576e+07
5.467574e+07
5.467571e+07
5.467569e+07
5.467567e+07
5.467565e+07
5.467563e+07
5.467560e+07
5.467558e+07
5.467556e+07
5.467554e+07
5.467551e+07
5.467549e+07
5.467547e+07
5.467544e+07
5.467542e+07
5.467540e+07
5.467537e+07
5.467535e+07
5.467532e+07
5.467530e+07
5.467528e+07
5.467525e+07
5.467523e+07
5.467520e+07
5.467517e+07
5.467515e+07
5.467512e+07
5.467510e+07
5.467507e+07
5.467504e+07
5.467502e+07
5.467499e+07
5.467496e+07
5.467493e+07
5.467491e+07
5.467488e+07
5.467485e+07
5.467482e+07
5.467479e+07
5.467476e+07
5.467473e+07
5.467470e+07
5.467467e+07
5.467464e+07
5.467461e+07
5.467458e+07
5.467455e+07
5.467452e+07
5.467449e+07
5.467445e+07
5.467442e+07
5.467439e+07
5.467435e+07
5.467432e+07
5.467429e+07
5.467425e+07
5.467422e+07
5.467418e+07
5.467415e+07
5.467411e+07
5.467407e+07
5.467404e+07
5.467400e+07
5.467396e+07
5.467392e+07
5.467388e+07
5.467384e+07
5.467380e+07
5.467376e+07
5.467372e+07
5.467368e+07
5.467364e+07
5.467360e+07
5.467356e+07
5.467351e+07
5.467347e+07
5.467342e+07
5.467338e+07
5.467333e+07
5.467328e+07
5.467324e+07
5.467319e+07
5.467314e+07
5.467309e+07
5.467304e+07
5.467299e+07
5.467294e+07
5.467288e+07
5.467283e+07
5.467278e+07
5.467272e+07
5.467267e+07
5.467261e+07
5.467255e+07
5.467249e+07
5.467243e+07
5.467237e+07
5.467231e+07
5.467225e+07
5.467218e+07
5.467212e+07
5.467205e+07
5.467198e+07
5.467191e+07
5.467184e+07
5.467177e+07
5.467170e+07
5.467162e+07
5.467155e+07
5.467147e+07
5.467139e+07
5.467131e+07
5.467123e+07
5.467115e+07
5.467106e+07
5.467098e+07
5.467089e+07
5.467080e+07
5.467070e+07
5.467061e+07
5.467051e+07
5.467042e+07
5.467031e+07
5.467021e+07
5.467011e+07
5.467000e+07
5.466989e+07
5.466978e+07
5.466966e+07
5.466955e+07
5.466943e+07
5.466931e+07
5.466918e+07
5.466905e+07
5.466892e+07
5.466879e+07
5.466865e+07
5.466851e+07
5.466837e+07
5.466822e+07
5.466807e+07
5.466791e+07
5.466776e+07
5.466759e+07
5.466743e+07
5.466726e+07
5.466708e+07
5.466691e+07
5.466672e+07
5.466653e+07
5.466634e+07
5.466614e+07
5.466594e+07
5.466573e+07
5.466552e+07
5.466530e+07
5.466508e+07
5.466485e+07
5.466461e+07
5.466437e+07
5.466412e+07
5.466387e+07
5.466360e+07
5.466333e+07
5.466306e+07
5.466277e+07
5.466248e+07
5.466218e+07
5.466188e+07
5.466156e+07
5.466123e+07
5.466090e+07
5.466056e+07
5.466021e+07
5.465984e+07
5.465947e+07
5.465909e+07
5.465870e+07
5.465829e+07
5.465788e+07
5.465745e+07
5.465701e+07
5.465656e+07
5.465610e+07
5.465562e+07
5.465513e+07
5.465462e+07
5.465411e+07
5.465357e+07
5.465302e+07
5.465246e+07
5.465187e+07
5.465128e+07
5.465066e+07
5.465003e+07
5.464938e+07
5.464871e+07
5.464802e+07
5.464730e+07
5.464657e+07
5.464582e+07
5.464505e+07
5.464425e+07
5.464343e+07
5.464258e+07
5.464171e+07
5.464082e+07
5.463990e+07
5.463895e+07
5.463797e+07
5.463697e+07
5.463593e+07
5.463486e+07
5.463376e+07
5.463263e+07
5.463147e+07
5.463027e+07
5.462903e+07
5.462776e+07
5.462645e+07
5.462510e+07
5.462371e+07
5.462228e+07
5.462080e+07
5.461928e+07
5.461772e+07
5.461610e+07
5.461444e+07
5.461273e+07
5.461097e+07
5.460915e+07
5.460728e+07
5.460535e+07
5.460336e+07
5.460132e+07
5.459921e+07
5.459704e+07
5.459480e+07
5.459249e+07
5.459011e+07
5.458766e+07
5.458514e+07
5.458254e+07
5.457986e+07
5.457710e+07
5.457425e+07
5.457132e+07
5.456829e+07
5.456518e+07
5.456197e+07
5.455866e+07
5.455525e+07
5.455173e+07
5.454811e+07
5.454438e+07
5.454053e+07
5.453656e+07
5.453247e+07
5.452826e+07
5.452392e+07
5.451944e+07
5.451483e+07
5.451007e+07
5.450517e+07
5.450011e+07
5.449490e+07
5.448953e+07
5.448400e+07
5.447829e+07
5.447241e+07
5.446634e+07
5.446009e+07
5.445365e+07
5.444700e+07
5.444015e+07
5.443309e+07
5.442582e+07
5.441831e+07
5.441057e+07
5.440260e+07
5.439438e+07
5.438590e+07
5.437716e+07
5.436815e+07
5.435885e+07
5.434927e+07
5.433940e+07
5.432922e+07
5.431872e+07
5.430789e+07
5.429673e+07
5.428522e+07
5.427335e+07
5.426112e+07
5.424850e+07
5.423549e+07
5.422208e+07
5.420825e+07
5.419399e+07
5.417928e+07
5.416411e+07
5.414847e+07
5.413235e+07
5.411572e+07
5.409857e+07
5.408088e+07
5.406265e+07
5.404384e+07
5.402445e+07
5.400444e+07
5.398382e+07
5.396254e+07
5.394060e+07
5.391798e+07
5.389464e+07
5.387057e+07
5.384575e+07
5.382015e+07
5.379374e+07
5.376651e+07
5.373841e+07
5.370944e+07
5.367955e+07
5.364872e+07
5.361693e+07
5.358412e+07
5.355029e+07
5.351539e+07
5.347938e+07
5.344224e+07
5.340393e+07
5.336440e+07
5.332362e+07
5.328155e+07
5.323815e+07
5.319337e+07
5.314717e+07
5.309950e+07
5.305032e+07
5.299957e+07
5.294720e+07
5.289317e+07
5.283741e+07
5.277988e+07
5.272050e+07
5.265923e+07
5.259599e+07
5.253073e+07
5.246337e+07
5.239385e+07
5.232209e+07
5.224803e+07
5.217157e+07
5.209265e+07
5.201118e+07
5.192707e+07
5.184023e+07
5.175057e+07
5.165800e+07
5.156242e+07
5.146372e+07
5.136179e+07
5.125653e+07
5.114782e+07
5.103554e+07
5.091956e+07
5.079976e+07
5.067600e+07
5.054814e+07
5.041603e+07
5.027953e+07
5.013848e+07
4.999270e+07
4.984204e+07
4.968632e+07
4.952534e+07
4.935892e+07
4.918685e+07
4.900892e+07
4.882492e+07
4.863460e+07
4.843774e+07
4.823408e+07
4.802335e+07
4.780528e+07
4.757958e+07
4.734594e+07
4.710405e+07
4.685357e+07
4.659415e+07
4.632541e+07
4.604697e+07
4.575840e+07
4.545928e+07
4.514913e+07
4.482748e+07
4.449380e+07
4.414754e+07
4.378811e+07
4.341490e+07
4.302722e+07
4.262438e+07
4.220560e+07
4.177006e+07
4.131688e+07
4.084512e+07
4.035373e+07
3.984159e+07
3.930750e+07
3.875012e+07
3.816799e+07
3.755950e+07
3.692288e+07
3.625615e+07
3.555711e+07
3.482327e+07
3.405185e+07
3.323962e+07
3.238293e+07
3.147750e+07
3.051834e+07
2.949951e+07
2.841387e+07
2.725267e+07
2.600501e+07
2.465697e+07
2.319022e+07
2.157984e+07
1.979030e+07
1.776795e+07
1.542514e+07
1.260329e+07
8.975542e+06
0.000000e+00
0.000000e+00
0.000000e+00
0.000000e+00
0.000000e+00
0.000000e+00
0.000000e+00
0.000000e+00
0.000000e+00
0.000000e+00
0.000000e+00
0.000000e+00
0.000000e+00
0.000000e+00
0.000000e+00
0.000000e+00
0.000000e+00
0.000000e+00
0.000000e+00
0.000000e+00
0.000000e+00
0.000000e+00
0.000000e+00
0.000000e+00
0.000000e+00
0.000000e+00
0.000000e+00
0.000000e+00
0.000000e+00
0.000000e+00
0.000000e+00
0.000000e+00
0.000000e+00
0.000000e+00
0.000000e+00
0.000000e+00
0.000000e+00
0.000000e+00
0.000000e+00
0.000000e+00
0.000000e+00
0.000000e+00
0.000000e+00
0.000000e+00
0.000000e+00
0.000000e+00
0.000000e+00
0.000000e+00
0.000000e+00
0.000000e+00
0.000000e+00
0.000000e+00
0.000000e+00
0.000000e+00
0.000000e+00
0.000000e+00
0.000000e+00
0.000000e+00
0.000000e+00
0.000000e+00
0.000000e+00
0.000000e+00
0.000000e+00
0.000000e+00
0.000000e+00
0.000000e+00
0.000000e+00
0.000000e+00
0.000000e+00
0.000000e+00
0.000000e+00
0.000000e+00
0.000000e+00
0.000000e+00
0.000000e+00
0.000000e+00
0.000000e+00
0.000000e+00
0.000000e+00
0.000000e+00
0.000000e+00
0.000000e+00
0.000000e+00
0.000000e+00
0.000000e+00
0.000000e+00
0.000000e+00
0.000000e+00
0.000000e+00
0.000000e+00
0.000000e+00
0.000000e+00
0.000000e+00
0.000000e+00
0.000000e+00
0.000000e+00
0.000000e+00
0.000000e+00
0.000000e+00
0.000000e+00
0.000000e+00
0.000000e+00
0.000000e+00
0.000000e+00
0.000000e+00
0.000000e+00
0.000000e+00
0.000000e+00
0.000000e+00
0.000000e+00
0.000000e+00
0.000000e+00
0.000000e+00
0.000000e+00
0.000000e+00
0.000000e+00
0.000000e+00
0.000000e+00
0.000000e+00
0.000000e+00
0.000000e+00
0.000000e+00
0.000000e+00
0.000000e+00
0.000000e+00
0.000000e+00
0.000000e+00
0.000000e+00
0.000000e+00
0.000000e+00
0.000000e+00
0.000000e+00
0.000000e+00
0.000000e+00
0.000000e+00
0.000000e+00
0.000000e+00
0.000000e+00
0.000000e+00
0.000000e+00
0.000000e+00
0.000000e+00
0.000000e+00
0.000000e+00
0.000000e+00
0.000000e+00
0.000000e+00
0.000000e+00
0.000000e+00
0.000000e+00
0.000000e+00
0.000000e+00
0.000000e+00
0.000000e+00
0.000000e+00
0.000000e+00
0.000000e+00
0.000000e+00
0.000000e+00
0.000000e+00
0.000000e+00
0.000000e+00
0.000000e+00
0.000000e+00
0.000000e+00
0.000000e+00
0.000000e+00
0.000000e+00
0.000000e+00
0.000000e+00
0.000000e+00
0.000000e+00
0.000000e+00
0.000000e+00
0.000000e+00
0.000000e+00
0.000000e+00
0.000000e+00
0.000000e+00
0.000000e+00
0.000000e+00
0.000000e+00
0.000000e+00
0.000000e+00
0.000000e+00
0.000000e+00
0.000000e+00
0.000000e+00
0.000000e+00
0.000000e+00
0.000000e+00
0.000000e+00
0.000000e+00
0.000000e+00
0.000000e+00
0.000000e+00
0.000000e+00
0.000000e+00
0.000000e+00
0.000000e+00
0.000000e+00
0.000000e+00
0.000000e+00
0.000000e+00
0.000000e+00
0.000000e+00
0.000000e+00
0.000000e+00
0.000000e+00
0.000000e+00
0.000000e+00
0.000000e+00
0.000000e+00
0.000000e+00
0.000000e+00
0.000000e+00
0.000000e+00
0.000000e+00
0.000000e+00
0.000000e+00
0.000000e+00
0.000000e+00
0.000000e+00
0.000000e+00
0.000000e+00
0.000000e+00
0.000000e+00
0.000000e+00
0.000000e+00
0.000000e+00
0.000000e+00
0.000000e+00
0.000000e+00
0.000000e+00
0.000000e+00
0.000000e+00
0.000000e+00
0.000000e+00
0.000000e+00
0.000000e+00
0.000000e+00
0.000000e+00
0.000000e+00
0.000000e+00
0.000000e+00
0.000000e+00
0.000000e+00
0.000000e+00
0.000000e+00
0.000000e+00
0.000000e+00
0.000000e+00
0.000000e+00
0.000000e+00
0.000000e+00
0.000000e+00
0.000000e+00
0.000000e+00
0.000000e+00
0.000000e+00
0.000000e+00
0.000000e+00
0.000000e+00
0.000000e+00
0.000000e+00
0.000000e+00
0.000000e+00
0.000000e+00
0.000000e+00
0.000000e+00
0.000000e+00
0.000000e+00
0.000000e+00
0.000000e+00
0.000000e+00
0.000000e+00
0.000000e+00
0.000000e+00
0.000000e+00
0.000000e+00
0.000000e+00
0.000000e+00
0.000000e+00
0.000000e+00
0.000000e+00
0.000000e+00
0.000000e+00
0.000000e+00
0.000000e+00
0.000000e+00
0.000000e+00
0.000000e+00
0.000000e+00
0.000000e+00
0.000000e+00
0.000000e+00
0.000000e+00
0.000000e+00
0.000000e+00
0.000000e+00
0.000000e+00
0.000000e+00
0.000000e+00
0.000000e+00
0.000000e+00
0.000000e+00
0.000000e+00
0.000000e+00
0.000000e+00
0.000000e+00
0.000000e+00
0.000000e+00
0.000000e+00
0.000000e+00
0.000000e+00
0.000000e+00
0.000000e+00
0.000000e+00
0.000000e+00
0.000000e+00
0.000000e+00
0.000000e+00
0.000000e+00
0.000000e+00
0.000000e+00
0.000000e+00
0.000000e+00
0.000000e+00
0.000000e+00
0.000000e+00
0.000000e+00
0.000000e+00
0.000000e+00
0.000000e+00
0.000000e+00
0.000000e+00
0.000000e+00
0.000000e+00
0.000000e+00
0.000000e+00
0.000000e+00
0.000000e+00
0.000000e+00
0.000000e+00
0.000000e+00
0.000000e+00
0.000000e+00
0.000000e+00
0.000000e+00
0.000000e+00
0.000000e+00
0.000000e+00
0.000000e+00
0.000000e+00
0.000000e+00
0.000000e+00
0.000000e+00
0.000000e+00
0.000000e+00
0.000000e+00
0.000000e+00
0.000000e+00
0.000000e+00
0.000000e+00
0.000000e+00
0.000000e+00
0.000000e+00
0.000000e+00
0.000000e+00
0.000000e+00
0.000000e+00
0.000000e+00
0.000000e+00
0.000000e+00
0.000000e+00
0.000000e+00
0.000000e+00
0.000000e+00
0.000000e+00
0.000000e+00
0.000000e+00
0.000000e+00
0.000000e+00
0.000000e+00
0.000000e+00
0.000000e+00
0.000000e+00
0.000000e+00
0.000000e+00
0.000000e+00
0.000000e+00
0.000000e+00
0.000000e+00
0.000000e+00
0.000000e+00
0.000000e+00
0.000000e+00
0.000000e+00
0.000000e+00
0.000000e+00
0.000000e+00
0.000000e+00
0.000000e+00
0.000000e+00
0.000000e+00
0.000000e+00
0.000000e+00
0.000000e+00
0.000000e+00
0.000000e+00
0.000000e+00
0.000000e+00
0.000000e+00
0.000000e+00
0.000000e+00
0.000000e+00
0.000000e+00
0.000000e+00
0.000000e+00
0.000000e+00
0.000000e+00
0.000000e+00
0.000000e+00
0.000000e+00
0.000000e+00
0.000000e+00
0.000000e+00
0.000000e+00
0.000000e+00
0.000000e+00
0.000000e+00
0.000000e+00
0.000000e+00
0.000000e+00
0.000000e+00
0.000000e+00
0.000000e+00
0.000000e+00
0.000000e+00
0.000000e+00
0.000000e+00
0.000000e+00
0.000000e+00
0.000000e+00
0.000000e+00
0.000000e+00
0.000000e+00
0.000000e+00
0.000000e+00
0.000000e+00
0.000000e+00
0.000000e+00
0.000000e+00
0.000000e+00
0.000000e+00
0.000000e+00
0.000000e+00
0.000000e+00
0.000000e+00
0.000000e+00
0.000000e+00
0.000000e+00
0.000000e+00
0.000000e+00
0.000000e+00
0.000000e+00
0.000000e+00
0.000000e+00
0.000000e+00
0.000000e+00
0.000000e+00
0.000000e+00
0.000000e+00
0.000000e+00
0.000000e+00
0.000000e+00
0.000000e+00
0.000000e+00
0.000000e+00
0.000000e+00
0.000000e+00
0.000000e+00
0.000000e+00
0.000000e+00
0.000000e+00
0.000000e+00
0.000000e+00
0.000000e+00
0.000000e+00
0.000000e+00
0.000000e+00
0.000000e+00
0.000000e+00
0.000000e+00
0.000000e+00
0.000000e+00
0.000000e+00
0.000000e+00
0.000000e+00
0.000000e+00
0.000000e+00
0.000000e+00
0.000000e+00
0.000000e+00
0.000000e+00
0.000000e+00
0.000000e+00
0.000000e+00
0.000000e+00
0.000000e+00
0.000000e+00
0.000000e+00
0.000000e+00
0.000000e+00
0.000000e+00
0.000000e+00
0.000000e+00
0.000000e+00
0.000000e+00
0.000000e+00
0.000000e+00
0.000000e+00
0.000000e+00
0.000000e+00
0.000000e+00
0.000000e+00
0.000000e+00
0.000000e+00
0.000000e+00
0.000000e+00
0.000000e+00
0.000000e+00
0.000000e+00
0.000000e+00
0.000000e+00
0.000000e+00
0.000000e+00
0.000000e+00
0.000000e+00
0.000000e+00
0.000000e+00
0.000000e+00
0.000000e+00
0.000000e+00
0.000000e+00
0.000000e+00
0.000000e+00
0.000000e+00
0.000000e+00
0.000000e+00
0.000000e+00
0.000000e+00
0.000000e+00
0.000000e+00
0.000000e+00
0.000000e+00
0.000000e+00
0.000000e+00
0.000000e+00
0.000000e+00
0.000000e+00
0.000000e+00
0.000000e+00
0.000000e+00
0.000000e+00
0.000000e+00
0.000000e+00
0.000000e+00
0.000000e+00
0.000000e+00
0.000000e+00
0.000000e+00
0.000000e+00
0.000000e+00
0.000000e+00
0.000000e+00
0.000000e+00
0.000000e+00
0.000000e+00
0.000000e+00
0.000000e+00
0.000000e+00
0.000000e+00
0.000000e+00
0.000000e+00
0.000000e+00
0.000000e+00
0.000000e+00
0.000000e+00
0.000000e+00
0.000000e+00
0.000000e+00
0.000000e+00
0.000000e+00
0.000000e+00
0.000000e+00
0.000000e+00
0.000000e+00
0.000000e+00
0.000000e+00
0.000000e+00
0.000000e+00
0.000000e+00
0.000000e+00
0.000000e+00
0.000000e+00
0.000000e+00
0.000000e+00
0.000000e+00
0.000000e+00
0.000000e+00
0.000000e+00
0.000000e+00
0.000000e+00
0.000000e+00
0.000000e+00
0.000000e+00
0.000000e+00
0.000000e+00
0.000000e+00
0.000000e+00
0.000000e+00
0.000000e+00
0.000000e+00
0.000000e+00
0.000000e+00
0.000000e+00
0.000000e+00
0.000000e+00
0.000000e+00
0.000000e+00
0.000000e+00
0.000000e+00
0.000000e+00
0.000000e+00
0.000000e+00
0.000000e+00
0.000000e+00
0.000000e+00
0.000000e+00
0.000000e+00
0.000000e+00
0.000000e+00
0.000000e+00
0.000000e+00
0.000000e+00
0.000000e+00
0.000000e+00
0.000000e+00
0.000000e+00
0.000000e+00
0.000000e+00
0.000000e+00
0.000000e+00
0.000000e+00
0.000000e+00
0.000000e+00
0.000000e+00
0.000000e+00
0.000000e+00
0.000000e+00
0.000000e+00
0.000000e+00
0.000000e+00
0.000000e+00
0.000000e+00
0.000000e+00
0.000000e+00
0.000000e+00
0.000000e+00
0.000000e+00
0.000000e+00
0.000000e+00
0.000000e+00
0.000000e+00
0.000000e+00
0.000000e+00
0.000000e+00
0.000000e+00
0.000000e+00
0.000000e+00
0.000000e+00
0.000000e+00
0.000000e+00
0.000000e+00
0.000000e+00
0.000000e+00
0.000000e+00
0.000000e+00
0.000000e+00
0.000000e+00
0.000000e+00
0.000000e+00
0.000000e+00
0.000000e+00
0.000000e+00
0.000000e+00
0.000000e+00
0.000000e+00
0.000000e+00
0.000000e+00
0.000000e+00
0.000000e+00
0.000000e+00
0.000000e+00
0.000000e+00
0.000000e+00
0.000000e+00
0.000000e+00
0.000000e+00
0.000000e+00
0.000000e+00
0.000000e+00
0.000000e+00
0.000000e+00
0.000000e+00
0.000000e+00
0.000000e+00
0.000000e+00
0.000000e+00
0.000000e+00
0.000000e+00
0.000000e+00
0.000000e+00
0.000000e+00
0.000000e+00
0.000000e+00
0.000000e+00
0.000000e+00
0.000000e+00
0.000000e+00
0.000000e+00
0.000000e+00
0.000000e+00
0.000000e+00
0.000000e+00
0.000000e+00
0.000000e+00
0.000000e+00
0.000000e+00
0.000000e+00
0.000000e+00
0.000000e+00
0.000000e+00
0.000000e+00
0.000000e+00
0.000000e+00
0.000000e+00
0.000000e+00
0.000000e+00
0.000000e+00
0.000000e+00
0.000000e+00
0.000000e+00
0.000000e+00
0.000000e+00
0.000000e+00
0.000000e+00
0.000000e+00
0.000000e+00
0.000000e+00
0.000000e+00
0.000000e+00
0.000000e+00
0.000000e+00
0.000000e+00
0.000000e+00
0.000000e+00
0.000000e+00
0.000000e+00
0.000000e+00
0.000000e+00
0.000000e+00
0.000000e+00
0.000000e+00
0.000000e+00
0.000000e+00
0.000000e+00
0.000000e+00
0.000000e+00
0.000000e+00
0.000000e+00
0.000000e+00
0.000000e+00
0.000000e+00
0.000000e+00
0.000000e+00
0.000000e+00
0.000000e+00
0.000000e+00
0.000000e+00
0.000000e+00
0.000000e+00
0.000000e+00
0.000000e+00
0.000000e+00
0.000000e+00
0.000000e+00
0.000000e+00
0.000000e+00
0.000000e+00
0.000000e+00
0.000000e+00
0.000000e+00
0.000000e+00
0.000000e+00
0.000000e+00
0.000000e+00
0.000000e+00
0.000000e+00
0.000000e+00
0.000000e+00
0.000000e+00
0.000000e+00
0.000000e+00
0.000000e+00
0.000000e+00
0.000000e+00
0.000000e+00
0.000000e+00
0.000000e+00
0.000000e+00
0.000000e+00
0.000000e+00
0.000000e+00
0.000000e+00
0.000000e+00
0.000000e+00
0.000000e+00
0.000000e+00
0.000000e+00
0.000000e+00
0.000000e+00
0.000000e+00
0.000000e+00
0.000000e+00
0.000000e+00
0.000000e+00
0.000000e+00
0.000000e+00
0.000000e+00
0.000000e+00
0.000000e+00
0.000000e+00
0.000000e+00
0.000000e+00
0.000000e+00
0.000000e+00
0.000000e+00
0.000000e+00
0.000000e+00
0.000000e+00
0.000000e+00
0.000000e+00
0.000000e+00
0.000000e+00
0.000000e+00
0.000000e+00
0.000000e+00
0.000000e+00
0.000000e+00
0.000000e+00
0.000000e+00
0.000000e+00
0.000000e+00
0.000000e+00
0.000000e+00
0.000000e+00
0.000000e+00
0.000000e+00
0.000000e+00
0.000000e+00
0.000000e+00
0.000000e+00
0.000000e+00
0.000000e+00
0.000000e+00
0.000000e+00
0.000000e+00
0.000000e+00
0.000000e+00
0.000000e+00
0.000000e+00
0.000000e+00
0.000000e+00
0.000000e+00
0.000000e+00
0.000000e+00
0.000000e+00
0.000000e+00
0.000000e+00
0.000000e+00
0.000000e+00
0.000000e+00
0.000000e+00
0.000000e+00
0.000000e+00
0.000000e+00
0.000000e+00
0.000000e+00
0.000000e+00
0.000000e+00
0.000000e+00
0.000000e+00
0.000000e+00
0.000000e+00
0.000000e+00
0.000000e+00
0.000000e+00
0.000000e+00
0.000000e+00
0.000000e+00
0.000000e+00
0.000000e+00
0.000000e+00
0.000000e+00
0.000000e+00
0.000000e+00
0.000000e+00
0.000000e+00
0.000000e+00
0.000000e+00
0.000000e+00
0.000000e+00
0.000000e+00
0.000000e+00
0.000000e+00
0.000000e+00
0.000000e+00
0.000000e+00
0.000000e+00
0.000000e+00
0.000000e+00
0.000000e+00
0.000000e+00
0.000000e+00
0.000000e+00
0.000000e+00
0.000000e+00
0.000000e+00
0.000000e+00
0.000000e+00
0.000000e+00
0.000000e+00
0.000000e+00
0.000000e+00
0.000000e+00
0.000000e+00
0.000000e+00
0.000000e+00
0.000000e+00
0.000000e+00
0.000000e+00
0.000000e+00
0.000000e+00
0.000000e+00
0.000000e+00
0.000000e+00
0.000000e+00
0.000000e+00
0.000000e+00
0.000000e+00
0.000000e+00
0.000000e+00
0.000000e+00
0.000000e+00
0.000000e+00
0.000000e+00
0.000000e+00
0.000000e+00
0.000000e+00
0.000000e+00
0.000000e+00
0.000000e+00
0.000000e+00
0.000000e+00
0.000000e+00
0.000000e+00
0.000000e+00
0.000000e+00
0.000000e+00
0.000000e+00
0.000000e+00
0.000000e+00
0.000000e+00
0.000000e+00
0.000000e+00
0.000000e+00
0.000000e+00
0.000000e+00
0.000000e+00
0.000000e+00
0.000000e+00
0.000000e+00
0.000000e+00
0.000000e+00
0.000000e+00
0.000000e+00
0.000000e+00
0.000000e+00
0.000000e+00
0.000000e+00
0.000000e+00
0.000000e+00
0.000000e+00
0.000000e+00
0.000000e+00
0.000000e+00
0.000000e+00
0.000000e+00
0.000000e+00
0.000000e+00
0.000000e+00
0.000000e+00
0.000000e+00
0.000000e+00
0.000000e+00
0.000000e+00
0.000000e+00
0.000000e+00
0.000000e+00
0.000000e+00
0.000000e+00
0.000000e+00
0.000000e+00
0.000000e+00
0.000000e+00
0.000000e+00
0.000000e+00
0.000000e+00
0.000000e+00
0.000000e+00
0.000000e+00
0.000000e+00
0.000000e+00
0.000000e+00
0.000000e+00
0.000000e+00
0.000000e+00
0.000000e+00
0.000000e+00
0.000000e+00
0.000000e+00
0.000000e+00
0.000000e+00
0.000000e+00
0.000000e+00
0.000000e+00
0.000000e+00
0.000000e+00
0.000000e+00
0.000000e+00
0.000000e+00
0.000000e+00
0.000000e+00
0.000000e+00
0.000000e+00
0.000000e+00
0.000000e+00
0.000000e+00
0.000000e+00
0.000000e+00
0.000000e+00
0.000000e+00
0.000000e+00
0.000000e+00
0.000000e+00
0.000000e+00
0.000000e+00
0.000000e+00
0.000000e+00
0.000000e+00
