1.060000e+08
1.060500e+08
1.061000e+08
1.061500e+08
1.062000e+08
1.062500e+08
1.063000e+08
1.063500e+08
1.064000e+08
1.064500e+08
1.065000e+08
1.065500e+08
1.066000e+08
1.066500e+08
1.067000e+08
1.067500e+08
1.068000e+08
1.068500e+08
1.069000e+08
1.069500e+08
1.070000e+08
1.070500e+08
1.071000e+08
1.071500e+08
1.072000e+08
1.072500e+08
1.073000e+08
1.073500e+08
1.074000e+08
1.074500e+08
1.075000e+08
1.075500e+08
1.076000e+08
1.076500e+08
1.077000e+08
1.077500e+08
1.078000e+08
1.078500e+08
1.079000e+08
1.079500e+08
1.080000e+08
1.080500e+08
1.081000e+08
1.081500e+08
1.082000e+08
1.082500e+08
1.083000e+08
1.083500e+08
1.084000e+08
1.084500e+08
1.085000e+08
1.085500e+08
1.086000e+08
1.086500e+08
1.087000e+08
1.087500e+08
1.088000e+08
1.088500e+08
1.089000e+08
1.089500e+08
1.090000e+08
1.090500e+08
1.091000e+08
1.091500e+08
1.092000e+08
1.092500e+08
1.093000e+08
1.093500e+08
1.094000e+08
1.094500e+08
1.095000e+08
1.095500e+08
1.096000e+08
1.096500e+08
1.097000e+08
1.097500e+08
1.098000e+08
1.098500e+08
1.099000e+08
1.099500e+08
1.100000e+08
1.100500e+08
1.101000e+08
1.101500e+08
1.102000e+08
1.102500e+08
1.103000e+08
1.103500e+08
1.104000e+08
1.104500e+08
1.105000e+08
1.105500e+08
1.106000e+08
1.106500e+08
1.107000e+08
1.107500e+08
1.108000e+08
1.108500e+08
1.109000e+08
1.109500e+08
1.110000e+08
