6.728843e+05
7.004065e+05
7.285183e+05
7.572174e+05
7.865013e+05
8.163677e+05
8.468141e+05
8.778380e+05
9.094369e+05
9.416083e+05
9.743495e+05
1.007658e+06
1.041531e+06
1.075966e+06
1.110959e+06
1.146509e+06
1.182613e+06
1.219267e+06
1.256469e+06
1.294216e+06
1.332504e+06
1.371331e+06
1.410694e+06
1.450589e+06
1.491014e+06
1.531965e+06
1.573440e+06
1.615434e+06
1.657945e+06
1.700969e+06
1.744502e+06
1.788543e+06
1.833086e+06
1.878129e+06
1.923667e+06
1.969698e+06
2.016218e+06
2.063223e+06
2.110710e+06
2.158674e+06
2.207112e+06
2.256021e+06
2.305395e+06
2.355232e+06
2.405528e+06
2.456278e+06
2.507479e+06
2.559126e+06
2.611215e+06
2.663743e+06
2.716705e+06
2.770097e+06
2.823914e+06
2.878153e+06
2.932809e+06
2.987877e+06
3.043354e+06
3.099234e+06
3.155514e+06
3.212189e+06
3.269254e+06
3.326704e+06
3.384536e+06
3.442744e+06
3.501324e+06
3.560270e+06
3.619579e+06
3.679245e+06
3.739263e+06
3.799629e+06
3.860337e+06
3.921383e+06
3.982762e+06
4.044468e+06
4.106497e+06
4.168843e+06
4.231501e+06
4.294467e+06
4.357734e+06
4.421298e+06
4.485153e+06
4.549294e+06
4.613715e+06
4.678412e+06
4.743379e+06
4.808609e+06
4.874099e+06
4.939842e+06
5.005833e+06
5.072066e+06
5.138536e+06
5.205236e+06
5.272162e+06
5.339308e+06
5.406667e+06
5.474235e+06
5.542005e+06
5.609971e+06
5.678128e+06
5.746470e+06
5.814991e+06
