8.804934e+05
9.110122e+05
9.420567e+05
9.736245e+05
1.005713e+06
1.038319e+06
1.071441e+06
1.105076e+06
1.139220e+06
1.173871e+06
1.209027e+06
1.244685e+06
1.280841e+06
1.317492e+06
1.354637e+06
1.392271e+06
1.430392e+06
1.468997e+06
1.508082e+06
1.547644e+06
1.587681e+06
1.628188e+06
1.669164e+06
1.710604e+06
1.752505e+06
1.794863e+06
1.837676e+06
1.880940e+06
1.924651e+06
1.968806e+06
2.013401e+06
2.058433e+06
2.103898e+06
2.149793e+06
2.196113e+06
2.242854e+06
2.290014e+06
2.337588e+06
2.385573e+06
2.433964e+06
2.482757e+06
2.531949e+06
2.581536e+06
2.631513e+06
2.681876e+06
2.732622e+06
2.783745e+06
2.835243e+06
2.887110e+06
2.939342e+06
2.991935e+06
3.044885e+06
3.098187e+06
3.151837e+06
3.205830e+06
3.260162e+06
3.314828e+06
3.369824e+06
3.425146e+06
3.480787e+06
3.536744e+06
3.593013e+06
3.649588e+06
3.706464e+06
3.763637e+06
3.821101e+06
3.878853e+06
3.936887e+06
3.995198e+06
4.053781e+06
4.112631e+06
4.171743e+06
4.231112e+06
4.290733e+06
4.350600e+06
4.410710e+06
4.471055e+06
4.531632e+06
4.592434e+06
4.653457e+06
4.714696e+06
4.776144e+06
4.837796e+06
4.899648e+06
4.961694e+06
5.023927e+06
5.086344e+06
5.148938e+06
5.211703e+06
5.274635e+06
5.337727e+06
5.400974e+06
5.464370e+06
5.527911e+06
5.591589e+06
5.655400e+06
5.719337e+06
5.783395e+06
5.847568e+06
5.911851e+06
5.976237e+06
