1.75607712
1.75607912
1.75608212
1.75608512
1.75608812
1.75609012
1.75609312
1.75609612
1.75609912
1.75610212
1.75610512
1.75610812
1.75611112
1.75611412
1.75611812
1.75612112
1.75612412
1.75612712
1.75613112
1.75613412
1.75613812
1.75614112
1.75614512
1.75614812
1.75615212
1.75615612
1.75616012
1.75616312
1.75616712
1.75617112
1.75617512
1.75617912
1.75618412
1.75618812
1.75619212
1.75619612
1.75620112
1.75620512
1.75621012
1.75621512
1.75621912
1.75622412
1.75622912
1.75623412
1.75623912
1.75624412
1.75625012
1.75625512
1.75626112
1.75626612
1.75627212
1.75627812
1.75628412
1.75629012
1.75629612
1.75630212
1.75630812
1.75631512
1.75632112
1.75632812
1.75633512
1.75634212
1.75634912
1.75635712
1.75636412
1.75637212
1.75638012
1.75638812
1.75639612
1.75640412
1.75641312
1.75642212
1.75643112
1.75644012
1.75644912
1.75645912
1.75646812
1.75647912
1.75648912
1.75649912
1.75651012
1.75652112
1.75653312
1.75654412
1.75655612
1.75656912
1.75658112
1.75659412
1.75660812
1.75662112
1.75663512
1.75665012
1.75666512
1.75668012
1.75669612
1.75671212
1.75672912
1.75674612
1.75676312
1.75678212
1.75680012
