1.75610312
1.75610612
1.75610912
1.75611212
1.75611412
1.75611812
1.75612112
1.75612412
1.75612712
1.75613012
1.75613312
1.75613712
1.75614012
1.75614312
1.75614712
1.75615012
1.75615412
1.75615712
1.75616112
1.75616512
1.75616812
1.75617212
1.75617612
1.75618012
1.75618412
1.75618812
1.75619212
1.75619612
1.75620012
1.75620512
1.75620912
1.75621412
1.75621812
1.75622312
1.75622712
1.75623212
1.75623712
1.75624212
1.75624712
1.75625212
1.75625712
1.75626212
1.75626812
1.75627312
1.75627912
1.75628412
1.75629012
1.75629612
1.75630212
1.75630812
1.75631412
1.75632112
1.75632712
1.75633412
1.75634112
1.75634712
1.75635412
1.75636212
1.75636912
1.75637612
1.75638412
1.75639212
1.75640012
1.75640812
1.75641612
1.75642412
1.75643312
1.75644212
1.75645112
1.75646012
1.75647012
1.75648012
1.75649012
1.75650012
1.75651012
1.75652112
1.75653212
1.75654312
1.75655512
1.75656612
1.75657812
1.75659112
1.75660412
1.75661712
1.75663012
1.75664412
1.75665812
1.75667312
1.75668812
1.75670312
1.75671912
1.75673612
1.75675212
1.75677012
1.75678712
1.75680612
1.75682512
1.75684412
1.75686412
1.75688512
1.75690612
