6.594100e+07
6.594015e+07
6.593996e+07
6.593985e+07
6.593978e+07
6.593972e+07
6.593968e+07
6.593964e+07
6.593961e+07
6.593958e+07
6.593955e+07
6.593953e+07
6.593950e+07
6.593948e+07
6.593947e+07
6.593945e+07
6.593943e+07
6.593941e+07
6.593940e+07
6.593938e+07
6.593937e+07
6.593936e+07
6.593934e+07
6.593933e+07
6.593932e+07
6.593931e+07
6.593930e+07
6.593929e+07
6.593927e+07
6.593926e+07
6.593925e+07
6.593924e+07
6.593923e+07
6.593922e+07
6.593921e+07
6.593920e+07
6.593919e+07
6.593918e+07
6.593917e+07
6.593917e+07
6.593916e+07
6.593915e+07
6.593914e+07
6.593913e+07
6.593912e+07
6.593911e+07
6.593910e+07
6.593909e+07
6.593908e+07
6.593907e+07
6.593907e+07
6.593906e+07
6.593905e+07
6.593904e+07
6.593903e+07
6.593902e+07
6.593901e+07
6.593900e+07
6.593900e+07
6.593899e+07
6.593898e+07
6.593897e+07
6.593896e+07
6.593895e+07
6.593894e+07
6.593893e+07
6.593892e+07
6.593892e+07
6.593891e+07
6.593890e+07
6.593889e+07
6.593888e+07
6.593887e+07
6.593886e+07
6.593885e+07
6.593884e+07
6.593883e+07
6.593882e+07
6.593881e+07
6.593880e+07
6.593879e+07
6.593879e+07
6.593878e+07
6.593877e+07
6.593876e+07
6.593875e+07
6.593874e+07
6.593873e+07
6.593872e+07
6.593871e+07
6.593870e+07
6.593869e+07
6.593868e+07
6.593867e+07
6.593866e+07
6.593865e+07
6.593864e+07
6.593862e+07
6.593861e+07
6.593860e+07
6.593859e+07
6.593858e+07
6.593857e+07
6.593856e+07
6.593855e+07
6.593854e+07
6.593853e+07
6.593852e+07
6.593850e+07
6.593849e+07
6.593848e+07
6.593847e+07
6.593846e+07
6.593845e+07
6.593844e+07
6.593842e+07
6.593841e+07
6.593840e+07
6.593839e+07
6.593838e+07
6.593836e+07
6.593835e+07
6.593834e+07
6.593833e+07
6.593831e+07
6.593830e+07
6.593829e+07
6.593828e+07
6.593826e+07
6.593825e+07
6.593824e+07
6.593822e+07
6.593821e+07
6.593820e+07
6.593819e+07
6.593817e+07
6.593816e+07
6.593814e+07
6.593813e+07
6.593812e+07
6.593810e+07
6.593809e+07
6.593808e+07
6.593806e+07
6.593805e+07
6.593803e+07
6.593802e+07
6.593800e+07
6.593799e+07
6.593797e+07
6.593796e+07
6.593794e+07
6.593793e+07
6.593791e+07
6.593790e+07
6.593788e+07
6.593787e+07
6.593785e+07
6.593784e+07
6.593782e+07
6.593781e+07
6.593779e+07
6.593777e+07
6.593776e+07
6.593774e+07
6.593773e+07
6.593771e+07
6.593769e+07
6.593768e+07
6.593766e+07
6.593764e+07
6.593763e+07
6.593761e+07
6.593759e+07
6.593757e+07
6.593756e+07
6.593754e+07
6.593752e+07
6.593750e+07
6.593749e+07
6.593747e+07
6.593745e+07
6.593743e+07
6.593741e+07
6.593739e+07
6.593738e+07
6.593736e+07
6.593734e+07
6.593732e+07
6.593730e+07
6.593728e+07
6.593726e+07
6.593724e+07
6.593722e+07
6.593720e+07
6.593718e+07
6.593716e+07
6.593714e+07
6.593712e+07
6.593710e+07
6.593708e+07
6.593706e+07
6.593704e+07
6.593702e+07
6.593700e+07
6.593698e+07
6.593695e+07
6.593693e+07
6.593691e+07
6.593689e+07
6.593687e+07
6.593685e+07
6.593682e+07
6.593680e+07
6.593678e+07
6.593676e+07
6.593673e+07
6.593671e+07
6.593669e+07
6.593666e+07
6.593664e+07
6.593662e+07
6.593659e+07
6.593657e+07
6.593654e+07
6.593652e+07
6.593650e+07
6.593647e+07
6.593645e+07
6.593642e+07
6.593640e+07
6.593637e+07
6.593635e+07
6.593632e+07
6.593629e+07
6.593627e+07
6.593624e+07
6.593621e+07
6.593619e+07
6.593616e+07
6.593613e+07
6.593611e+07
6.593608e+07
6.593605e+07
6.593602e+07
6.593600e+07
6.593597e+07
6.593594e+07
6.593591e+07
6.593588e+07
6.593585e+07
6.593582e+07
6.593579e+07
6.593576e+07
6.593573e+07
6.593570e+07
6.593567e+07
6.593564e+07
6.593561e+07
6.593558e+07
6.593555e+07
6.593551e+07
6.593548e+07
6.593545e+07
6.593542e+07
6.593538e+07
6.593535e+07
6.593532e+07
6.593528e+07
6.593525e+07
6.593521e+07
6.593518e+07
6.593514e+07
6.593511e+07
6.593507e+07
6.593504e+07
6.593500e+07
6.593496e+07
6.593493e+07
6.593489e+07
6.593485e+07
6.593481e+07
6.593477e+07
6.593473e+07
6.593469e+07
6.593465e+07
6.593461e+07
6.593457e+07
6.593453e+07
6.593449e+07
6.593445e+07
6.593440e+07
6.593436e+07
6.593432e+07
6.593427e+07
6.593423e+07
6.593418e+07
6.593414e+07
6.593409e+07
6.593404e+07
6.593400e+07
6.593395e+07
6.593390e+07
6.593385e+07
6.593380e+07
6.593375e+07
6.593370e+07
6.593365e+07
6.593359e+07
6.593354e+07
6.593349e+07
6.593343e+07
6.593338e+07
6.593332e+07
6.593326e+07
6.593320e+07
6.593315e+07
6.593309e+07
6.593303e+07
6.593296e+07
6.593290e+07
6.593284e+07
6.593277e+07
6.593271e+07
6.593264e+07
6.593257e+07
6.593251e+07
6.593244e+07
6.593237e+07
6.593229e+07
6.593222e+07
6.593215e+07
6.593207e+07
6.593199e+07
6.593191e+07
6.593183e+07
6.593175e+07
6.593167e+07
6.593159e+07
6.593150e+07
6.593141e+07
6.593132e+07
6.593123e+07
6.593114e+07
6.593105e+07
6.593095e+07
6.593085e+07
6.593075e+07
6.593065e+07
6.593055e+07
6.593044e+07
6.593034e+07
6.593023e+07
6.593011e+07
6.593000e+07
6.592988e+07
6.592976e+07
6.592964e+07
6.592951e+07
6.592939e+07
6.592926e+07
6.592912e+07
6.592899e+07
6.592885e+07
6.592871e+07
6.592856e+07
6.592841e+07
6.592826e+07
6.592811e+07
6.592795e+07
6.592778e+07
6.592762e+07
6.592745e+07
6.592727e+07
6.592709e+07
6.592691e+07
6.592672e+07
6.592653e+07
6.592633e+07
6.592613e+07
6.592593e+07
6.592571e+07
6.592550e+07
6.592528e+07
6.592505e+07
6.592481e+07
6.592457e+07
6.592433e+07
6.592408e+07
6.592382e+07
6.592355e+07
6.592328e+07
6.592300e+07
6.592272e+07
6.592242e+07
6.592212e+07
6.592181e+07
6.592150e+07
6.592117e+07
6.592084e+07
6.592049e+07
6.592014e+07
6.591978e+07
6.591941e+07
6.591902e+07
6.591863e+07
6.591823e+07
6.591782e+07
6.591739e+07
6.591695e+07
6.591650e+07
6.591604e+07
6.591557e+07
6.591508e+07
6.591458e+07
6.591406e+07
6.591353e+07
6.591299e+07
6.591243e+07
6.591185e+07
6.591126e+07
6.591065e+07
6.591002e+07
6.590938e+07
6.590872e+07
6.590804e+07
6.590734e+07
6.590661e+07
6.590587e+07
6.590511e+07
6.590432e+07
6.590352e+07
6.590268e+07
6.590183e+07
6.590095e+07
6.590004e+07
6.589911e+07
6.589815e+07
6.589716e+07
6.589614e+07
6.589510e+07
6.589402e+07
6.589291e+07
6.589177e+07
6.589059e+07
6.588938e+07
6.588814e+07
6.588686e+07
6.588554e+07
6.588418e+07
6.588278e+07
6.588133e+07
6.587985e+07
6.587832e+07
6.587674e+07
6.587512e+07
6.587345e+07
6.587173e+07
6.586996e+07
6.586814e+07
6.586626e+07
6.586432e+07
6.586233e+07
6.586027e+07
6.585816e+07
6.585598e+07
6.585373e+07
6.585142e+07
6.584904e+07
6.584658e+07
6.584405e+07
6.584145e+07
6.583876e+07
6.583600e+07
6.583315e+07
6.583021e+07
6.582718e+07
6.582407e+07
6.582086e+07
6.581755e+07
6.581414e+07
6.581062e+07
6.580700e+07
6.580327e+07
6.579942e+07
6.579546e+07
6.579138e+07
6.578717e+07
6.578283e+07
6.577836e+07
6.577376e+07
6.576901e+07
6.576412e+07
6.575908e+07
6.575388e+07
6.574852e+07
6.574300e+07
6.573731e+07
6.573145e+07
6.572540e+07
6.571917e+07
6.571275e+07
6.570613e+07
6.569931e+07
6.569228e+07
6.568503e+07
6.567756e+07
6.566986e+07
6.566192e+07
6.565373e+07
6.564529e+07
6.563660e+07
6.562763e+07
6.561839e+07
6.560886e+07
6.559904e+07
6.558891e+07
6.557847e+07
6.556771e+07
6.555662e+07
6.554518e+07
6.553339e+07
6.552123e+07
6.550869e+07
6.549577e+07
6.548245e+07
6.546871e+07
6.545455e+07
6.543994e+07
6.542489e+07
6.540936e+07
6.539335e+07
6.537685e+07
6.535983e+07
6.534228e+07
6.532419e+07
6.530553e+07
6.528629e+07
6.526645e+07
6.524600e+07
6.522490e+07
6.520315e+07
6.518071e+07
6.515758e+07
6.513372e+07
6.510912e+07
6.508375e+07
6.505758e+07
6.503060e+07
6.500276e+07
6.497406e+07
6.494446e+07
6.491392e+07
6.488243e+07
6.484995e+07
6.481645e+07
6.478189e+07
6.474625e+07
6.470949e+07
6.467156e+07
6.463244e+07
6.459209e+07
6.455046e+07
6.450752e+07
6.446322e+07
6.441751e+07
6.437036e+07
6.432172e+07
6.427153e+07
6.421975e+07
6.416632e+07
6.411120e+07
6.405432e+07
6.399562e+07
6.393506e+07
6.387256e+07
6.380807e+07
6.374151e+07
6.367282e+07
6.360193e+07
6.352876e+07
6.345324e+07
6.337529e+07
6.329483e+07
6.321178e+07
6.312604e+07
6.303752e+07
6.294614e+07
6.285179e+07
6.275438e+07
6.265380e+07
6.254993e+07
6.244268e+07
6.233191e+07
6.221751e+07
6.209935e+07
6.197731e+07
6.185124e+07
6.172100e+07
6.158645e+07
6.144743e+07
6.130378e+07
6.115534e+07
6.100194e+07
6.084339e+07
6.067951e+07
6.051010e+07
6.033495e+07
6.015387e+07
5.996661e+07
5.977296e+07
5.957267e+07
5.936549e+07
5.915115e+07
5.892938e+07
5.869989e+07
5.846237e+07
5.821651e+07
5.796197e+07
5.769840e+07
5.742544e+07
5.714269e+07
5.684975e+07
5.654619e+07
5.623156e+07
5.590538e+07
5.556715e+07
5.521632e+07
5.485234e+07
5.447461e+07
5.408249e+07
5.367530e+07
5.325231e+07
5.281277e+07
5.235585e+07
5.188066e+07
5.138627e+07
5.087165e+07
5.033571e+07
4.977728e+07
4.919506e+07
4.858766e+07
4.795358e+07
4.729115e+07
4.659855e+07
4.587378e+07
4.511462e+07
4.431861e+07
4.348298e+07
4.260463e+07
4.168005e+07
4.070525e+07
3.967562e+07
3.858583e+07
3.742962e+07
3.619957e+07
3.488674e+07
3.348020e+07
3.196634e+07
3.032777e+07
2.854164e+07
2.657689e+07
2.438931e+07
2.191215e+07
1.903653e+07
1.556565e+07
1.109417e+07
0.000000e+00
0.000000e+00
0.000000e+00
0.000000e+00
0.000000e+00
0.000000e+00
0.000000e+00
0.000000e+00
0.000000e+00
0.000000e+00
0.000000e+00
0.000000e+00
0.000000e+00
0.000000e+00
0.000000e+00
0.000000e+00
0.000000e+00
0.000000e+00
0.000000e+00
0.000000e+00
0.000000e+00
0.000000e+00
0.000000e+00
0.000000e+00
0.000000e+00
0.000000e+00
0.000000e+00
0.000000e+00
0.000000e+00
0.000000e+00
0.000000e+00
0.000000e+00
0.000000e+00
0.000000e+00
0.000000e+00
0.000000e+00
0.000000e+00
0.000000e+00
0.000000e+00
0.000000e+00
0.000000e+00
0.000000e+00
0.000000e+00
0.000000e+00
0.000000e+00
0.000000e+00
0.000000e+00
0.000000e+00
0.000000e+00
0.000000e+00
0.000000e+00
0.000000e+00
0.000000e+00
0.000000e+00
0.000000e+00
0.000000e+00
0.000000e+00
0.000000e+00
0.000000e+00
0.000000e+00
0.000000e+00
0.000000e+00
0.000000e+00
0.000000e+00
0.000000e+00
0.000000e+00
0.000000e+00
0.000000e+00
0.000000e+00
0.000000e+00
0.000000e+00
0.000000e+00
0.000000e+00
0.000000e+00
0.000000e+00
0.000000e+00
0.000000e+00
0.000000e+00
0.000000e+00
0.000000e+00
0.000000e+00
0.000000e+00
0.000000e+00
0.000000e+00
0.000000e+00
0.000000e+00
0.000000e+00
0.000000e+00
0.000000e+00
0.000000e+00
0.000000e+00
0.000000e+00
0.000000e+00
0.000000e+00
0.000000e+00
0.000000e+00
0.000000e+00
0.000000e+00
0.000000e+00
0.000000e+00
0.000000e+00
0.000000e+00
0.000000e+00
0.000000e+00
0.000000e+00
0.000000e+00
0.000000e+00
0.000000e+00
0.000000e+00
0.000000e+00
0.000000e+00
0.000000e+00
0.000000e+00
0.000000e+00
0.000000e+00
0.000000e+00
0.000000e+00
0.000000e+00
0.000000e+00
0.000000e+00
0.000000e+00
0.000000e+00
0.000000e+00
0.000000e+00
0.000000e+00
0.000000e+00
0.000000e+00
0.000000e+00
0.000000e+00
0.000000e+00
0.000000e+00
0.000000e+00
0.000000e+00
0.000000e+00
0.000000e+00
0.000000e+00
0.000000e+00
0.000000e+00
0.000000e+00
0.000000e+00
0.000000e+00
0.000000e+00
0.000000e+00
0.000000e+00
0.000000e+00
0.000000e+00
0.000000e+00
0.000000e+00
0.000000e+00
0.000000e+00
0.000000e+00
0.000000e+00
0.000000e+00
0.000000e+00
0.000000e+00
0.000000e+00
0.000000e+00
0.000000e+00
0.000000e+00
0.000000e+00
0.000000e+00
0.000000e+00
0.000000e+00
0.000000e+00
0.000000e+00
0.000000e+00
0.000000e+00
0.000000e+00
0.000000e+00
0.000000e+00
0.000000e+00
0.000000e+00
0.000000e+00
0.000000e+00
0.000000e+00
0.000000e+00
0.000000e+00
0.000000e+00
0.000000e+00
0.000000e+00
0.000000e+00
0.000000e+00
0.000000e+00
0.000000e+00
0.000000e+00
0.000000e+00
0.000000e+00
0.000000e+00
0.000000e+00
0.000000e+00
0.000000e+00
0.000000e+00
0.000000e+00
0.000000e+00
0.000000e+00
0.000000e+00
0.000000e+00
0.000000e+00
0.000000e+00
0.000000e+00
0.000000e+00
0.000000e+00
0.000000e+00
0.000000e+00
0.000000e+00
0.000000e+00
0.000000e+00
0.000000e+00
0.000000e+00
0.000000e+00
0.000000e+00
0.000000e+00
0.000000e+00
0.000000e+00
0.000000e+00
0.000000e+00
0.000000e+00
0.000000e+00
0.000000e+00
0.000000e+00
0.000000e+00
0.000000e+00
0.000000e+00
0.000000e+00
0.000000e+00
0.000000e+00
0.000000e+00
0.000000e+00
0.000000e+00
0.000000e+00
0.000000e+00
0.000000e+00
0.000000e+00
0.000000e+00
0.000000e+00
0.000000e+00
0.000000e+00
0.000000e+00
0.000000e+00
0.000000e+00
0.000000e+00
0.000000e+00
0.000000e+00
0.000000e+00
0.000000e+00
0.000000e+00
0.000000e+00
0.000000e+00
0.000000e+00
0.000000e+00
0.000000e+00
0.000000e+00
0.000000e+00
0.000000e+00
0.000000e+00
0.000000e+00
0.000000e+00
0.000000e+00
0.000000e+00
0.000000e+00
0.000000e+00
0.000000e+00
0.000000e+00
0.000000e+00
0.000000e+00
0.000000e+00
0.000000e+00
0.000000e+00
0.000000e+00
0.000000e+00
0.000000e+00
0.000000e+00
0.000000e+00
0.000000e+00
0.000000e+00
0.000000e+00
0.000000e+00
0.000000e+00
0.000000e+00
0.000000e+00
0.000000e+00
0.000000e+00
0.000000e+00
0.000000e+00
0.000000e+00
0.000000e+00
0.000000e+00
0.000000e+00
0.000000e+00
0.000000e+00
0.000000e+00
0.000000e+00
0.000000e+00
0.000000e+00
0.000000e+00
0.000000e+00
0.000000e+00
0.000000e+00
0.000000e+00
0.000000e+00
0.000000e+00
0.000000e+00
0.000000e+00
0.000000e+00
0.000000e+00
0.000000e+00
0.000000e+00
0.000000e+00
0.000000e+00
0.000000e+00
0.000000e+00
0.000000e+00
0.000000e+00
0.000000e+00
0.000000e+00
0.000000e+00
0.000000e+00
0.000000e+00
0.000000e+00
0.000000e+00
0.000000e+00
0.000000e+00
0.000000e+00
0.000000e+00
0.000000e+00
0.000000e+00
0.000000e+00
0.000000e+00
0.000000e+00
0.000000e+00
0.000000e+00
0.000000e+00
0.000000e+00
0.000000e+00
0.000000e+00
0.000000e+00
0.000000e+00
0.000000e+00
0.000000e+00
0.000000e+00
0.000000e+00
0.000000e+00
0.000000e+00
0.000000e+00
0.000000e+00
0.000000e+00
0.000000e+00
0.000000e+00
0.000000e+00
0.000000e+00
0.000000e+00
0.000000e+00
0.000000e+00
0.000000e+00
0.000000e+00
0.000000e+00
0.000000e+00
0.000000e+00
0.000000e+00
0.000000e+00
0.000000e+00
0.000000e+00
0.000000e+00
0.000000e+00
0.000000e+00
0.000000e+00
0.000000e+00
0.000000e+00
0.000000e+00
0.000000e+00
0.000000e+00
0.000000e+00
0.000000e+00
0.000000e+00
0.000000e+00
0.000000e+00
0.000000e+00
0.000000e+00
0.000000e+00
0.000000e+00
0.000000e+00
0.000000e+00
0.000000e+00
0.000000e+00
0.000000e+00
0.000000e+00
0.000000e+00
0.000000e+00
0.000000e+00
0.000000e+00
0.000000e+00
0.000000e+00
0.000000e+00
0.000000e+00
0.000000e+00
0.000000e+00
0.000000e+00
0.000000e+00
0.000000e+00
0.000000e+00
0.000000e+00
0.000000e+00
0.000000e+00
0.000000e+00
0.000000e+00
0.000000e+00
0.000000e+00
0.000000e+00
0.000000e+00
0.000000e+00
0.000000e+00
0.000000e+00
0.000000e+00
0.000000e+00
0.000000e+00
0.000000e+00
0.000000e+00
0.000000e+00
0.000000e+00
0.000000e+00
0.000000e+00
0.000000e+00
0.000000e+00
0.000000e+00
0.000000e+00
0.000000e+00
0.000000e+00
0.000000e+00
0.000000e+00
0.000000e+00
0.000000e+00
0.000000e+00
0.000000e+00
0.000000e+00
0.000000e+00
0.000000e+00
0.000000e+00
0.000000e+00
0.000000e+00
0.000000e+00
0.000000e+00
0.000000e+00
0.000000e+00
0.000000e+00
0.000000e+00
0.000000e+00
0.000000e+00
0.000000e+00
0.000000e+00
0.000000e+00
0.000000e+00
0.000000e+00
0.000000e+00
0.000000e+00
0.000000e+00
0.000000e+00
0.000000e+00
0.000000e+00
0.000000e+00
0.000000e+00
0.000000e+00
0.000000e+00
0.000000e+00
0.000000e+00
0.000000e+00
0.000000e+00
0.000000e+00
0.000000e+00
0.000000e+00
0.000000e+00
0.000000e+00
0.000000e+00
0.000000e+00
0.000000e+00
0.000000e+00
0.000000e+00
0.000000e+00
0.000000e+00
0.000000e+00
0.000000e+00
0.000000e+00
0.000000e+00
0.000000e+00
0.000000e+00
0.000000e+00
0.000000e+00
0.000000e+00
0.000000e+00
0.000000e+00
0.000000e+00
0.000000e+00
0.000000e+00
0.000000e+00
0.000000e+00
0.000000e+00
0.000000e+00
0.000000e+00
0.000000e+00
0.000000e+00
0.000000e+00
0.000000e+00
0.000000e+00
0.000000e+00
0.000000e+00
0.000000e+00
0.000000e+00
0.000000e+00
0.000000e+00
0.000000e+00
0.000000e+00
0.000000e+00
0.000000e+00
0.000000e+00
0.000000e+00
0.000000e+00
0.000000e+00
0.000000e+00
0.000000e+00
0.000000e+00
0.000000e+00
0.000000e+00
0.000000e+00
0.000000e+00
0.000000e+00
0.000000e+00
0.000000e+00
0.000000e+00
0.000000e+00
0.000000e+00
0.000000e+00
0.000000e+00
0.000000e+00
0.000000e+00
0.000000e+00
0.000000e+00
0.000000e+00
0.000000e+00
0.000000e+00
0.000000e+00
0.000000e+00
0.000000e+00
0.000000e+00
0.000000e+00
0.000000e+00
0.000000e+00
0.000000e+00
0.000000e+00
0.000000e+00
0.000000e+00
0.000000e+00
0.000000e+00
0.000000e+00
0.000000e+00
0.000000e+00
0.000000e+00
0.000000e+00
0.000000e+00
0.000000e+00
0.000000e+00
0.000000e+00
0.000000e+00
0.000000e+00
0.000000e+00
0.000000e+00
0.000000e+00
0.000000e+00
0.000000e+00
0.000000e+00
0.000000e+00
0.000000e+00
0.000000e+00
0.000000e+00
0.000000e+00
0.000000e+00
0.000000e+00
0.000000e+00
0.000000e+00
0.000000e+00
0.000000e+00
0.000000e+00
0.000000e+00
0.000000e+00
0.000000e+00
0.000000e+00
0.000000e+00
0.000000e+00
0.000000e+00
0.000000e+00
0.000000e+00
0.000000e+00
0.000000e+00
0.000000e+00
0.000000e+00
0.000000e+00
0.000000e+00
0.000000e+00
0.000000e+00
0.000000e+00
0.000000e+00
0.000000e+00
0.000000e+00
0.000000e+00
0.000000e+00
0.000000e+00
0.000000e+00
0.000000e+00
0.000000e+00
0.000000e+00
0.000000e+00
0.000000e+00
0.000000e+00
0.000000e+00
0.000000e+00
0.000000e+00
0.000000e+00
0.000000e+00
0.000000e+00
0.000000e+00
0.000000e+00
0.000000e+00
0.000000e+00
0.000000e+00
0.000000e+00
0.000000e+00
0.000000e+00
0.000000e+00
0.000000e+00
0.000000e+00
0.000000e+00
0.000000e+00
0.000000e+00
0.000000e+00
0.000000e+00
0.000000e+00
0.000000e+00
0.000000e+00
0.000000e+00
0.000000e+00
0.000000e+00
0.000000e+00
0.000000e+00
0.000000e+00
0.000000e+00
0.000000e+00
0.000000e+00
0.000000e+00
0.000000e+00
0.000000e+00
0.000000e+00
0.000000e+00
0.000000e+00
0.000000e+00
0.000000e+00
0.000000e+00
0.000000e+00
0.000000e+00
0.000000e+00
0.000000e+00
0.000000e+00
0.000000e+00
0.000000e+00
0.000000e+00
0.000000e+00
0.000000e+00
0.000000e+00
0.000000e+00
0.000000e+00
0.000000e+00
0.000000e+00
0.000000e+00
0.000000e+00
0.000000e+00
0.000000e+00
0.000000e+00
0.000000e+00
0.000000e+00
0.000000e+00
0.000000e+00
0.000000e+00
0.000000e+00
0.000000e+00
0.000000e+00
0.000000e+00
0.000000e+00
0.000000e+00
0.000000e+00
0.000000e+00
0.000000e+00
0.000000e+00
0.000000e+00
0.000000e+00
0.000000e+00
0.000000e+00
0.000000e+00
0.000000e+00
0.000000e+00
0.000000e+00
0.000000e+00
0.000000e+00
0.000000e+00
0.000000e+00
0.000000e+00
0.000000e+00
0.000000e+00
0.000000e+00
0.000000e+00
0.000000e+00
0.000000e+00
0.000000e+00
0.000000e+00
0.000000e+00
0.000000e+00
0.000000e+00
0.000000e+00
0.000000e+00
0.000000e+00
0.000000e+00
0.000000e+00
0.000000e+00
0.000000e+00
0.000000e+00
0.000000e+00
0.000000e+00
0.000000e+00
0.000000e+00
0.000000e+00
0.000000e+00
0.000000e+00
0.000000e+00
0.000000e+00
0.000000e+00
0.000000e+00
0.000000e+00
0.000000e+00
0.000000e+00
0.000000e+00
0.000000e+00
0.000000e+00
0.000000e+00
0.000000e+00
0.000000e+00
0.000000e+00
0.000000e+00
0.000000e+00
0.000000e+00
0.000000e+00
0.000000e+00
0.000000e+00
0.000000e+00
0.000000e+00
0.000000e+00
0.000000e+00
0.000000e+00
0.000000e+00
0.000000e+00
0.000000e+00
0.000000e+00
0.000000e+00
0.000000e+00
0.000000e+00
0.000000e+00
0.000000e+00
0.000000e+00
0.000000e+00
0.000000e+00
0.000000e+00
0.000000e+00
0.000000e+00
0.000000e+00
0.000000e+00
0.000000e+00
0.000000e+00
0.000000e+00
0.000000e+00
0.000000e+00
0.000000e+00
0.000000e+00
0.000000e+00
0.000000e+00
0.000000e+00
0.000000e+00
0.000000e+00
0.000000e+00
0.000000e+00
0.000000e+00
0.000000e+00
0.000000e+00
0.000000e+00
0.000000e+00
0.000000e+00
0.000000e+00
0.000000e+00
0.000000e+00
0.000000e+00
0.000000e+00
0.000000e+00
0.000000e+00
0.000000e+00
0.000000e+00
0.000000e+00
0.000000e+00
0.000000e+00
0.000000e+00
0.000000e+00
0.000000e+00
0.000000e+00
0.000000e+00
0.000000e+00
0.000000e+00
0.000000e+00
0.000000e+00
0.000000e+00
0.000000e+00
0.000000e+00
0.000000e+00
0.000000e+00
0.000000e+00
0.000000e+00
0.000000e+00
0.000000e+00
0.000000e+00
0.000000e+00
0.000000e+00
0.000000e+00
0.000000e+00
0.000000e+00
0.000000e+00
0.000000e+00
0.000000e+00
0.000000e+00
0.000000e+00
0.000000e+00
0.000000e+00
0.000000e+00
0.000000e+00
0.000000e+00
0.000000e+00
0.000000e+00
0.000000e+00
0.000000e+00
0.000000e+00
0.000000e+00
0.000000e+00
0.000000e+00
0.000000e+00
0.000000e+00
0.000000e+00
0.000000e+00
0.000000e+00
0.000000e+00
0.000000e+00
0.000000e+00
0.000000e+00
0.000000e+00
0.000000e+00
0.000000e+00
0.000000e+00
0.000000e+00
0.000000e+00
0.000000e+00
0.000000e+00
0.000000e+00
0.000000e+00
0.000000e+00
0.000000e+00
0.000000e+00
0.000000e+00
0.000000e+00
0.000000e+00
0.000000e+00
0.000000e+00
0.000000e+00
0.000000e+00
0.000000e+00
0.000000e+00
0.000000e+00
0.000000e+00
0.000000e+00
0.000000e+00
0.000000e+00
0.000000e+00
0.000000e+00
0.000000e+00
0.000000e+00
0.000000e+00
0.000000e+00
0.000000e+00
0.000000e+00
0.000000e+00
0.000000e+00
0.000000e+00
0.000000e+00
0.000000e+00
0.000000e+00
0.000000e+00
0.000000e+00
0.000000e+00
0.000000e+00
0.000000e+00
0.000000e+00
0.000000e+00
0.000000e+00
0.000000e+00
0.000000e+00
0.000000e+00
0.000000e+00
0.000000e+00
0.000000e+00
0.000000e+00
0.000000e+00
0.000000e+00
0.000000e+00
0.000000e+00
0.000000e+00
0.000000e+00
0.000000e+00
0.000000e+00
0.000000e+00
0.000000e+00
0.000000e+00
0.000000e+00
0.000000e+00
0.000000e+00
0.000000e+00
0.000000e+00
0.000000e+00
0.000000e+00
0.000000e+00
0.000000e+00
0.000000e+00
0.000000e+00
0.000000e+00
0.000000e+00
0.000000e+00
0.000000e+00
0.000000e+00
0.000000e+00
0.000000e+00
0.000000e+00
0.000000e+00
0.000000e+00
0.000000e+00
0.000000e+00
0.000000e+00
0.000000e+00
0.000000e+00
0.000000e+00
0.000000e+00
0.000000e+00
0.000000e+00
0.000000e+00
0.000000e+00
0.000000e+00
0.000000e+00
0.000000e+00
0.000000e+00
0.000000e+00
0.000000e+00
0.000000e+00
0.000000e+00
0.000000e+00
0.000000e+00
0.000000e+00
0.000000e+00
0.000000e+00
0.000000e+00
0.000000e+00
0.000000e+00
0.000000e+00
0.000000e+00
0.000000e+00
0.000000e+00
0.000000e+00
0.000000e+00
0.000000e+00
0.000000e+00
0.000000e+00
0.000000e+00
0.000000e+00
0.000000e+00
0.000000e+00
0.000000e+00
0.000000e+00
0.000000e+00
0.000000e+00
0.000000e+00
0.000000e+00
0.000000e+00
0.000000e+00
0.000000e+00
0.000000e+00
0.000000e+00
0.000000e+00
0.000000e+00
0.000000e+00
0.000000e+00
0.000000e+00
0.000000e+00
0.000000e+00
0.000000e+00
0.000000e+00
0.000000e+00
0.000000e+00
0.000000e+00
0.000000e+00
0.000000e+00
0.000000e+00
0.000000e+00
0.000000e+00
0.000000e+00
0.000000e+00
0.000000e+00
0.000000e+00
0.000000e+00
0.000000e+00
0.000000e+00
0.000000e+00
0.000000e+00
0.000000e+00
0.000000e+00
0.000000e+00
0.000000e+00
0.000000e+00
0.000000e+00
0.000000e+00
0.000000e+00
0.000000e+00
0.000000e+00
0.000000e+00
0.000000e+00
0.000000e+00
0.000000e+00
0.000000e+00
0.000000e+00
0.000000e+00
0.000000e+00
0.000000e+00
0.000000e+00
0.000000e+00
0.000000e+00
0.000000e+00
0.000000e+00
0.000000e+00
0.000000e+00
0.000000e+00
0.000000e+00
0.000000e+00
0.000000e+00
0.000000e+00
0.000000e+00
0.000000e+00
0.000000e+00
0.000000e+00
0.000000e+00
0.000000e+00
0.000000e+00
0.000000e+00
0.000000e+00
0.000000e+00
0.000000e+00
0.000000e+00
0.000000e+00
0.000000e+00
0.000000e+00
0.000000e+00
0.000000e+00
0.000000e+00
0.000000e+00
0.000000e+00
0.000000e+00
0.000000e+00
0.000000e+00
0.000000e+00
0.000000e+00
0.000000e+00
0.000000e+00
0.000000e+00
0.000000e+00
0.000000e+00
0.000000e+00
0.000000e+00
0.000000e+00
0.000000e+00
0.000000e+00
0.000000e+00
0.000000e+00
0.000000e+00
0.000000e+00
0.000000e+00
0.000000e+00
0.000000e+00
0.000000e+00
0.000000e+00
0.000000e+00
0.000000e+00
0.000000e+00
0.000000e+00
0.000000e+00
0.000000e+00
0.000000e+00
0.000000e+00
0.000000e+00
0.000000e+00
0.000000e+00
0.000000e+00
0.000000e+00
0.000000e+00
0.000000e+00
0.000000e+00
0.000000e+00
0.000000e+00
0.000000e+00
0.000000e+00
0.000000e+00
0.000000e+00
0.000000e+00
0.000000e+00
0.000000e+00
0.000000e+00
0.000000e+00
0.000000e+00
0.000000e+00
0.000000e+00
0.000000e+00
0.000000e+00
0.000000e+00
0.000000e+00
0.000000e+00
0.000000e+00
0.000000e+00
0.000000e+00
0.000000e+00
0.000000e+00
0.000000e+00
