6.612870e+07
6.612784e+07
6.612765e+07
6.612754e+07
6.612747e+07
6.612742e+07
6.612737e+07
6.612733e+07
6.612730e+07
6.612727e+07
6.612724e+07
6.612722e+07
6.612719e+07
6.612717e+07
6.612716e+07
6.612714e+07
6.612712e+07
6.612710e+07
6.612709e+07
6.612707e+07
6.612706e+07
6.612705e+07
6.612703e+07
6.612702e+07
6.612701e+07
6.612700e+07
6.612699e+07
6.612697e+07
6.612696e+07
6.612695e+07
6.612694e+07
6.612693e+07
6.612692e+07
6.612691e+07
6.612690e+07
6.612689e+07
6.612688e+07
6.612687e+07
6.612686e+07
6.612685e+07
6.612684e+07
6.612684e+07
6.612683e+07
6.612682e+07
6.612681e+07
6.612680e+07
6.612679e+07
6.612678e+07
6.612677e+07
6.612676e+07
6.612675e+07
6.612675e+07
6.612674e+07
6.612673e+07
6.612672e+07
6.612671e+07
6.612670e+07
6.612669e+07
6.612668e+07
6.612667e+07
6.612667e+07
6.612666e+07
6.612665e+07
6.612664e+07
6.612663e+07
6.612662e+07
6.612661e+07
6.612660e+07
6.612659e+07
6.612658e+07
6.612658e+07
6.612657e+07
6.612656e+07
6.612655e+07
6.612654e+07
6.612653e+07
6.612652e+07
6.612651e+07
6.612650e+07
6.612649e+07
6.612648e+07
6.612647e+07
6.612646e+07
6.612645e+07
6.612644e+07
6.612643e+07
6.612642e+07
6.612641e+07
6.612640e+07
6.612639e+07
6.612638e+07
6.612637e+07
6.612636e+07
6.612635e+07
6.612634e+07
6.612633e+07
6.612632e+07
6.612631e+07
6.612630e+07
6.612629e+07
6.612628e+07
6.612627e+07
6.612626e+07
6.612624e+07
6.612623e+07
6.612622e+07
6.612621e+07
6.612620e+07
6.612619e+07
6.612618e+07
6.612617e+07
6.612615e+07
6.612614e+07
6.612613e+07
6.612612e+07
6.612611e+07
6.612610e+07
6.612608e+07
6.612607e+07
6.612606e+07
6.612605e+07
6.612603e+07
6.612602e+07
6.612601e+07
6.612600e+07
6.612598e+07
6.612597e+07
6.612596e+07
6.612595e+07
6.612593e+07
6.612592e+07
6.612591e+07
6.612589e+07
6.612588e+07
6.612587e+07
6.612585e+07
6.612584e+07
6.612583e+07
6.612581e+07
6.612580e+07
6.612578e+07
6.612577e+07
6.612576e+07
6.612574e+07
6.612573e+07
6.612571e+07
6.612570e+07
6.612568e+07
6.612567e+07
6.612565e+07
6.612564e+07
6.612562e+07
6.612561e+07
6.612559e+07
6.612558e+07
6.612556e+07
6.612555e+07
6.612553e+07
6.612552e+07
6.612550e+07
6.612548e+07
6.612547e+07
6.612545e+07
6.612544e+07
6.612542e+07
6.612540e+07
6.612539e+07
6.612537e+07
6.612535e+07
6.612534e+07
6.612532e+07
6.612530e+07
6.612528e+07
6.612527e+07
6.612525e+07
6.612523e+07
6.612521e+07
6.612520e+07
6.612518e+07
6.612516e+07
6.612514e+07
6.612512e+07
6.612511e+07
6.612509e+07
6.612507e+07
6.612505e+07
6.612503e+07
6.612501e+07
6.612499e+07
6.612497e+07
6.612495e+07
6.612493e+07
6.612491e+07
6.612489e+07
6.612487e+07
6.612485e+07
6.612483e+07
6.612481e+07
6.612479e+07
6.612477e+07
6.612475e+07
6.612473e+07
6.612471e+07
6.612469e+07
6.612467e+07
6.612465e+07
6.612462e+07
6.612460e+07
6.612458e+07
6.612456e+07
6.612454e+07
6.612451e+07
6.612449e+07
6.612447e+07
6.612445e+07
6.612442e+07
6.612440e+07
6.612438e+07
6.612435e+07
6.612433e+07
6.612431e+07
6.612428e+07
6.612426e+07
6.612423e+07
6.612421e+07
6.612419e+07
6.612416e+07
6.612414e+07
6.612411e+07
6.612409e+07
6.612406e+07
6.612404e+07
6.612401e+07
6.612398e+07
6.612396e+07
6.612393e+07
6.612390e+07
6.612388e+07
6.612385e+07
6.612382e+07
6.612380e+07
6.612377e+07
6.612374e+07
6.612371e+07
6.612368e+07
6.612366e+07
6.612363e+07
6.612360e+07
6.612357e+07
6.612354e+07
6.612351e+07
6.612348e+07
6.612345e+07
6.612342e+07
6.612339e+07
6.612336e+07
6.612333e+07
6.612330e+07
6.612327e+07
6.612323e+07
6.612320e+07
6.612317e+07
6.612314e+07
6.612310e+07
6.612307e+07
6.612304e+07
6.612300e+07
6.612297e+07
6.612293e+07
6.612290e+07
6.612287e+07
6.612283e+07
6.612279e+07
6.612276e+07
6.612272e+07
6.612269e+07
6.612265e+07
6.612261e+07
6.612257e+07
6.612253e+07
6.612250e+07
6.612246e+07
6.612242e+07
6.612238e+07
6.612234e+07
6.612230e+07
6.612226e+07
6.612221e+07
6.612217e+07
6.612213e+07
6.612209e+07
6.612204e+07
6.612200e+07
6.612196e+07
6.612191e+07
6.612187e+07
6.612182e+07
6.612177e+07
6.612173e+07
6.612168e+07
6.612163e+07
6.612158e+07
6.612153e+07
6.612148e+07
6.612143e+07
6.612138e+07
6.612133e+07
6.612127e+07
6.612122e+07
6.612117e+07
6.612111e+07
6.612106e+07
6.612100e+07
6.612094e+07
6.612088e+07
6.612083e+07
6.612077e+07
6.612070e+07
6.612064e+07
6.612058e+07
6.612052e+07
6.612045e+07
6.612039e+07
6.612032e+07
6.612025e+07
6.612018e+07
6.612011e+07
6.612004e+07
6.611997e+07
6.611990e+07
6.611982e+07
6.611975e+07
6.611967e+07
6.611959e+07
6.611951e+07
6.611943e+07
6.611935e+07
6.611926e+07
6.611918e+07
6.611909e+07
6.611900e+07
6.611891e+07
6.611882e+07
6.611872e+07
6.611863e+07
6.611853e+07
6.611843e+07
6.611833e+07
6.611822e+07
6.611812e+07
6.611801e+07
6.611790e+07
6.611778e+07
6.611767e+07
6.611755e+07
6.611743e+07
6.611731e+07
6.611718e+07
6.611706e+07
6.611693e+07
6.611679e+07
6.611666e+07
6.611652e+07
6.611637e+07
6.611623e+07
6.611608e+07
6.611593e+07
6.611577e+07
6.611561e+07
6.611545e+07
6.611528e+07
6.611511e+07
6.611493e+07
6.611475e+07
6.611457e+07
6.611438e+07
6.611419e+07
6.611399e+07
6.611379e+07
6.611358e+07
6.611337e+07
6.611315e+07
6.611293e+07
6.611270e+07
6.611247e+07
6.611223e+07
6.611198e+07
6.611173e+07
6.611147e+07
6.611121e+07
6.611093e+07
6.611065e+07
6.611037e+07
6.611007e+07
6.610977e+07
6.610946e+07
6.610914e+07
6.610882e+07
6.610848e+07
6.610814e+07
6.610778e+07
6.610742e+07
6.610705e+07
6.610666e+07
6.610627e+07
6.610586e+07
6.610545e+07
6.610502e+07
6.610458e+07
6.610413e+07
6.610367e+07
6.610319e+07
6.610271e+07
6.610220e+07
6.610169e+07
6.610115e+07
6.610061e+07
6.610005e+07
6.609947e+07
6.609887e+07
6.609826e+07
6.609764e+07
6.609699e+07
6.609632e+07
6.609564e+07
6.609494e+07
6.609422e+07
6.609347e+07
6.609271e+07
6.609192e+07
6.609111e+07
6.609027e+07
6.608942e+07
6.608853e+07
6.608762e+07
6.608669e+07
6.608573e+07
6.608474e+07
6.608372e+07
6.608267e+07
6.608159e+07
6.608047e+07
6.607933e+07
6.607815e+07
6.607694e+07
6.607569e+07
6.607440e+07
6.607308e+07
6.607171e+07
6.607031e+07
6.606886e+07
6.606737e+07
6.606584e+07
6.606426e+07
6.606263e+07
6.606096e+07
6.605923e+07
6.605746e+07
6.605563e+07
6.605374e+07
6.605180e+07
6.604980e+07
6.604774e+07
6.604562e+07
6.604343e+07
6.604118e+07
6.603886e+07
6.603647e+07
6.603401e+07
6.603147e+07
6.602886e+07
6.602617e+07
6.602340e+07
6.602054e+07
6.601759e+07
6.601456e+07
6.601143e+07
6.600821e+07
6.600489e+07
6.600147e+07
6.599795e+07
6.599432e+07
6.599058e+07
6.598672e+07
6.598275e+07
6.597865e+07
6.597443e+07
6.597008e+07
6.596560e+07
6.596098e+07
6.595622e+07
6.595132e+07
6.594626e+07
6.594105e+07
6.593568e+07
6.593014e+07
6.592444e+07
6.591856e+07
6.591249e+07
6.590625e+07
6.589981e+07
6.589317e+07
6.588633e+07
6.587928e+07
6.587201e+07
6.586451e+07
6.585679e+07
6.584883e+07
6.584062e+07
6.583216e+07
6.582344e+07
6.581445e+07
6.580518e+07
6.579563e+07
6.578578e+07
6.577563e+07
6.576516e+07
6.575437e+07
6.574324e+07
6.573177e+07
6.571995e+07
6.570776e+07
6.569519e+07
6.568223e+07
6.566887e+07
6.565509e+07
6.564089e+07
6.562625e+07
6.561115e+07
6.559558e+07
6.557953e+07
6.556298e+07
6.554592e+07
6.552832e+07
6.551018e+07
6.549147e+07
6.547218e+07
6.545229e+07
6.543177e+07
6.541062e+07
6.538881e+07
6.536631e+07
6.534312e+07
6.531920e+07
6.529453e+07
6.526909e+07
6.524285e+07
6.521579e+07
6.518788e+07
6.515910e+07
6.512942e+07
6.509880e+07
6.506723e+07
6.503466e+07
6.500106e+07
6.496642e+07
6.493068e+07
6.489381e+07
6.485579e+07
6.481656e+07
6.477610e+07
6.473436e+07
6.469130e+07
6.464688e+07
6.460105e+07
6.455378e+07
6.450500e+07
6.445468e+07
6.440276e+07
6.434919e+07
6.429391e+07
6.423688e+07
6.417803e+07
6.411731e+07
6.405464e+07
6.398997e+07
6.392324e+07
6.385436e+07
6.378328e+07
6.370992e+07
6.363420e+07
6.355604e+07
6.347537e+07
6.339209e+07
6.330612e+07
6.321737e+07
6.312574e+07
6.303114e+07
6.293347e+07
6.283262e+07
6.272847e+07
6.262093e+07
6.250987e+07
6.239516e+07
6.227669e+07
6.215432e+07
6.202791e+07
6.189733e+07
6.176241e+07
6.162302e+07
6.147899e+07
6.133016e+07
6.117634e+07
6.101737e+07
6.085305e+07
6.068318e+07
6.050757e+07
6.032600e+07
6.013824e+07
5.994407e+07
5.974325e+07
5.953551e+07
5.932060e+07
5.909823e+07
5.886812e+07
5.862997e+07
5.838344e+07
5.812822e+07
5.786394e+07
5.759024e+07
5.730673e+07
5.701300e+07
5.670862e+07
5.639314e+07
5.606608e+07
5.572693e+07
5.537516e+07
5.501019e+07
5.463143e+07
5.423824e+07
5.382994e+07
5.340581e+07
5.296507e+07
5.250690e+07
5.203041e+07
5.153467e+07
5.101864e+07
5.048123e+07
4.992126e+07
4.933743e+07
4.872837e+07
4.809253e+07
4.742827e+07
4.673375e+07
4.600697e+07
4.524569e+07
4.444746e+07
4.360949e+07
4.272868e+07
4.180151e+07
4.082396e+07
3.979143e+07
3.869856e+07
3.753906e+07
3.630551e+07
3.498894e+07
3.357838e+07
3.206017e+07
3.041688e+07
2.862560e+07
2.665516e+07
2.446122e+07
2.197683e+07
1.909280e+07
1.561172e+07
1.112705e+07
0.000000e+00
0.000000e+00
0.000000e+00
0.000000e+00
0.000000e+00
0.000000e+00
0.000000e+00
0.000000e+00
0.000000e+00
0.000000e+00
0.000000e+00
0.000000e+00
0.000000e+00
0.000000e+00
0.000000e+00
0.000000e+00
0.000000e+00
0.000000e+00
0.000000e+00
0.000000e+00
0.000000e+00
0.000000e+00
0.000000e+00
0.000000e+00
0.000000e+00
0.000000e+00
0.000000e+00
0.000000e+00
0.000000e+00
0.000000e+00
0.000000e+00
0.000000e+00
0.000000e+00
0.000000e+00
0.000000e+00
0.000000e+00
0.000000e+00
0.000000e+00
0.000000e+00
0.000000e+00
0.000000e+00
0.000000e+00
0.000000e+00
0.000000e+00
0.000000e+00
0.000000e+00
0.000000e+00
0.000000e+00
0.000000e+00
0.000000e+00
0.000000e+00
0.000000e+00
0.000000e+00
0.000000e+00
0.000000e+00
0.000000e+00
0.000000e+00
0.000000e+00
0.000000e+00
0.000000e+00
0.000000e+00
0.000000e+00
0.000000e+00
0.000000e+00
0.000000e+00
0.000000e+00
0.000000e+00
0.000000e+00
0.000000e+00
0.000000e+00
0.000000e+00
0.000000e+00
0.000000e+00
0.000000e+00
0.000000e+00
0.000000e+00
0.000000e+00
0.000000e+00
0.000000e+00
0.000000e+00
0.000000e+00
0.000000e+00
0.000000e+00
0.000000e+00
0.000000e+00
0.000000e+00
0.000000e+00
0.000000e+00
0.000000e+00
0.000000e+00
0.000000e+00
0.000000e+00
0.000000e+00
0.000000e+00
0.000000e+00
0.000000e+00
0.000000e+00
0.000000e+00
0.000000e+00
0.000000e+00
0.000000e+00
0.000000e+00
0.000000e+00
0.000000e+00
0.000000e+00
0.000000e+00
0.000000e+00
0.000000e+00
0.000000e+00
0.000000e+00
0.000000e+00
0.000000e+00
0.000000e+00
0.000000e+00
0.000000e+00
0.000000e+00
0.000000e+00
0.000000e+00
0.000000e+00
0.000000e+00
0.000000e+00
0.000000e+00
0.000000e+00
0.000000e+00
0.000000e+00
0.000000e+00
0.000000e+00
0.000000e+00
0.000000e+00
0.000000e+00
0.000000e+00
0.000000e+00
0.000000e+00
0.000000e+00
0.000000e+00
0.000000e+00
0.000000e+00
0.000000e+00
0.000000e+00
0.000000e+00
0.000000e+00
0.000000e+00
0.000000e+00
0.000000e+00
0.000000e+00
0.000000e+00
0.000000e+00
0.000000e+00
0.000000e+00
0.000000e+00
0.000000e+00
0.000000e+00
0.000000e+00
0.000000e+00
0.000000e+00
0.000000e+00
0.000000e+00
0.000000e+00
0.000000e+00
0.000000e+00
0.000000e+00
0.000000e+00
0.000000e+00
0.000000e+00
0.000000e+00
0.000000e+00
0.000000e+00
0.000000e+00
0.000000e+00
0.000000e+00
0.000000e+00
0.000000e+00
0.000000e+00
0.000000e+00
0.000000e+00
0.000000e+00
0.000000e+00
0.000000e+00
0.000000e+00
0.000000e+00
0.000000e+00
0.000000e+00
0.000000e+00
0.000000e+00
0.000000e+00
0.000000e+00
0.000000e+00
0.000000e+00
0.000000e+00
0.000000e+00
0.000000e+00
0.000000e+00
0.000000e+00
0.000000e+00
0.000000e+00
0.000000e+00
0.000000e+00
0.000000e+00
0.000000e+00
0.000000e+00
0.000000e+00
0.000000e+00
0.000000e+00
0.000000e+00
0.000000e+00
0.000000e+00
0.000000e+00
0.000000e+00
0.000000e+00
0.000000e+00
0.000000e+00
0.000000e+00
0.000000e+00
0.000000e+00
0.000000e+00
0.000000e+00
0.000000e+00
0.000000e+00
0.000000e+00
0.000000e+00
0.000000e+00
0.000000e+00
0.000000e+00
0.000000e+00
0.000000e+00
0.000000e+00
0.000000e+00
0.000000e+00
0.000000e+00
0.000000e+00
0.000000e+00
0.000000e+00
0.000000e+00
0.000000e+00
0.000000e+00
0.000000e+00
0.000000e+00
0.000000e+00
0.000000e+00
0.000000e+00
0.000000e+00
0.000000e+00
0.000000e+00
0.000000e+00
0.000000e+00
0.000000e+00
0.000000e+00
0.000000e+00
0.000000e+00
0.000000e+00
0.000000e+00
0.000000e+00
0.000000e+00
0.000000e+00
0.000000e+00
0.000000e+00
0.000000e+00
0.000000e+00
0.000000e+00
0.000000e+00
0.000000e+00
0.000000e+00
0.000000e+00
0.000000e+00
0.000000e+00
0.000000e+00
0.000000e+00
0.000000e+00
0.000000e+00
0.000000e+00
0.000000e+00
0.000000e+00
0.000000e+00
0.000000e+00
0.000000e+00
0.000000e+00
0.000000e+00
0.000000e+00
0.000000e+00
0.000000e+00
0.000000e+00
0.000000e+00
0.000000e+00
0.000000e+00
0.000000e+00
0.000000e+00
0.000000e+00
0.000000e+00
0.000000e+00
0.000000e+00
0.000000e+00
0.000000e+00
0.000000e+00
0.000000e+00
0.000000e+00
0.000000e+00
0.000000e+00
0.000000e+00
0.000000e+00
0.000000e+00
0.000000e+00
0.000000e+00
0.000000e+00
0.000000e+00
0.000000e+00
0.000000e+00
0.000000e+00
0.000000e+00
0.000000e+00
0.000000e+00
0.000000e+00
0.000000e+00
0.000000e+00
0.000000e+00
0.000000e+00
0.000000e+00
0.000000e+00
0.000000e+00
0.000000e+00
0.000000e+00
0.000000e+00
0.000000e+00
0.000000e+00
0.000000e+00
0.000000e+00
0.000000e+00
0.000000e+00
0.000000e+00
0.000000e+00
0.000000e+00
0.000000e+00
0.000000e+00
0.000000e+00
0.000000e+00
0.000000e+00
0.000000e+00
0.000000e+00
0.000000e+00
0.000000e+00
0.000000e+00
0.000000e+00
0.000000e+00
0.000000e+00
0.000000e+00
0.000000e+00
0.000000e+00
0.000000e+00
0.000000e+00
0.000000e+00
0.000000e+00
0.000000e+00
0.000000e+00
0.000000e+00
0.000000e+00
0.000000e+00
0.000000e+00
0.000000e+00
0.000000e+00
0.000000e+00
0.000000e+00
0.000000e+00
0.000000e+00
0.000000e+00
0.000000e+00
0.000000e+00
0.000000e+00
0.000000e+00
0.000000e+00
0.000000e+00
0.000000e+00
0.000000e+00
0.000000e+00
0.000000e+00
0.000000e+00
0.000000e+00
0.000000e+00
0.000000e+00
0.000000e+00
0.000000e+00
0.000000e+00
0.000000e+00
0.000000e+00
0.000000e+00
0.000000e+00
0.000000e+00
0.000000e+00
0.000000e+00
0.000000e+00
0.000000e+00
0.000000e+00
0.000000e+00
0.000000e+00
0.000000e+00
0.000000e+00
0.000000e+00
0.000000e+00
0.000000e+00
0.000000e+00
0.000000e+00
0.000000e+00
0.000000e+00
0.000000e+00
0.000000e+00
0.000000e+00
0.000000e+00
0.000000e+00
0.000000e+00
0.000000e+00
0.000000e+00
0.000000e+00
0.000000e+00
0.000000e+00
0.000000e+00
0.000000e+00
0.000000e+00
0.000000e+00
0.000000e+00
0.000000e+00
0.000000e+00
0.000000e+00
0.000000e+00
0.000000e+00
0.000000e+00
0.000000e+00
0.000000e+00
0.000000e+00
0.000000e+00
0.000000e+00
0.000000e+00
0.000000e+00
0.000000e+00
0.000000e+00
0.000000e+00
0.000000e+00
0.000000e+00
0.000000e+00
0.000000e+00
0.000000e+00
0.000000e+00
0.000000e+00
0.000000e+00
0.000000e+00
0.000000e+00
0.000000e+00
0.000000e+00
0.000000e+00
0.000000e+00
0.000000e+00
0.000000e+00
0.000000e+00
0.000000e+00
0.000000e+00
0.000000e+00
0.000000e+00
0.000000e+00
0.000000e+00
0.000000e+00
0.000000e+00
0.000000e+00
0.000000e+00
0.000000e+00
0.000000e+00
0.000000e+00
0.000000e+00
0.000000e+00
0.000000e+00
0.000000e+00
0.000000e+00
0.000000e+00
0.000000e+00
0.000000e+00
0.000000e+00
0.000000e+00
0.000000e+00
0.000000e+00
0.000000e+00
0.000000e+00
0.000000e+00
0.000000e+00
0.000000e+00
0.000000e+00
0.000000e+00
0.000000e+00
0.000000e+00
0.000000e+00
0.000000e+00
0.000000e+00
0.000000e+00
0.000000e+00
0.000000e+00
0.000000e+00
0.000000e+00
0.000000e+00
0.000000e+00
0.000000e+00
0.000000e+00
0.000000e+00
0.000000e+00
0.000000e+00
0.000000e+00
0.000000e+00
0.000000e+00
0.000000e+00
0.000000e+00
0.000000e+00
0.000000e+00
0.000000e+00
0.000000e+00
0.000000e+00
0.000000e+00
0.000000e+00
0.000000e+00
0.000000e+00
0.000000e+00
0.000000e+00
0.000000e+00
0.000000e+00
0.000000e+00
0.000000e+00
0.000000e+00
0.000000e+00
0.000000e+00
0.000000e+00
0.000000e+00
0.000000e+00
0.000000e+00
0.000000e+00
0.000000e+00
0.000000e+00
0.000000e+00
0.000000e+00
0.000000e+00
0.000000e+00
0.000000e+00
0.000000e+00
0.000000e+00
0.000000e+00
0.000000e+00
0.000000e+00
0.000000e+00
0.000000e+00
0.000000e+00
0.000000e+00
0.000000e+00
0.000000e+00
0.000000e+00
0.000000e+00
0.000000e+00
0.000000e+00
0.000000e+00
0.000000e+00
0.000000e+00
0.000000e+00
0.000000e+00
0.000000e+00
0.000000e+00
0.000000e+00
0.000000e+00
0.000000e+00
0.000000e+00
0.000000e+00
0.000000e+00
0.000000e+00
0.000000e+00
0.000000e+00
0.000000e+00
0.000000e+00
0.000000e+00
0.000000e+00
0.000000e+00
0.000000e+00
0.000000e+00
0.000000e+00
0.000000e+00
0.000000e+00
0.000000e+00
0.000000e+00
0.000000e+00
0.000000e+00
0.000000e+00
0.000000e+00
0.000000e+00
0.000000e+00
0.000000e+00
0.000000e+00
0.000000e+00
0.000000e+00
0.000000e+00
0.000000e+00
0.000000e+00
0.000000e+00
0.000000e+00
0.000000e+00
0.000000e+00
0.000000e+00
0.000000e+00
0.000000e+00
0.000000e+00
0.000000e+00
0.000000e+00
0.000000e+00
0.000000e+00
0.000000e+00
0.000000e+00
0.000000e+00
0.000000e+00
0.000000e+00
0.000000e+00
0.000000e+00
0.000000e+00
0.000000e+00
0.000000e+00
0.000000e+00
0.000000e+00
0.000000e+00
0.000000e+00
0.000000e+00
0.000000e+00
0.000000e+00
0.000000e+00
0.000000e+00
0.000000e+00
0.000000e+00
0.000000e+00
0.000000e+00
0.000000e+00
0.000000e+00
0.000000e+00
0.000000e+00
0.000000e+00
0.000000e+00
0.000000e+00
0.000000e+00
0.000000e+00
0.000000e+00
0.000000e+00
0.000000e+00
0.000000e+00
0.000000e+00
0.000000e+00
0.000000e+00
0.000000e+00
0.000000e+00
0.000000e+00
0.000000e+00
0.000000e+00
0.000000e+00
0.000000e+00
0.000000e+00
0.000000e+00
0.000000e+00
0.000000e+00
0.000000e+00
0.000000e+00
0.000000e+00
0.000000e+00
0.000000e+00
0.000000e+00
0.000000e+00
0.000000e+00
0.000000e+00
0.000000e+00
0.000000e+00
0.000000e+00
0.000000e+00
0.000000e+00
0.000000e+00
0.000000e+00
0.000000e+00
0.000000e+00
0.000000e+00
0.000000e+00
0.000000e+00
0.000000e+00
0.000000e+00
0.000000e+00
0.000000e+00
0.000000e+00
0.000000e+00
0.000000e+00
0.000000e+00
0.000000e+00
0.000000e+00
0.000000e+00
0.000000e+00
0.000000e+00
0.000000e+00
0.000000e+00
0.000000e+00
0.000000e+00
0.000000e+00
0.000000e+00
0.000000e+00
0.000000e+00
0.000000e+00
0.000000e+00
0.000000e+00
0.000000e+00
0.000000e+00
0.000000e+00
0.000000e+00
0.000000e+00
0.000000e+00
0.000000e+00
0.000000e+00
0.000000e+00
0.000000e+00
0.000000e+00
0.000000e+00
0.000000e+00
0.000000e+00
0.000000e+00
0.000000e+00
0.000000e+00
0.000000e+00
0.000000e+00
0.000000e+00
0.000000e+00
0.000000e+00
0.000000e+00
0.000000e+00
0.000000e+00
0.000000e+00
0.000000e+00
0.000000e+00
0.000000e+00
0.000000e+00
0.000000e+00
0.000000e+00
0.000000e+00
0.000000e+00
0.000000e+00
0.000000e+00
0.000000e+00
0.000000e+00
0.000000e+00
0.000000e+00
0.000000e+00
0.000000e+00
0.000000e+00
0.000000e+00
0.000000e+00
0.000000e+00
0.000000e+00
0.000000e+00
0.000000e+00
0.000000e+00
0.000000e+00
0.000000e+00
0.000000e+00
0.000000e+00
0.000000e+00
0.000000e+00
0.000000e+00
0.000000e+00
0.000000e+00
0.000000e+00
0.000000e+00
0.000000e+00
0.000000e+00
0.000000e+00
0.000000e+00
0.000000e+00
0.000000e+00
0.000000e+00
0.000000e+00
0.000000e+00
0.000000e+00
0.000000e+00
0.000000e+00
0.000000e+00
0.000000e+00
0.000000e+00
0.000000e+00
0.000000e+00
0.000000e+00
0.000000e+00
0.000000e+00
0.000000e+00
0.000000e+00
0.000000e+00
0.000000e+00
0.000000e+00
0.000000e+00
0.000000e+00
0.000000e+00
0.000000e+00
0.000000e+00
0.000000e+00
0.000000e+00
0.000000e+00
0.000000e+00
0.000000e+00
0.000000e+00
0.000000e+00
0.000000e+00
0.000000e+00
0.000000e+00
0.000000e+00
0.000000e+00
0.000000e+00
0.000000e+00
0.000000e+00
0.000000e+00
0.000000e+00
0.000000e+00
0.000000e+00
0.000000e+00
0.000000e+00
0.000000e+00
0.000000e+00
0.000000e+00
0.000000e+00
0.000000e+00
0.000000e+00
0.000000e+00
0.000000e+00
0.000000e+00
0.000000e+00
0.000000e+00
0.000000e+00
0.000000e+00
0.000000e+00
0.000000e+00
0.000000e+00
0.000000e+00
0.000000e+00
0.000000e+00
0.000000e+00
0.000000e+00
0.000000e+00
0.000000e+00
0.000000e+00
0.000000e+00
0.000000e+00
0.000000e+00
0.000000e+00
0.000000e+00
0.000000e+00
0.000000e+00
0.000000e+00
0.000000e+00
0.000000e+00
0.000000e+00
0.000000e+00
0.000000e+00
0.000000e+00
0.000000e+00
0.000000e+00
0.000000e+00
0.000000e+00
0.000000e+00
0.000000e+00
0.000000e+00
0.000000e+00
0.000000e+00
0.000000e+00
0.000000e+00
0.000000e+00
0.000000e+00
0.000000e+00
0.000000e+00
0.000000e+00
0.000000e+00
0.000000e+00
0.000000e+00
0.000000e+00
0.000000e+00
0.000000e+00
0.000000e+00
0.000000e+00
0.000000e+00
0.000000e+00
0.000000e+00
0.000000e+00
0.000000e+00
0.000000e+00
0.000000e+00
0.000000e+00
0.000000e+00
0.000000e+00
0.000000e+00
0.000000e+00
0.000000e+00
0.000000e+00
0.000000e+00
0.000000e+00
0.000000e+00
0.000000e+00
0.000000e+00
0.000000e+00
0.000000e+00
0.000000e+00
0.000000e+00
0.000000e+00
0.000000e+00
0.000000e+00
0.000000e+00
0.000000e+00
0.000000e+00
0.000000e+00
0.000000e+00
0.000000e+00
0.000000e+00
0.000000e+00
0.000000e+00
0.000000e+00
0.000000e+00
0.000000e+00
0.000000e+00
0.000000e+00
0.000000e+00
0.000000e+00
0.000000e+00
0.000000e+00
0.000000e+00
0.000000e+00
0.000000e+00
0.000000e+00
0.000000e+00
0.000000e+00
0.000000e+00
0.000000e+00
0.000000e+00
0.000000e+00
0.000000e+00
0.000000e+00
0.000000e+00
0.000000e+00
0.000000e+00
0.000000e+00
0.000000e+00
0.000000e+00
0.000000e+00
0.000000e+00
0.000000e+00
0.000000e+00
0.000000e+00
0.000000e+00
0.000000e+00
0.000000e+00
0.000000e+00
0.000000e+00
0.000000e+00
0.000000e+00
0.000000e+00
0.000000e+00
0.000000e+00
0.000000e+00
0.000000e+00
0.000000e+00
0.000000e+00
0.000000e+00
0.000000e+00
0.000000e+00
0.000000e+00
0.000000e+00
0.000000e+00
0.000000e+00
0.000000e+00
0.000000e+00
0.000000e+00
0.000000e+00
0.000000e+00
0.000000e+00
0.000000e+00
0.000000e+00
0.000000e+00
0.000000e+00
0.000000e+00
0.000000e+00
0.000000e+00
0.000000e+00
0.000000e+00
0.000000e+00
0.000000e+00
0.000000e+00
0.000000e+00
0.000000e+00
0.000000e+00
0.000000e+00
0.000000e+00
0.000000e+00
0.000000e+00
0.000000e+00
0.000000e+00
0.000000e+00
0.000000e+00
0.000000e+00
0.000000e+00
0.000000e+00
0.000000e+00
0.000000e+00
0.000000e+00
0.000000e+00
0.000000e+00
0.000000e+00
0.000000e+00
0.000000e+00
0.000000e+00
0.000000e+00
0.000000e+00
0.000000e+00
0.000000e+00
0.000000e+00
0.000000e+00
0.000000e+00
0.000000e+00
0.000000e+00
0.000000e+00
0.000000e+00
0.000000e+00
0.000000e+00
0.000000e+00
0.000000e+00
0.000000e+00
0.000000e+00
0.000000e+00
0.000000e+00
0.000000e+00
0.000000e+00
0.000000e+00
0.000000e+00
0.000000e+00
0.000000e+00
0.000000e+00
0.000000e+00
0.000000e+00
0.000000e+00
0.000000e+00
0.000000e+00
0.000000e+00
0.000000e+00
0.000000e+00
0.000000e+00
0.000000e+00
0.000000e+00
0.000000e+00
0.000000e+00
0.000000e+00
0.000000e+00
0.000000e+00
0.000000e+00
0.000000e+00
0.000000e+00
0.000000e+00
0.000000e+00
0.000000e+00
0.000000e+00
0.000000e+00
0.000000e+00
0.000000e+00
0.000000e+00
0.000000e+00
0.000000e+00
0.000000e+00
0.000000e+00
0.000000e+00
0.000000e+00
0.000000e+00
0.000000e+00
0.000000e+00
0.000000e+00
0.000000e+00
0.000000e+00
0.000000e+00
0.000000e+00
0.000000e+00
0.000000e+00
0.000000e+00
0.000000e+00
0.000000e+00
0.000000e+00
0.000000e+00
0.000000e+00
0.000000e+00
0.000000e+00
0.000000e+00
0.000000e+00
0.000000e+00
0.000000e+00
0.000000e+00
0.000000e+00
0.000000e+00
0.000000e+00
0.000000e+00
0.000000e+00
0.000000e+00
0.000000e+00
0.000000e+00
0.000000e+00
0.000000e+00
0.000000e+00
0.000000e+00
0.000000e+00
0.000000e+00
0.000000e+00
0.000000e+00
0.000000e+00
0.000000e+00
0.000000e+00
0.000000e+00
0.000000e+00
0.000000e+00
0.000000e+00
0.000000e+00
0.000000e+00
0.000000e+00
0.000000e+00
0.000000e+00
0.000000e+00
0.000000e+00
0.000000e+00
0.000000e+00
0.000000e+00
0.000000e+00
0.000000e+00
0.000000e+00
0.000000e+00
0.000000e+00
0.000000e+00
0.000000e+00
0.000000e+00
0.000000e+00
0.000000e+00
0.000000e+00
0.000000e+00
0.000000e+00
0.000000e+00
0.000000e+00
0.000000e+00
0.000000e+00
0.000000e+00
0.000000e+00
0.000000e+00
