3.680385e+07
3.630918e+07
3.581791e+07
3.533002e+07
3.484552e+07
3.436441e+07
3.388669e+07
3.341236e+07
3.294142e+07
3.247388e+07
3.200972e+07
3.154895e+07
3.109158e+07
3.063760e+07
3.018701e+07
2.973981e+07
2.929600e+07
2.885559e+07
2.841857e+07
2.798494e+07
2.755470e+07
2.712786e+07
2.670441e+07
2.628435e+07
2.586769e+07
2.545442e+07
2.504454e+07
2.463806e+07
2.423497e+07
2.383528e+07
2.343898e+07
2.304607e+07
2.265656e+07
2.227045e+07
2.188772e+07
2.150839e+07
2.113246e+07
2.075992e+07
2.039078e+07
2.002502e+07
1.966267e+07
1.930371e+07
1.894814e+07
1.859596e+07
1.824718e+07
1.790180e+07
1.755980e+07
1.722121e+07
1.688600e+07
1.655419e+07
1.622577e+07
1.590074e+07
1.557911e+07
1.526087e+07
1.494602e+07
1.463457e+07
1.432650e+07
1.402183e+07
1.372054e+07
1.342265e+07
1.312815e+07
1.283704e+07
1.254932e+07
1.226498e+07
1.198404e+07
1.170648e+07
1.143231e+07
1.116153e+07
1.089413e+07
1.063012e+07
1.036949e+07
1.011225e+07
9.858394e+06
9.607919e+06
9.360827e+06
9.117117e+06
8.876787e+06
8.639838e+06
8.406268e+06
8.176076e+06
7.949261e+06
7.725823e+06
7.505761e+06
7.289073e+06
7.075759e+06
6.865817e+06
6.659247e+06
6.456047e+06
6.256216e+06
6.059754e+06
5.866657e+06
5.676927e+06
5.490560e+06
5.307557e+06
5.127914e+06
4.951632e+06
4.778709e+06
4.609143e+06
4.442932e+06
4.280075e+06
4.120571e+06
