3.426336e+07
3.379236e+07
3.332465e+07
3.286025e+07
3.239916e+07
3.194136e+07
3.148688e+07
3.103569e+07
3.058781e+07
3.014323e+07
2.970196e+07
2.926399e+07
2.882933e+07
2.839797e+07
2.796992e+07
2.754517e+07
2.712373e+07
2.670559e+07
2.629076e+07
2.587924e+07
2.547103e+07
2.506612e+07
2.466451e+07
2.426622e+07
2.387123e+07
2.347955e+07
2.309117e+07
2.270610e+07
2.232435e+07
2.194589e+07
2.157075e+07
2.119891e+07
2.083038e+07
2.046516e+07
2.010325e+07
1.974464e+07
1.938935e+07
1.903736e+07
1.868867e+07
1.834330e+07
1.800123e+07
1.766247e+07
1.732702e+07
1.699488e+07
1.666604e+07
1.634051e+07
1.601829e+07
1.569937e+07
1.538376e+07
1.507146e+07
1.476246e+07
1.445677e+07
1.415438e+07
1.385530e+07
1.355953e+07
1.326706e+07
1.297789e+07
1.269203e+07
1.240948e+07
1.213022e+07
1.185427e+07
1.158162e+07
1.131228e+07
1.104623e+07
1.078349e+07
1.052404e+07
1.026790e+07
1.001506e+07
9.765510e+06
9.519263e+06
9.276313e+06
9.036659e+06
8.800302e+06
8.567240e+06
8.337472e+06
8.110998e+06
7.887817e+06
7.667927e+06
7.451329e+06
7.238021e+06
7.028002e+06
6.821271e+06
6.617828e+06
6.417670e+06
6.220798e+06
6.027209e+06
5.836903e+06
5.649879e+06
5.466135e+06
5.285671e+06
5.108484e+06
4.934573e+06
4.763938e+06
4.596576e+06
4.432487e+06
4.271668e+06
4.114119e+06
3.959837e+06
3.808821e+06
3.661070e+06
3.516582e+06
