1.75837
1.75841
1.75846
1.7585
1.75855
1.75859
1.75864
1.75869
1.75874
1.7588
1.75885
1.75891
1.75896
1.75902
1.75908
1.75914
1.75921
1.75927
1.75934
1.75941
1.75947
1.75954
1.75961
1.75968
1.75975
1.75982
1.75988
1.75994
1.76
1.76005
1.76009
1.76012
1.76014
1.76015
1.76013
1.76009
1.76003
1.75993
1.75979
1.75961
1.75938
1.75911
1.75878
1.75839
1.75796
1.75748
1.75697
1.75643
1.75588
1.75534
1.75481
1.75431
1.75386
1.75345
1.75309
1.75278
1.75253
1.75233
1.75217
1.75205
1.75197
1.75191
1.75189
1.75188
1.75189
1.75192
1.75196
1.752
1.75206
1.75212
1.75218
1.75224
1.75231
1.75238
1.75245
1.75252
1.75259
1.75266
1.75272
1.75279
1.75285
1.75291
1.75298
1.75304
1.75309
1.75315
1.75321
1.75326
1.75331
1.75336
1.75341
1.75346
1.75351
1.75355
1.75359
1.75364
1.75368
1.75372
1.75376
1.75379
1.75383