1.75868512
1.75873412
1.75878312
1.75883512
1.75888712
1.75894212
1.75899812
1.75905512
1.75911412
1.75917512
1.75923812
1.75930212
1.75936812
1.75943512
1.75950412
1.75957412
1.75964512
1.75971712
1.75979012
1.75986312
1.75993612
1.76000812
1.76007912
1.76014712
1.76021212
1.76027112
1.76032412
1.76036912
1.76040212
1.76042212
1.76042412
1.76040612
1.76036212
1.76028912
1.76018112
1.76003212
1.75983712
1.75959312
1.75929412
1.75894012
1.75853012
1.75806712
1.75755712
1.75701112
1.75644012
1.75585912
1.75528312
1.75472612
1.75420312
1.75372312
1.75329412
1.75291912
1.75260212
1.75233812
1.75212712
1.75196312
1.75184112
1.75175612
1.75170212
1.75167612
1.75167212
1.75168612
1.75171512
1.75175612
1.75180612
1.75186312
1.75192612
1.75199312
1.75206312
1.75213512
1.75220812
1.75228112
1.75235412
1.75242612
1.75249812
1.75256912
1.75263812
1.75270612
1.75277212
1.75283712
1.75290012
1.75296212
1.75302212
1.75308012
1.75313612
1.75319112
1.75324512
1.75329612
1.75334712
1.75339612
1.75344312
1.75348912
1.75353412
1.75357712
1.75361912
1.75366012
1.75370012
1.75373912
1.75377612
1.75381312
1.75384812
