5.997491e+07
5.997413e+07
5.997396e+07
5.997386e+07
5.997380e+07
5.997375e+07
5.997371e+07
5.997367e+07
5.997364e+07
5.997361e+07
5.997359e+07
5.997357e+07
5.997355e+07
5.997353e+07
5.997351e+07
5.997350e+07
5.997348e+07
5.997347e+07
5.997345e+07
5.997344e+07
5.997343e+07
5.997342e+07
5.997340e+07
5.997339e+07
5.997338e+07
5.997337e+07
5.997336e+07
5.997335e+07
5.997334e+07
5.997333e+07
5.997332e+07
5.997332e+07
5.997331e+07
5.997330e+07
5.997329e+07
5.997328e+07
5.997327e+07
5.997326e+07
5.997326e+07
5.997325e+07
5.997324e+07
5.997323e+07
5.997323e+07
5.997322e+07
5.997321e+07
5.997320e+07
5.997320e+07
5.997319e+07
5.997318e+07
5.997317e+07
5.997317e+07
5.997316e+07
5.997315e+07
5.997314e+07
5.997314e+07
5.997313e+07
5.997312e+07
5.997312e+07
5.997311e+07
5.997310e+07
5.997309e+07
5.997309e+07
5.997308e+07
5.997307e+07
5.997307e+07
5.997306e+07
5.997305e+07
5.997304e+07
5.997304e+07
5.997303e+07
5.997302e+07
5.997301e+07
5.997301e+07
5.997300e+07
5.997299e+07
5.997299e+07
5.997298e+07
5.997297e+07
5.997296e+07
5.997296e+07
5.997295e+07
5.997294e+07
5.997293e+07
5.997293e+07
5.997292e+07
5.997291e+07
5.997290e+07
5.997289e+07
5.997289e+07
5.997288e+07
5.997287e+07
5.997286e+07
5.997286e+07
5.997285e+07
5.997284e+07
5.997283e+07
5.997282e+07
5.997282e+07
5.997281e+07
5.997280e+07
5.997279e+07
5.997278e+07
5.997277e+07
5.997277e+07
5.997276e+07
5.997275e+07
5.997274e+07
5.997273e+07
5.997272e+07
5.997271e+07
5.997271e+07
5.997270e+07
5.997269e+07
5.997268e+07
5.997267e+07
5.997266e+07
5.997265e+07
5.997264e+07
5.997263e+07
5.997262e+07
5.997262e+07
5.997261e+07
5.997260e+07
5.997259e+07
5.997258e+07
5.997257e+07
5.997256e+07
5.997255e+07
5.997254e+07
5.997253e+07
5.997252e+07
5.997251e+07
5.997250e+07
5.997249e+07
5.997248e+07
5.997247e+07
5.997246e+07
5.997245e+07
5.997244e+07
5.997243e+07
5.997242e+07
5.997241e+07
5.997240e+07
5.997239e+07
5.997238e+07
5.997236e+07
5.997235e+07
5.997234e+07
5.997233e+07
5.997232e+07
5.997231e+07
5.997230e+07
5.997229e+07
5.997228e+07
5.997226e+07
5.997225e+07
5.997224e+07
5.997223e+07
5.997222e+07
5.997221e+07
5.997219e+07
5.997218e+07
5.997217e+07
5.997216e+07
5.997214e+07
5.997213e+07
5.997212e+07
5.997211e+07
5.997210e+07
5.997208e+07
5.997207e+07
5.997206e+07
5.997204e+07
5.997203e+07
5.997202e+07
5.997201e+07
5.997199e+07
5.997198e+07
5.997197e+07
5.997195e+07
5.997194e+07
5.997192e+07
5.997191e+07
5.997190e+07
5.997188e+07
5.997187e+07
5.997186e+07
5.997184e+07
5.997183e+07
5.997181e+07
5.997180e+07
5.997178e+07
5.997177e+07
5.997175e+07
5.997174e+07
5.997172e+07
5.997171e+07
5.997169e+07
5.997168e+07
5.997166e+07
5.997165e+07
5.997163e+07
5.997162e+07
5.997160e+07
5.997159e+07
5.997157e+07
5.997155e+07
5.997154e+07
5.997152e+07
5.997151e+07
5.997149e+07
5.997147e+07
5.997146e+07
5.997144e+07
5.997142e+07
5.997141e+07
5.997139e+07
5.997137e+07
5.997135e+07
5.997134e+07
5.997132e+07
5.997130e+07
5.997128e+07
5.997127e+07
5.997125e+07
5.997123e+07
5.997121e+07
5.997119e+07
5.997118e+07
5.997116e+07
5.997114e+07
5.997112e+07
5.997110e+07
5.997108e+07
5.997106e+07
5.997104e+07
5.997102e+07
5.997101e+07
5.997099e+07
5.997097e+07
5.997095e+07
5.997093e+07
5.997091e+07
5.997089e+07
5.997086e+07
5.997084e+07
5.997082e+07
5.997080e+07
5.997078e+07
5.997076e+07
5.997074e+07
5.997072e+07
5.997070e+07
5.997067e+07
5.997065e+07
5.997063e+07
5.997061e+07
5.997059e+07
5.997056e+07
5.997054e+07
5.997052e+07
5.997050e+07
5.997047e+07
5.997045e+07
5.997043e+07
5.997040e+07
5.997038e+07
5.997035e+07
5.997033e+07
5.997031e+07
5.997028e+07
5.997026e+07
5.997023e+07
5.997021e+07
5.997018e+07
5.997016e+07
5.997013e+07
5.997010e+07
5.997008e+07
5.997005e+07
5.997003e+07
5.997000e+07
5.996997e+07
5.996995e+07
5.996992e+07
5.996989e+07
5.996986e+07
5.996983e+07
5.996981e+07
5.996978e+07
5.996975e+07
5.996972e+07
5.996969e+07
5.996966e+07
5.996963e+07
5.996960e+07
5.996957e+07
5.996954e+07
5.996951e+07
5.996948e+07
5.996945e+07
5.996942e+07
5.996938e+07
5.996935e+07
5.996932e+07
5.996929e+07
5.996925e+07
5.996922e+07
5.996919e+07
5.996915e+07
5.996912e+07
5.996908e+07
5.996905e+07
5.996901e+07
5.996898e+07
5.996894e+07
5.996890e+07
5.996887e+07
5.996883e+07
5.996879e+07
5.996875e+07
5.996871e+07
5.996868e+07
5.996864e+07
5.996860e+07
5.996856e+07
5.996851e+07
5.996847e+07
5.996843e+07
5.996839e+07
5.996835e+07
5.996830e+07
5.996826e+07
5.996821e+07
5.996817e+07
5.996812e+07
5.996808e+07
5.996803e+07
5.996798e+07
5.996793e+07
5.996788e+07
5.996783e+07
5.996778e+07
5.996773e+07
5.996768e+07
5.996763e+07
5.996758e+07
5.996752e+07
5.996747e+07
5.996741e+07
5.996735e+07
5.996730e+07
5.996724e+07
5.996718e+07
5.996712e+07
5.996706e+07
5.996700e+07
5.996693e+07
5.996687e+07
5.996680e+07
5.996674e+07
5.996667e+07
5.996660e+07
5.996653e+07
5.996646e+07
5.996639e+07
5.996631e+07
5.996624e+07
5.996616e+07
5.996609e+07
5.996601e+07
5.996593e+07
5.996584e+07
5.996576e+07
5.996567e+07
5.996559e+07
5.996550e+07
5.996541e+07
5.996532e+07
5.996522e+07
5.996513e+07
5.996503e+07
5.996493e+07
5.996483e+07
5.996472e+07
5.996462e+07
5.996451e+07
5.996440e+07
5.996428e+07
5.996417e+07
5.996405e+07
5.996393e+07
5.996380e+07
5.996368e+07
5.996355e+07
5.996342e+07
5.996328e+07
5.996314e+07
5.996300e+07
5.996286e+07
5.996271e+07
5.996256e+07
5.996240e+07
5.996225e+07
5.996208e+07
5.996192e+07
5.996175e+07
5.996157e+07
5.996139e+07
5.996121e+07
5.996102e+07
5.996083e+07
5.996063e+07
5.996043e+07
5.996022e+07
5.996001e+07
5.995979e+07
5.995957e+07
5.995934e+07
5.995911e+07
5.995886e+07
5.995862e+07
5.995836e+07
5.995810e+07
5.995784e+07
5.995756e+07
5.995728e+07
5.995699e+07
5.995669e+07
5.995639e+07
5.995608e+07
5.995576e+07
5.995543e+07
5.995509e+07
5.995474e+07
5.995438e+07
5.995401e+07
5.995364e+07
5.995325e+07
5.995285e+07
5.995244e+07
5.995202e+07
5.995159e+07
5.995114e+07
5.995069e+07
5.995022e+07
5.994973e+07
5.994924e+07
5.994873e+07
5.994820e+07
5.994766e+07
5.994710e+07
5.994653e+07
5.994594e+07
5.994534e+07
5.994472e+07
5.994408e+07
5.994342e+07
5.994274e+07
5.994205e+07
5.994133e+07
5.994059e+07
5.993983e+07
5.993905e+07
5.993825e+07
5.993742e+07
5.993657e+07
5.993569e+07
5.993479e+07
5.993386e+07
5.993291e+07
5.993192e+07
5.993091e+07
5.992987e+07
5.992879e+07
5.992769e+07
5.992655e+07
5.992537e+07
5.992417e+07
5.992292e+07
5.992164e+07
5.992033e+07
5.991897e+07
5.991757e+07
5.991613e+07
5.991465e+07
5.991312e+07
5.991155e+07
5.990993e+07
5.990826e+07
5.990654e+07
5.990477e+07
5.990295e+07
5.990107e+07
5.989913e+07
5.989714e+07
5.989508e+07
5.989297e+07
5.989079e+07
5.988854e+07
5.988622e+07
5.988384e+07
5.988138e+07
5.987885e+07
5.987624e+07
5.987355e+07
5.987079e+07
5.986793e+07
5.986499e+07
5.986196e+07
5.985884e+07
5.985562e+07
5.985230e+07
5.984889e+07
5.984536e+07
5.984173e+07
5.983799e+07
5.983414e+07
5.983017e+07
5.982607e+07
5.982185e+07
5.981750e+07
5.981302e+07
5.980840e+07
5.980364e+07
5.979873e+07
5.979367e+07
5.978846e+07
5.978308e+07
5.977754e+07
5.977183e+07
5.976594e+07
5.975988e+07
5.975362e+07
5.974717e+07
5.974053e+07
5.973368e+07
5.972661e+07
5.971933e+07
5.971183e+07
5.970409e+07
5.969612e+07
5.968789e+07
5.967942e+07
5.967068e+07
5.966167e+07
5.965238e+07
5.964280e+07
5.963293e+07
5.962275e+07
5.961226e+07
5.960144e+07
5.959028e+07
5.957878e+07
5.956692e+07
5.955470e+07
5.954209e+07
5.952909e+07
5.951569e+07
5.950187e+07
5.948762e+07
5.947293e+07
5.945778e+07
5.944216e+07
5.942605e+07
5.940944e+07
5.939231e+07
5.937465e+07
5.935644e+07
5.933766e+07
5.931829e+07
5.929831e+07
5.927771e+07
5.925647e+07
5.923457e+07
5.921197e+07
5.918867e+07
5.916464e+07
5.913986e+07
5.911430e+07
5.908794e+07
5.906075e+07
5.903271e+07
5.900378e+07
5.897395e+07
5.894318e+07
5.891143e+07
5.887869e+07
5.884492e+07
5.881009e+07
5.877415e+07
5.873708e+07
5.869884e+07
5.865938e+07
5.861869e+07
5.857670e+07
5.853338e+07
5.848869e+07
5.844258e+07
5.839501e+07
5.834592e+07
5.829527e+07
5.824301e+07
5.818909e+07
5.813344e+07
5.807602e+07
5.801677e+07
5.795561e+07
5.789250e+07
5.782737e+07
5.776014e+07
5.769076e+07
5.761914e+07
5.754521e+07
5.746891e+07
5.739013e+07
5.730881e+07
5.722486e+07
5.713818e+07
5.704869e+07
5.695628e+07
5.686087e+07
5.676234e+07
5.666058e+07
5.655550e+07
5.644697e+07
5.633486e+07
5.621907e+07
5.609945e+07
5.597587e+07
5.584820e+07
5.571628e+07
5.557997e+07
5.543910e+07
5.529352e+07
5.514305e+07
5.498751e+07
5.482672e+07
5.466048e+07
5.448860e+07
5.431085e+07
5.412703e+07
5.393690e+07
5.374021e+07
5.353672e+07
5.332616e+07
5.310826e+07
5.288273e+07
5.264926e+07
5.240754e+07
5.215723e+07
5.189798e+07
5.162941e+07
5.135115e+07
5.106277e+07
5.076385e+07
5.045393e+07
5.013251e+07
4.979910e+07
4.945315e+07
4.909407e+07
4.872126e+07
4.833406e+07
4.793178e+07
4.751368e+07
4.707894e+07
4.662673e+07
4.615613e+07
4.566614e+07
4.515570e+07
4.462364e+07
4.406872e+07
4.348957e+07
4.288469e+07
4.225244e+07
4.159101e+07
4.089840e+07
4.017239e+07
3.941050e+07
3.860992e+07
3.776750e+07
3.687963e+07
3.594216e+07
3.495030e+07
3.389839e+07
3.277977e+07
3.158636e+07
3.030834e+07
2.893341e+07
2.744590e+07
2.582522e+07
2.404336e+07
2.206042e+07
1.981619e+07
1.721237e+07
1.407130e+07
1.002695e+07
0.000000e+00
0.000000e+00
0.000000e+00
0.000000e+00
0.000000e+00
0.000000e+00
0.000000e+00
0.000000e+00
0.000000e+00
0.000000e+00
0.000000e+00
0.000000e+00
0.000000e+00
0.000000e+00
0.000000e+00
0.000000e+00
0.000000e+00
0.000000e+00
0.000000e+00
0.000000e+00
0.000000e+00
0.000000e+00
0.000000e+00
0.000000e+00
0.000000e+00
0.000000e+00
0.000000e+00
0.000000e+00
0.000000e+00
0.000000e+00
0.000000e+00
0.000000e+00
0.000000e+00
0.000000e+00
0.000000e+00
0.000000e+00
0.000000e+00
0.000000e+00
0.000000e+00
0.000000e+00
0.000000e+00
0.000000e+00
0.000000e+00
0.000000e+00
0.000000e+00
0.000000e+00
0.000000e+00
0.000000e+00
0.000000e+00
0.000000e+00
0.000000e+00
0.000000e+00
0.000000e+00
0.000000e+00
0.000000e+00
0.000000e+00
0.000000e+00
0.000000e+00
0.000000e+00
0.000000e+00
0.000000e+00
0.000000e+00
0.000000e+00
0.000000e+00
0.000000e+00
0.000000e+00
0.000000e+00
0.000000e+00
0.000000e+00
0.000000e+00
0.000000e+00
0.000000e+00
0.000000e+00
0.000000e+00
0.000000e+00
0.000000e+00
0.000000e+00
0.000000e+00
0.000000e+00
0.000000e+00
0.000000e+00
0.000000e+00
0.000000e+00
0.000000e+00
0.000000e+00
0.000000e+00
0.000000e+00
0.000000e+00
0.000000e+00
0.000000e+00
0.000000e+00
0.000000e+00
0.000000e+00
0.000000e+00
0.000000e+00
0.000000e+00
0.000000e+00
0.000000e+00
0.000000e+00
0.000000e+00
0.000000e+00
0.000000e+00
0.000000e+00
0.000000e+00
0.000000e+00
0.000000e+00
0.000000e+00
0.000000e+00
0.000000e+00
0.000000e+00
0.000000e+00
0.000000e+00
0.000000e+00
0.000000e+00
0.000000e+00
0.000000e+00
0.000000e+00
0.000000e+00
0.000000e+00
0.000000e+00
0.000000e+00
0.000000e+00
0.000000e+00
0.000000e+00
0.000000e+00
0.000000e+00
0.000000e+00
0.000000e+00
0.000000e+00
0.000000e+00
0.000000e+00
0.000000e+00
0.000000e+00
0.000000e+00
0.000000e+00
0.000000e+00
0.000000e+00
0.000000e+00
0.000000e+00
0.000000e+00
0.000000e+00
0.000000e+00
0.000000e+00
0.000000e+00
0.000000e+00
0.000000e+00
0.000000e+00
0.000000e+00
0.000000e+00
0.000000e+00
0.000000e+00
0.000000e+00
0.000000e+00
0.000000e+00
0.000000e+00
0.000000e+00
0.000000e+00
0.000000e+00
0.000000e+00
0.000000e+00
0.000000e+00
0.000000e+00
0.000000e+00
0.000000e+00
0.000000e+00
0.000000e+00
0.000000e+00
0.000000e+00
0.000000e+00
0.000000e+00
0.000000e+00
0.000000e+00
0.000000e+00
0.000000e+00
0.000000e+00
0.000000e+00
0.000000e+00
0.000000e+00
0.000000e+00
0.000000e+00
0.000000e+00
0.000000e+00
0.000000e+00
0.000000e+00
0.000000e+00
0.000000e+00
0.000000e+00
0.000000e+00
0.000000e+00
0.000000e+00
0.000000e+00
0.000000e+00
0.000000e+00
0.000000e+00
0.000000e+00
0.000000e+00
0.000000e+00
0.000000e+00
0.000000e+00
0.000000e+00
0.000000e+00
0.000000e+00
0.000000e+00
0.000000e+00
0.000000e+00
0.000000e+00
0.000000e+00
0.000000e+00
0.000000e+00
0.000000e+00
0.000000e+00
0.000000e+00
0.000000e+00
0.000000e+00
0.000000e+00
0.000000e+00
0.000000e+00
0.000000e+00
0.000000e+00
0.000000e+00
0.000000e+00
0.000000e+00
0.000000e+00
0.000000e+00
0.000000e+00
0.000000e+00
0.000000e+00
0.000000e+00
0.000000e+00
0.000000e+00
0.000000e+00
0.000000e+00
0.000000e+00
0.000000e+00
0.000000e+00
0.000000e+00
0.000000e+00
0.000000e+00
0.000000e+00
0.000000e+00
0.000000e+00
0.000000e+00
0.000000e+00
0.000000e+00
0.000000e+00
0.000000e+00
0.000000e+00
0.000000e+00
0.000000e+00
0.000000e+00
0.000000e+00
0.000000e+00
0.000000e+00
0.000000e+00
0.000000e+00
0.000000e+00
0.000000e+00
0.000000e+00
0.000000e+00
0.000000e+00
0.000000e+00
0.000000e+00
0.000000e+00
0.000000e+00
0.000000e+00
0.000000e+00
0.000000e+00
0.000000e+00
0.000000e+00
0.000000e+00
0.000000e+00
0.000000e+00
0.000000e+00
0.000000e+00
0.000000e+00
0.000000e+00
0.000000e+00
0.000000e+00
0.000000e+00
0.000000e+00
0.000000e+00
0.000000e+00
0.000000e+00
0.000000e+00
0.000000e+00
0.000000e+00
0.000000e+00
0.000000e+00
0.000000e+00
0.000000e+00
0.000000e+00
0.000000e+00
0.000000e+00
0.000000e+00
0.000000e+00
0.000000e+00
0.000000e+00
0.000000e+00
0.000000e+00
0.000000e+00
0.000000e+00
0.000000e+00
0.000000e+00
0.000000e+00
0.000000e+00
0.000000e+00
0.000000e+00
0.000000e+00
0.000000e+00
0.000000e+00
0.000000e+00
0.000000e+00
0.000000e+00
0.000000e+00
0.000000e+00
0.000000e+00
0.000000e+00
0.000000e+00
0.000000e+00
0.000000e+00
0.000000e+00
0.000000e+00
0.000000e+00
0.000000e+00
0.000000e+00
0.000000e+00
0.000000e+00
0.000000e+00
0.000000e+00
0.000000e+00
0.000000e+00
0.000000e+00
0.000000e+00
0.000000e+00
0.000000e+00
0.000000e+00
0.000000e+00
0.000000e+00
0.000000e+00
0.000000e+00
0.000000e+00
0.000000e+00
0.000000e+00
0.000000e+00
0.000000e+00
0.000000e+00
0.000000e+00
0.000000e+00
0.000000e+00
0.000000e+00
0.000000e+00
0.000000e+00
0.000000e+00
0.000000e+00
0.000000e+00
0.000000e+00
0.000000e+00
0.000000e+00
0.000000e+00
0.000000e+00
0.000000e+00
0.000000e+00
0.000000e+00
0.000000e+00
0.000000e+00
0.000000e+00
0.000000e+00
0.000000e+00
0.000000e+00
0.000000e+00
0.000000e+00
0.000000e+00
0.000000e+00
0.000000e+00
0.000000e+00
0.000000e+00
0.000000e+00
0.000000e+00
0.000000e+00
0.000000e+00
0.000000e+00
0.000000e+00
0.000000e+00
0.000000e+00
0.000000e+00
0.000000e+00
0.000000e+00
0.000000e+00
0.000000e+00
0.000000e+00
0.000000e+00
0.000000e+00
0.000000e+00
0.000000e+00
0.000000e+00
0.000000e+00
0.000000e+00
0.000000e+00
0.000000e+00
0.000000e+00
0.000000e+00
0.000000e+00
0.000000e+00
0.000000e+00
0.000000e+00
0.000000e+00
0.000000e+00
0.000000e+00
0.000000e+00
0.000000e+00
0.000000e+00
0.000000e+00
0.000000e+00
0.000000e+00
0.000000e+00
0.000000e+00
0.000000e+00
0.000000e+00
0.000000e+00
0.000000e+00
0.000000e+00
0.000000e+00
0.000000e+00
0.000000e+00
0.000000e+00
0.000000e+00
0.000000e+00
0.000000e+00
0.000000e+00
0.000000e+00
0.000000e+00
0.000000e+00
0.000000e+00
0.000000e+00
0.000000e+00
0.000000e+00
0.000000e+00
0.000000e+00
0.000000e+00
0.000000e+00
0.000000e+00
0.000000e+00
0.000000e+00
0.000000e+00
0.000000e+00
0.000000e+00
0.000000e+00
0.000000e+00
0.000000e+00
0.000000e+00
0.000000e+00
0.000000e+00
0.000000e+00
0.000000e+00
0.000000e+00
0.000000e+00
0.000000e+00
0.000000e+00
0.000000e+00
0.000000e+00
0.000000e+00
0.000000e+00
0.000000e+00
0.000000e+00
0.000000e+00
0.000000e+00
0.000000e+00
0.000000e+00
0.000000e+00
0.000000e+00
0.000000e+00
0.000000e+00
0.000000e+00
0.000000e+00
0.000000e+00
0.000000e+00
0.000000e+00
0.000000e+00
0.000000e+00
0.000000e+00
0.000000e+00
0.000000e+00
0.000000e+00
0.000000e+00
0.000000e+00
0.000000e+00
0.000000e+00
0.000000e+00
0.000000e+00
0.000000e+00
0.000000e+00
0.000000e+00
0.000000e+00
0.000000e+00
0.000000e+00
0.000000e+00
0.000000e+00
0.000000e+00
0.000000e+00
0.000000e+00
0.000000e+00
0.000000e+00
0.000000e+00
0.000000e+00
0.000000e+00
0.000000e+00
0.000000e+00
0.000000e+00
0.000000e+00
0.000000e+00
0.000000e+00
0.000000e+00
0.000000e+00
0.000000e+00
0.000000e+00
0.000000e+00
0.000000e+00
0.000000e+00
0.000000e+00
0.000000e+00
0.000000e+00
0.000000e+00
0.000000e+00
0.000000e+00
0.000000e+00
0.000000e+00
0.000000e+00
0.000000e+00
0.000000e+00
0.000000e+00
0.000000e+00
0.000000e+00
0.000000e+00
0.000000e+00
0.000000e+00
0.000000e+00
0.000000e+00
0.000000e+00
0.000000e+00
0.000000e+00
0.000000e+00
0.000000e+00
0.000000e+00
0.000000e+00
0.000000e+00
0.000000e+00
0.000000e+00
0.000000e+00
0.000000e+00
0.000000e+00
0.000000e+00
0.000000e+00
0.000000e+00
0.000000e+00
0.000000e+00
0.000000e+00
0.000000e+00
0.000000e+00
0.000000e+00
0.000000e+00
0.000000e+00
0.000000e+00
0.000000e+00
0.000000e+00
0.000000e+00
0.000000e+00
0.000000e+00
0.000000e+00
0.000000e+00
0.000000e+00
0.000000e+00
0.000000e+00
0.000000e+00
0.000000e+00
0.000000e+00
0.000000e+00
0.000000e+00
0.000000e+00
0.000000e+00
0.000000e+00
0.000000e+00
0.000000e+00
0.000000e+00
0.000000e+00
0.000000e+00
0.000000e+00
0.000000e+00
0.000000e+00
0.000000e+00
0.000000e+00
0.000000e+00
0.000000e+00
0.000000e+00
0.000000e+00
0.000000e+00
0.000000e+00
0.000000e+00
0.000000e+00
0.000000e+00
0.000000e+00
0.000000e+00
0.000000e+00
0.000000e+00
0.000000e+00
0.000000e+00
0.000000e+00
0.000000e+00
0.000000e+00
0.000000e+00
0.000000e+00
0.000000e+00
0.000000e+00
0.000000e+00
0.000000e+00
0.000000e+00
0.000000e+00
0.000000e+00
0.000000e+00
0.000000e+00
0.000000e+00
0.000000e+00
0.000000e+00
0.000000e+00
0.000000e+00
0.000000e+00
0.000000e+00
0.000000e+00
0.000000e+00
0.000000e+00
0.000000e+00
0.000000e+00
0.000000e+00
0.000000e+00
0.000000e+00
0.000000e+00
0.000000e+00
0.000000e+00
0.000000e+00
0.000000e+00
0.000000e+00
0.000000e+00
0.000000e+00
0.000000e+00
0.000000e+00
0.000000e+00
0.000000e+00
0.000000e+00
0.000000e+00
0.000000e+00
0.000000e+00
0.000000e+00
0.000000e+00
0.000000e+00
0.000000e+00
0.000000e+00
0.000000e+00
0.000000e+00
0.000000e+00
0.000000e+00
0.000000e+00
0.000000e+00
0.000000e+00
0.000000e+00
0.000000e+00
0.000000e+00
0.000000e+00
0.000000e+00
0.000000e+00
0.000000e+00
0.000000e+00
0.000000e+00
0.000000e+00
0.000000e+00
0.000000e+00
0.000000e+00
0.000000e+00
0.000000e+00
0.000000e+00
0.000000e+00
0.000000e+00
0.000000e+00
0.000000e+00
0.000000e+00
0.000000e+00
0.000000e+00
0.000000e+00
0.000000e+00
0.000000e+00
0.000000e+00
0.000000e+00
0.000000e+00
0.000000e+00
0.000000e+00
0.000000e+00
0.000000e+00
0.000000e+00
0.000000e+00
0.000000e+00
0.000000e+00
0.000000e+00
0.000000e+00
0.000000e+00
0.000000e+00
0.000000e+00
0.000000e+00
0.000000e+00
0.000000e+00
0.000000e+00
0.000000e+00
0.000000e+00
0.000000e+00
0.000000e+00
0.000000e+00
0.000000e+00
0.000000e+00
0.000000e+00
0.000000e+00
0.000000e+00
0.000000e+00
0.000000e+00
0.000000e+00
0.000000e+00
0.000000e+00
0.000000e+00
0.000000e+00
0.000000e+00
0.000000e+00
0.000000e+00
0.000000e+00
0.000000e+00
0.000000e+00
0.000000e+00
0.000000e+00
0.000000e+00
0.000000e+00
0.000000e+00
0.000000e+00
0.000000e+00
0.000000e+00
0.000000e+00
0.000000e+00
0.000000e+00
0.000000e+00
0.000000e+00
0.000000e+00
0.000000e+00
0.000000e+00
0.000000e+00
0.000000e+00
0.000000e+00
0.000000e+00
0.000000e+00
0.000000e+00
0.000000e+00
0.000000e+00
0.000000e+00
0.000000e+00
0.000000e+00
0.000000e+00
0.000000e+00
0.000000e+00
0.000000e+00
0.000000e+00
0.000000e+00
0.000000e+00
0.000000e+00
0.000000e+00
0.000000e+00
0.000000e+00
0.000000e+00
0.000000e+00
0.000000e+00
0.000000e+00
0.000000e+00
0.000000e+00
0.000000e+00
0.000000e+00
0.000000e+00
0.000000e+00
0.000000e+00
0.000000e+00
0.000000e+00
0.000000e+00
0.000000e+00
0.000000e+00
0.000000e+00
0.000000e+00
0.000000e+00
0.000000e+00
0.000000e+00
0.000000e+00
0.000000e+00
0.000000e+00
0.000000e+00
0.000000e+00
0.000000e+00
0.000000e+00
0.000000e+00
0.000000e+00
0.000000e+00
0.000000e+00
0.000000e+00
0.000000e+00
0.000000e+00
0.000000e+00
0.000000e+00
0.000000e+00
0.000000e+00
0.000000e+00
0.000000e+00
0.000000e+00
0.000000e+00
0.000000e+00
0.000000e+00
0.000000e+00
0.000000e+00
0.000000e+00
0.000000e+00
0.000000e+00
0.000000e+00
0.000000e+00
0.000000e+00
0.000000e+00
0.000000e+00
0.000000e+00
0.000000e+00
0.000000e+00
0.000000e+00
0.000000e+00
0.000000e+00
0.000000e+00
0.000000e+00
0.000000e+00
0.000000e+00
0.000000e+00
0.000000e+00
0.000000e+00
0.000000e+00
0.000000e+00
0.000000e+00
0.000000e+00
0.000000e+00
0.000000e+00
0.000000e+00
0.000000e+00
0.000000e+00
0.000000e+00
0.000000e+00
0.000000e+00
0.000000e+00
0.000000e+00
0.000000e+00
0.000000e+00
0.000000e+00
0.000000e+00
0.000000e+00
0.000000e+00
0.000000e+00
0.000000e+00
0.000000e+00
0.000000e+00
0.000000e+00
0.000000e+00
0.000000e+00
0.000000e+00
0.000000e+00
0.000000e+00
0.000000e+00
0.000000e+00
0.000000e+00
0.000000e+00
0.000000e+00
0.000000e+00
0.000000e+00
0.000000e+00
0.000000e+00
0.000000e+00
0.000000e+00
0.000000e+00
0.000000e+00
0.000000e+00
0.000000e+00
0.000000e+00
0.000000e+00
0.000000e+00
0.000000e+00
0.000000e+00
0.000000e+00
0.000000e+00
0.000000e+00
0.000000e+00
0.000000e+00
0.000000e+00
0.000000e+00
0.000000e+00
0.000000e+00
0.000000e+00
0.000000e+00
0.000000e+00
0.000000e+00
0.000000e+00
0.000000e+00
0.000000e+00
0.000000e+00
0.000000e+00
0.000000e+00
0.000000e+00
0.000000e+00
0.000000e+00
0.000000e+00
0.000000e+00
0.000000e+00
0.000000e+00
0.000000e+00
0.000000e+00
0.000000e+00
0.000000e+00
0.000000e+00
0.000000e+00
0.000000e+00
0.000000e+00
0.000000e+00
0.000000e+00
0.000000e+00
0.000000e+00
0.000000e+00
0.000000e+00
0.000000e+00
0.000000e+00
0.000000e+00
0.000000e+00
0.000000e+00
0.000000e+00
0.000000e+00
0.000000e+00
0.000000e+00
0.000000e+00
0.000000e+00
0.000000e+00
0.000000e+00
0.000000e+00
0.000000e+00
0.000000e+00
0.000000e+00
0.000000e+00
0.000000e+00
0.000000e+00
0.000000e+00
0.000000e+00
0.000000e+00
0.000000e+00
0.000000e+00
0.000000e+00
0.000000e+00
0.000000e+00
0.000000e+00
0.000000e+00
0.000000e+00
0.000000e+00
0.000000e+00
0.000000e+00
0.000000e+00
0.000000e+00
0.000000e+00
0.000000e+00
0.000000e+00
0.000000e+00
0.000000e+00
0.000000e+00
0.000000e+00
0.000000e+00
0.000000e+00
0.000000e+00
0.000000e+00
0.000000e+00
0.000000e+00
0.000000e+00
0.000000e+00
0.000000e+00
0.000000e+00
0.000000e+00
0.000000e+00
0.000000e+00
0.000000e+00
0.000000e+00
0.000000e+00
0.000000e+00
0.000000e+00
0.000000e+00
0.000000e+00
0.000000e+00
0.000000e+00
0.000000e+00
0.000000e+00
0.000000e+00
0.000000e+00
0.000000e+00
0.000000e+00
0.000000e+00
0.000000e+00
0.000000e+00
0.000000e+00
0.000000e+00
0.000000e+00
0.000000e+00
0.000000e+00
0.000000e+00
0.000000e+00
0.000000e+00
0.000000e+00
0.000000e+00
0.000000e+00
0.000000e+00
0.000000e+00
0.000000e+00
0.000000e+00
0.000000e+00
0.000000e+00
0.000000e+00
0.000000e+00
0.000000e+00
0.000000e+00
0.000000e+00
0.000000e+00
0.000000e+00
0.000000e+00
0.000000e+00
0.000000e+00
0.000000e+00
0.000000e+00
0.000000e+00
0.000000e+00
0.000000e+00
0.000000e+00
0.000000e+00
0.000000e+00
0.000000e+00
0.000000e+00
0.000000e+00
0.000000e+00
0.000000e+00
0.000000e+00
0.000000e+00
0.000000e+00
0.000000e+00
0.000000e+00
0.000000e+00
0.000000e+00
0.000000e+00
0.000000e+00
0.000000e+00
0.000000e+00
0.000000e+00
0.000000e+00
0.000000e+00
0.000000e+00
0.000000e+00
0.000000e+00
0.000000e+00
0.000000e+00
0.000000e+00
0.000000e+00
0.000000e+00
0.000000e+00
0.000000e+00
0.000000e+00
0.000000e+00
0.000000e+00
0.000000e+00
0.000000e+00
0.000000e+00
0.000000e+00
0.000000e+00
0.000000e+00
0.000000e+00
0.000000e+00
0.000000e+00
0.000000e+00
0.000000e+00
0.000000e+00
0.000000e+00
0.000000e+00
0.000000e+00
0.000000e+00
0.000000e+00
0.000000e+00
0.000000e+00
0.000000e+00
0.000000e+00
0.000000e+00
0.000000e+00
0.000000e+00
0.000000e+00
0.000000e+00
0.000000e+00
0.000000e+00
0.000000e+00
0.000000e+00
0.000000e+00
0.000000e+00
0.000000e+00
0.000000e+00
0.000000e+00
0.000000e+00
