6.001309e+07
6.001231e+07
6.001214e+07
6.001204e+07
6.001198e+07
6.001192e+07
6.001188e+07
6.001185e+07
6.001182e+07
6.001179e+07
6.001177e+07
6.001175e+07
6.001173e+07
6.001171e+07
6.001169e+07
6.001167e+07
6.001166e+07
6.001164e+07
6.001163e+07
6.001162e+07
6.001161e+07
6.001159e+07
6.001158e+07
6.001157e+07
6.001156e+07
6.001155e+07
6.001154e+07
6.001153e+07
6.001152e+07
6.001151e+07
6.001150e+07
6.001149e+07
6.001148e+07
6.001147e+07
6.001147e+07
6.001146e+07
6.001145e+07
6.001144e+07
6.001143e+07
6.001143e+07
6.001142e+07
6.001141e+07
6.001140e+07
6.001139e+07
6.001139e+07
6.001138e+07
6.001137e+07
6.001136e+07
6.001136e+07
6.001135e+07
6.001134e+07
6.001133e+07
6.001133e+07
6.001132e+07
6.001131e+07
6.001131e+07
6.001130e+07
6.001129e+07
6.001128e+07
6.001128e+07
6.001127e+07
6.001126e+07
6.001126e+07
6.001125e+07
6.001124e+07
6.001123e+07
6.001123e+07
6.001122e+07
6.001121e+07
6.001120e+07
6.001120e+07
6.001119e+07
6.001118e+07
6.001117e+07
6.001117e+07
6.001116e+07
6.001115e+07
6.001115e+07
6.001114e+07
6.001113e+07
6.001112e+07
6.001111e+07
6.001111e+07
6.001110e+07
6.001109e+07
6.001108e+07
6.001108e+07
6.001107e+07
6.001106e+07
6.001105e+07
6.001105e+07
6.001104e+07
6.001103e+07
6.001102e+07
6.001101e+07
6.001100e+07
6.001100e+07
6.001099e+07
6.001098e+07
6.001097e+07
6.001096e+07
6.001096e+07
6.001095e+07
6.001094e+07
6.001093e+07
6.001092e+07
6.001091e+07
6.001090e+07
6.001090e+07
6.001089e+07
6.001088e+07
6.001087e+07
6.001086e+07
6.001085e+07
6.001084e+07
6.001083e+07
6.001082e+07
6.001081e+07
6.001081e+07
6.001080e+07
6.001079e+07
6.001078e+07
6.001077e+07
6.001076e+07
6.001075e+07
6.001074e+07
6.001073e+07
6.001072e+07
6.001071e+07
6.001070e+07
6.001069e+07
6.001068e+07
6.001067e+07
6.001066e+07
6.001065e+07
6.001064e+07
6.001063e+07
6.001062e+07
6.001061e+07
6.001060e+07
6.001059e+07
6.001058e+07
6.001056e+07
6.001055e+07
6.001054e+07
6.001053e+07
6.001052e+07
6.001051e+07
6.001050e+07
6.001049e+07
6.001048e+07
6.001046e+07
6.001045e+07
6.001044e+07
6.001043e+07
6.001042e+07
6.001041e+07
6.001039e+07
6.001038e+07
6.001037e+07
6.001036e+07
6.001035e+07
6.001033e+07
6.001032e+07
6.001031e+07
6.001030e+07
6.001028e+07
6.001027e+07
6.001026e+07
6.001025e+07
6.001023e+07
6.001022e+07
6.001021e+07
6.001019e+07
6.001018e+07
6.001017e+07
6.001015e+07
6.001014e+07
6.001013e+07
6.001011e+07
6.001010e+07
6.001009e+07
6.001007e+07
6.001006e+07
6.001004e+07
6.001003e+07
6.001002e+07
6.001000e+07
6.000999e+07
6.000997e+07
6.000996e+07
6.000994e+07
6.000993e+07
6.000991e+07
6.000990e+07
6.000988e+07
6.000987e+07
6.000985e+07
6.000984e+07
6.000982e+07
6.000981e+07
6.000979e+07
6.000978e+07
6.000976e+07
6.000974e+07
6.000973e+07
6.000971e+07
6.000969e+07
6.000968e+07
6.000966e+07
6.000965e+07
6.000963e+07
6.000961e+07
6.000959e+07
6.000958e+07
6.000956e+07
6.000954e+07
6.000953e+07
6.000951e+07
6.000949e+07
6.000947e+07
6.000946e+07
6.000944e+07
6.000942e+07
6.000940e+07
6.000938e+07
6.000936e+07
6.000935e+07
6.000933e+07
6.000931e+07
6.000929e+07
6.000927e+07
6.000925e+07
6.000923e+07
6.000921e+07
6.000919e+07
6.000917e+07
6.000915e+07
6.000913e+07
6.000911e+07
6.000909e+07
6.000907e+07
6.000905e+07
6.000903e+07
6.000901e+07
6.000899e+07
6.000897e+07
6.000895e+07
6.000893e+07
6.000891e+07
6.000888e+07
6.000886e+07
6.000884e+07
6.000882e+07
6.000880e+07
6.000877e+07
6.000875e+07
6.000873e+07
6.000871e+07
6.000868e+07
6.000866e+07
6.000864e+07
6.000861e+07
6.000859e+07
6.000857e+07
6.000854e+07
6.000852e+07
6.000849e+07
6.000847e+07
6.000844e+07
6.000842e+07
6.000839e+07
6.000837e+07
6.000834e+07
6.000832e+07
6.000829e+07
6.000827e+07
6.000824e+07
6.000821e+07
6.000819e+07
6.000816e+07
6.000813e+07
6.000810e+07
6.000808e+07
6.000805e+07
6.000802e+07
6.000799e+07
6.000796e+07
6.000794e+07
6.000791e+07
6.000788e+07
6.000785e+07
6.000782e+07
6.000779e+07
6.000776e+07
6.000773e+07
6.000770e+07
6.000767e+07
6.000763e+07
6.000760e+07
6.000757e+07
6.000754e+07
6.000751e+07
6.000747e+07
6.000744e+07
6.000741e+07
6.000737e+07
6.000734e+07
6.000730e+07
6.000727e+07
6.000723e+07
6.000720e+07
6.000716e+07
6.000713e+07
6.000709e+07
6.000705e+07
6.000702e+07
6.000698e+07
6.000694e+07
6.000690e+07
6.000686e+07
6.000682e+07
6.000678e+07
6.000674e+07
6.000670e+07
6.000666e+07
6.000662e+07
6.000657e+07
6.000653e+07
6.000649e+07
6.000644e+07
6.000640e+07
6.000635e+07
6.000631e+07
6.000626e+07
6.000621e+07
6.000617e+07
6.000612e+07
6.000607e+07
6.000602e+07
6.000597e+07
6.000592e+07
6.000587e+07
6.000581e+07
6.000576e+07
6.000571e+07
6.000565e+07
6.000560e+07
6.000554e+07
6.000548e+07
6.000542e+07
6.000536e+07
6.000530e+07
6.000524e+07
6.000518e+07
6.000512e+07
6.000505e+07
6.000499e+07
6.000492e+07
6.000485e+07
6.000479e+07
6.000472e+07
6.000464e+07
6.000457e+07
6.000450e+07
6.000442e+07
6.000435e+07
6.000427e+07
6.000419e+07
6.000411e+07
6.000403e+07
6.000394e+07
6.000386e+07
6.000377e+07
6.000368e+07
6.000359e+07
6.000350e+07
6.000341e+07
6.000331e+07
6.000321e+07
6.000311e+07
6.000301e+07
6.000291e+07
6.000280e+07
6.000269e+07
6.000258e+07
6.000247e+07
6.000235e+07
6.000223e+07
6.000211e+07
6.000199e+07
6.000186e+07
6.000173e+07
6.000160e+07
6.000147e+07
6.000133e+07
6.000119e+07
6.000104e+07
6.000089e+07
6.000074e+07
6.000059e+07
6.000043e+07
6.000027e+07
6.000010e+07
5.999993e+07
5.999975e+07
5.999957e+07
5.999939e+07
5.999920e+07
5.999901e+07
5.999881e+07
5.999861e+07
5.999840e+07
5.999819e+07
5.999797e+07
5.999775e+07
5.999752e+07
5.999729e+07
5.999705e+07
5.999680e+07
5.999654e+07
5.999628e+07
5.999602e+07
5.999574e+07
5.999546e+07
5.999517e+07
5.999488e+07
5.999457e+07
5.999426e+07
5.999394e+07
5.999361e+07
5.999327e+07
5.999292e+07
5.999256e+07
5.999220e+07
5.999182e+07
5.999143e+07
5.999103e+07
5.999062e+07
5.999020e+07
5.998977e+07
5.998932e+07
5.998887e+07
5.998840e+07
5.998791e+07
5.998742e+07
5.998691e+07
5.998638e+07
5.998584e+07
5.998528e+07
5.998471e+07
5.998413e+07
5.998352e+07
5.998290e+07
5.998226e+07
5.998160e+07
5.998092e+07
5.998023e+07
5.997951e+07
5.997877e+07
5.997801e+07
5.997723e+07
5.997643e+07
5.997560e+07
5.997475e+07
5.997387e+07
5.997297e+07
5.997204e+07
5.997109e+07
5.997010e+07
5.996909e+07
5.996805e+07
5.996697e+07
5.996587e+07
5.996473e+07
5.996356e+07
5.996235e+07
5.996111e+07
5.995983e+07
5.995851e+07
5.995715e+07
5.995575e+07
5.995432e+07
5.995283e+07
5.995131e+07
5.994973e+07
5.994811e+07
5.994644e+07
5.994473e+07
5.994296e+07
5.994113e+07
5.993925e+07
5.993732e+07
5.993532e+07
5.993327e+07
5.993115e+07
5.992897e+07
5.992673e+07
5.992441e+07
5.992203e+07
5.991957e+07
5.991704e+07
5.991443e+07
5.991175e+07
5.990898e+07
5.990613e+07
5.990319e+07
5.990016e+07
5.989703e+07
5.989382e+07
5.989050e+07
5.988709e+07
5.988356e+07
5.987994e+07
5.987620e+07
5.987234e+07
5.986837e+07
5.986428e+07
5.986006e+07
5.985571e+07
5.985123e+07
5.984661e+07
5.984185e+07
5.983694e+07
5.983189e+07
5.982667e+07
5.982130e+07
5.981576e+07
5.981005e+07
5.980417e+07
5.979810e+07
5.979185e+07
5.978541e+07
5.977876e+07
5.977191e+07
5.976485e+07
5.975758e+07
5.975007e+07
5.974234e+07
5.973437e+07
5.972615e+07
5.971767e+07
5.970894e+07
5.969993e+07
5.969064e+07
5.968107e+07
5.967120e+07
5.966103e+07
5.965054e+07
5.963972e+07
5.962857e+07
5.961708e+07
5.960522e+07
5.959300e+07
5.958040e+07
5.956741e+07
5.955401e+07
5.954020e+07
5.952595e+07
5.951127e+07
5.949612e+07
5.948051e+07
5.946441e+07
5.944780e+07
5.943068e+07
5.941303e+07
5.939482e+07
5.937605e+07
5.935669e+07
5.933672e+07
5.931614e+07
5.929490e+07
5.927301e+07
5.925042e+07
5.922713e+07
5.920311e+07
5.917834e+07
5.915279e+07
5.912644e+07
5.909927e+07
5.907123e+07
5.904232e+07
5.901250e+07
5.898174e+07
5.895002e+07
5.891729e+07
5.888354e+07
5.884871e+07
5.881279e+07
5.877574e+07
5.873752e+07
5.869808e+07
5.865740e+07
5.861543e+07
5.857213e+07
5.852746e+07
5.848138e+07
5.843382e+07
5.838476e+07
5.833414e+07
5.828190e+07
5.822800e+07
5.817238e+07
5.811498e+07
5.805575e+07
5.799463e+07
5.793154e+07
5.786644e+07
5.779924e+07
5.772989e+07
5.765830e+07
5.758441e+07
5.750813e+07
5.742940e+07
5.734811e+07
5.726419e+07
5.717755e+07
5.708809e+07
5.699573e+07
5.690035e+07
5.680186e+07
5.670015e+07
5.659511e+07
5.648662e+07
5.637456e+07
5.625881e+07
5.613924e+07
5.601571e+07
5.588808e+07
5.575621e+07
5.561995e+07
5.547913e+07
5.533360e+07
5.518318e+07
5.502770e+07
5.486696e+07
5.470078e+07
5.452895e+07
5.435125e+07
5.416748e+07
5.397740e+07
5.378077e+07
5.357734e+07
5.336684e+07
5.314899e+07
5.292351e+07
5.269010e+07
5.244843e+07
5.219816e+07
5.193896e+07
5.167044e+07
5.139222e+07
5.110389e+07
5.080501e+07
5.049512e+07
5.017374e+07
4.984036e+07
4.949442e+07
4.913537e+07
4.876257e+07
4.837538e+07
4.797309e+07
4.755497e+07
4.712022e+07
4.666798e+07
4.619733e+07
4.570728e+07
4.519677e+07
4.466463e+07
4.410961e+07
4.353033e+07
4.292530e+07
4.229287e+07
4.163124e+07
4.093840e+07
4.021213e+07
3.944993e+07
3.864901e+07
3.780619e+07
3.691788e+07
3.597991e+07
3.498747e+07
3.393491e+07
3.281555e+07
3.162130e+07
3.034232e+07
2.896631e+07
2.747755e+07
2.585544e+07
2.407190e+07
2.208700e+07
1.984043e+07
1.723375e+07
1.408906e+07
1.003982e+07
0.000000e+00
0.000000e+00
0.000000e+00
0.000000e+00
0.000000e+00
0.000000e+00
0.000000e+00
0.000000e+00
0.000000e+00
0.000000e+00
0.000000e+00
0.000000e+00
0.000000e+00
0.000000e+00
0.000000e+00
0.000000e+00
0.000000e+00
0.000000e+00
0.000000e+00
0.000000e+00
0.000000e+00
0.000000e+00
0.000000e+00
0.000000e+00
0.000000e+00
0.000000e+00
0.000000e+00
0.000000e+00
0.000000e+00
0.000000e+00
0.000000e+00
0.000000e+00
0.000000e+00
0.000000e+00
0.000000e+00
0.000000e+00
0.000000e+00
0.000000e+00
0.000000e+00
0.000000e+00
0.000000e+00
0.000000e+00
0.000000e+00
0.000000e+00
0.000000e+00
0.000000e+00
0.000000e+00
0.000000e+00
0.000000e+00
0.000000e+00
0.000000e+00
0.000000e+00
0.000000e+00
0.000000e+00
0.000000e+00
0.000000e+00
0.000000e+00
0.000000e+00
0.000000e+00
0.000000e+00
0.000000e+00
0.000000e+00
0.000000e+00
0.000000e+00
0.000000e+00
0.000000e+00
0.000000e+00
0.000000e+00
0.000000e+00
0.000000e+00
0.000000e+00
0.000000e+00
0.000000e+00
0.000000e+00
0.000000e+00
0.000000e+00
0.000000e+00
0.000000e+00
0.000000e+00
0.000000e+00
0.000000e+00
0.000000e+00
0.000000e+00
0.000000e+00
0.000000e+00
0.000000e+00
0.000000e+00
0.000000e+00
0.000000e+00
0.000000e+00
0.000000e+00
0.000000e+00
0.000000e+00
0.000000e+00
0.000000e+00
0.000000e+00
0.000000e+00
0.000000e+00
0.000000e+00
0.000000e+00
0.000000e+00
0.000000e+00
0.000000e+00
0.000000e+00
0.000000e+00
0.000000e+00
0.000000e+00
0.000000e+00
0.000000e+00
0.000000e+00
0.000000e+00
0.000000e+00
0.000000e+00
0.000000e+00
0.000000e+00
0.000000e+00
0.000000e+00
0.000000e+00
0.000000e+00
0.000000e+00
0.000000e+00
0.000000e+00
0.000000e+00
0.000000e+00
0.000000e+00
0.000000e+00
0.000000e+00
0.000000e+00
0.000000e+00
0.000000e+00
0.000000e+00
0.000000e+00
0.000000e+00
0.000000e+00
0.000000e+00
0.000000e+00
0.000000e+00
0.000000e+00
0.000000e+00
0.000000e+00
0.000000e+00
0.000000e+00
0.000000e+00
0.000000e+00
0.000000e+00
0.000000e+00
0.000000e+00
0.000000e+00
0.000000e+00
0.000000e+00
0.000000e+00
0.000000e+00
0.000000e+00
0.000000e+00
0.000000e+00
0.000000e+00
0.000000e+00
0.000000e+00
0.000000e+00
0.000000e+00
0.000000e+00
0.000000e+00
0.000000e+00
0.000000e+00
0.000000e+00
0.000000e+00
0.000000e+00
0.000000e+00
0.000000e+00
0.000000e+00
0.000000e+00
0.000000e+00
0.000000e+00
0.000000e+00
0.000000e+00
0.000000e+00
0.000000e+00
0.000000e+00
0.000000e+00
0.000000e+00
0.000000e+00
0.000000e+00
0.000000e+00
0.000000e+00
0.000000e+00
0.000000e+00
0.000000e+00
0.000000e+00
0.000000e+00
0.000000e+00
0.000000e+00
0.000000e+00
0.000000e+00
0.000000e+00
0.000000e+00
0.000000e+00
0.000000e+00
0.000000e+00
0.000000e+00
0.000000e+00
0.000000e+00
0.000000e+00
0.000000e+00
0.000000e+00
0.000000e+00
0.000000e+00
0.000000e+00
0.000000e+00
0.000000e+00
0.000000e+00
0.000000e+00
0.000000e+00
0.000000e+00
0.000000e+00
0.000000e+00
0.000000e+00
0.000000e+00
0.000000e+00
0.000000e+00
0.000000e+00
0.000000e+00
0.000000e+00
0.000000e+00
0.000000e+00
0.000000e+00
0.000000e+00
0.000000e+00
0.000000e+00
0.000000e+00
0.000000e+00
0.000000e+00
0.000000e+00
0.000000e+00
0.000000e+00
0.000000e+00
0.000000e+00
0.000000e+00
0.000000e+00
0.000000e+00
0.000000e+00
0.000000e+00
0.000000e+00
0.000000e+00
0.000000e+00
0.000000e+00
0.000000e+00
0.000000e+00
0.000000e+00
0.000000e+00
0.000000e+00
0.000000e+00
0.000000e+00
0.000000e+00
0.000000e+00
0.000000e+00
0.000000e+00
0.000000e+00
0.000000e+00
0.000000e+00
0.000000e+00
0.000000e+00
0.000000e+00
0.000000e+00
0.000000e+00
0.000000e+00
0.000000e+00
0.000000e+00
0.000000e+00
0.000000e+00
0.000000e+00
0.000000e+00
0.000000e+00
0.000000e+00
0.000000e+00
0.000000e+00
0.000000e+00
0.000000e+00
0.000000e+00
0.000000e+00
0.000000e+00
0.000000e+00
0.000000e+00
0.000000e+00
0.000000e+00
0.000000e+00
0.000000e+00
0.000000e+00
0.000000e+00
0.000000e+00
0.000000e+00
0.000000e+00
0.000000e+00
0.000000e+00
0.000000e+00
0.000000e+00
0.000000e+00
0.000000e+00
0.000000e+00
0.000000e+00
0.000000e+00
0.000000e+00
0.000000e+00
0.000000e+00
0.000000e+00
0.000000e+00
0.000000e+00
0.000000e+00
0.000000e+00
0.000000e+00
0.000000e+00
0.000000e+00
0.000000e+00
0.000000e+00
0.000000e+00
0.000000e+00
0.000000e+00
0.000000e+00
0.000000e+00
0.000000e+00
0.000000e+00
0.000000e+00
0.000000e+00
0.000000e+00
0.000000e+00
0.000000e+00
0.000000e+00
0.000000e+00
0.000000e+00
0.000000e+00
0.000000e+00
0.000000e+00
0.000000e+00
0.000000e+00
0.000000e+00
0.000000e+00
0.000000e+00
0.000000e+00
0.000000e+00
0.000000e+00
0.000000e+00
0.000000e+00
0.000000e+00
0.000000e+00
0.000000e+00
0.000000e+00
0.000000e+00
0.000000e+00
0.000000e+00
0.000000e+00
0.000000e+00
0.000000e+00
0.000000e+00
0.000000e+00
0.000000e+00
0.000000e+00
0.000000e+00
0.000000e+00
0.000000e+00
0.000000e+00
0.000000e+00
0.000000e+00
0.000000e+00
0.000000e+00
0.000000e+00
0.000000e+00
0.000000e+00
0.000000e+00
0.000000e+00
0.000000e+00
0.000000e+00
0.000000e+00
0.000000e+00
0.000000e+00
0.000000e+00
0.000000e+00
0.000000e+00
0.000000e+00
0.000000e+00
0.000000e+00
0.000000e+00
0.000000e+00
0.000000e+00
0.000000e+00
0.000000e+00
0.000000e+00
0.000000e+00
0.000000e+00
0.000000e+00
0.000000e+00
0.000000e+00
0.000000e+00
0.000000e+00
0.000000e+00
0.000000e+00
0.000000e+00
0.000000e+00
0.000000e+00
0.000000e+00
0.000000e+00
0.000000e+00
0.000000e+00
0.000000e+00
0.000000e+00
0.000000e+00
0.000000e+00
0.000000e+00
0.000000e+00
0.000000e+00
0.000000e+00
0.000000e+00
0.000000e+00
0.000000e+00
0.000000e+00
0.000000e+00
0.000000e+00
0.000000e+00
0.000000e+00
0.000000e+00
0.000000e+00
0.000000e+00
0.000000e+00
0.000000e+00
0.000000e+00
0.000000e+00
0.000000e+00
0.000000e+00
0.000000e+00
0.000000e+00
0.000000e+00
0.000000e+00
0.000000e+00
0.000000e+00
0.000000e+00
0.000000e+00
0.000000e+00
0.000000e+00
0.000000e+00
0.000000e+00
0.000000e+00
0.000000e+00
0.000000e+00
0.000000e+00
0.000000e+00
0.000000e+00
0.000000e+00
0.000000e+00
0.000000e+00
0.000000e+00
0.000000e+00
0.000000e+00
0.000000e+00
0.000000e+00
0.000000e+00
0.000000e+00
0.000000e+00
0.000000e+00
0.000000e+00
0.000000e+00
0.000000e+00
0.000000e+00
0.000000e+00
0.000000e+00
0.000000e+00
0.000000e+00
0.000000e+00
0.000000e+00
0.000000e+00
0.000000e+00
0.000000e+00
0.000000e+00
0.000000e+00
0.000000e+00
0.000000e+00
0.000000e+00
0.000000e+00
0.000000e+00
0.000000e+00
0.000000e+00
0.000000e+00
0.000000e+00
0.000000e+00
0.000000e+00
0.000000e+00
0.000000e+00
0.000000e+00
0.000000e+00
0.000000e+00
0.000000e+00
0.000000e+00
0.000000e+00
0.000000e+00
0.000000e+00
0.000000e+00
0.000000e+00
0.000000e+00
0.000000e+00
0.000000e+00
0.000000e+00
0.000000e+00
0.000000e+00
0.000000e+00
0.000000e+00
0.000000e+00
0.000000e+00
0.000000e+00
0.000000e+00
0.000000e+00
0.000000e+00
0.000000e+00
0.000000e+00
0.000000e+00
0.000000e+00
0.000000e+00
0.000000e+00
0.000000e+00
0.000000e+00
0.000000e+00
0.000000e+00
0.000000e+00
0.000000e+00
0.000000e+00
0.000000e+00
0.000000e+00
0.000000e+00
0.000000e+00
0.000000e+00
0.000000e+00
0.000000e+00
0.000000e+00
0.000000e+00
0.000000e+00
0.000000e+00
0.000000e+00
0.000000e+00
0.000000e+00
0.000000e+00
0.000000e+00
0.000000e+00
0.000000e+00
0.000000e+00
0.000000e+00
0.000000e+00
0.000000e+00
0.000000e+00
0.000000e+00
0.000000e+00
0.000000e+00
0.000000e+00
0.000000e+00
0.000000e+00
0.000000e+00
0.000000e+00
0.000000e+00
0.000000e+00
0.000000e+00
0.000000e+00
0.000000e+00
0.000000e+00
0.000000e+00
0.000000e+00
0.000000e+00
0.000000e+00
0.000000e+00
0.000000e+00
0.000000e+00
0.000000e+00
0.000000e+00
0.000000e+00
0.000000e+00
0.000000e+00
0.000000e+00
0.000000e+00
0.000000e+00
0.000000e+00
0.000000e+00
0.000000e+00
0.000000e+00
0.000000e+00
0.000000e+00
0.000000e+00
0.000000e+00
0.000000e+00
0.000000e+00
0.000000e+00
0.000000e+00
0.000000e+00
0.000000e+00
0.000000e+00
0.000000e+00
0.000000e+00
0.000000e+00
0.000000e+00
0.000000e+00
0.000000e+00
0.000000e+00
0.000000e+00
0.000000e+00
0.000000e+00
0.000000e+00
0.000000e+00
0.000000e+00
0.000000e+00
0.000000e+00
0.000000e+00
0.000000e+00
0.000000e+00
0.000000e+00
0.000000e+00
0.000000e+00
0.000000e+00
0.000000e+00
0.000000e+00
0.000000e+00
0.000000e+00
0.000000e+00
0.000000e+00
0.000000e+00
0.000000e+00
0.000000e+00
0.000000e+00
0.000000e+00
0.000000e+00
0.000000e+00
0.000000e+00
0.000000e+00
0.000000e+00
0.000000e+00
0.000000e+00
0.000000e+00
0.000000e+00
0.000000e+00
0.000000e+00
0.000000e+00
0.000000e+00
0.000000e+00
0.000000e+00
0.000000e+00
0.000000e+00
0.000000e+00
0.000000e+00
0.000000e+00
0.000000e+00
0.000000e+00
0.000000e+00
0.000000e+00
0.000000e+00
0.000000e+00
0.000000e+00
0.000000e+00
0.000000e+00
0.000000e+00
0.000000e+00
0.000000e+00
0.000000e+00
0.000000e+00
0.000000e+00
0.000000e+00
0.000000e+00
0.000000e+00
0.000000e+00
0.000000e+00
0.000000e+00
0.000000e+00
0.000000e+00
0.000000e+00
0.000000e+00
0.000000e+00
0.000000e+00
0.000000e+00
0.000000e+00
0.000000e+00
0.000000e+00
0.000000e+00
0.000000e+00
0.000000e+00
0.000000e+00
0.000000e+00
0.000000e+00
0.000000e+00
0.000000e+00
0.000000e+00
0.000000e+00
0.000000e+00
0.000000e+00
0.000000e+00
0.000000e+00
0.000000e+00
0.000000e+00
0.000000e+00
0.000000e+00
0.000000e+00
0.000000e+00
0.000000e+00
0.000000e+00
0.000000e+00
0.000000e+00
0.000000e+00
0.000000e+00
0.000000e+00
0.000000e+00
0.000000e+00
0.000000e+00
0.000000e+00
0.000000e+00
0.000000e+00
0.000000e+00
0.000000e+00
0.000000e+00
0.000000e+00
0.000000e+00
0.000000e+00
0.000000e+00
0.000000e+00
0.000000e+00
0.000000e+00
0.000000e+00
0.000000e+00
0.000000e+00
0.000000e+00
0.000000e+00
0.000000e+00
0.000000e+00
0.000000e+00
0.000000e+00
0.000000e+00
0.000000e+00
0.000000e+00
0.000000e+00
0.000000e+00
0.000000e+00
0.000000e+00
0.000000e+00
0.000000e+00
0.000000e+00
0.000000e+00
0.000000e+00
0.000000e+00
0.000000e+00
0.000000e+00
0.000000e+00
0.000000e+00
0.000000e+00
0.000000e+00
0.000000e+00
0.000000e+00
0.000000e+00
0.000000e+00
0.000000e+00
0.000000e+00
0.000000e+00
0.000000e+00
0.000000e+00
0.000000e+00
0.000000e+00
0.000000e+00
0.000000e+00
0.000000e+00
0.000000e+00
0.000000e+00
0.000000e+00
0.000000e+00
0.000000e+00
0.000000e+00
0.000000e+00
0.000000e+00
0.000000e+00
0.000000e+00
0.000000e+00
0.000000e+00
0.000000e+00
0.000000e+00
0.000000e+00
0.000000e+00
0.000000e+00
0.000000e+00
0.000000e+00
0.000000e+00
0.000000e+00
0.000000e+00
0.000000e+00
0.000000e+00
0.000000e+00
0.000000e+00
0.000000e+00
0.000000e+00
0.000000e+00
0.000000e+00
0.000000e+00
0.000000e+00
0.000000e+00
0.000000e+00
0.000000e+00
0.000000e+00
0.000000e+00
0.000000e+00
0.000000e+00
0.000000e+00
0.000000e+00
0.000000e+00
0.000000e+00
0.000000e+00
0.000000e+00
0.000000e+00
0.000000e+00
0.000000e+00
0.000000e+00
0.000000e+00
0.000000e+00
0.000000e+00
0.000000e+00
0.000000e+00
0.000000e+00
0.000000e+00
0.000000e+00
0.000000e+00
0.000000e+00
0.000000e+00
0.000000e+00
0.000000e+00
0.000000e+00
0.000000e+00
0.000000e+00
0.000000e+00
0.000000e+00
0.000000e+00
0.000000e+00
0.000000e+00
0.000000e+00
0.000000e+00
0.000000e+00
0.000000e+00
0.000000e+00
0.000000e+00
0.000000e+00
0.000000e+00
0.000000e+00
0.000000e+00
0.000000e+00
0.000000e+00
0.000000e+00
0.000000e+00
0.000000e+00
0.000000e+00
0.000000e+00
0.000000e+00
0.000000e+00
0.000000e+00
0.000000e+00
0.000000e+00
0.000000e+00
0.000000e+00
0.000000e+00
0.000000e+00
0.000000e+00
0.000000e+00
0.000000e+00
0.000000e+00
0.000000e+00
0.000000e+00
0.000000e+00
0.000000e+00
0.000000e+00
0.000000e+00
0.000000e+00
0.000000e+00
0.000000e+00
0.000000e+00
0.000000e+00
0.000000e+00
0.000000e+00
0.000000e+00
0.000000e+00
0.000000e+00
0.000000e+00
0.000000e+00
0.000000e+00
0.000000e+00
0.000000e+00
0.000000e+00
0.000000e+00
0.000000e+00
0.000000e+00
0.000000e+00
0.000000e+00
0.000000e+00
0.000000e+00
0.000000e+00
0.000000e+00
0.000000e+00
0.000000e+00
0.000000e+00
0.000000e+00
0.000000e+00
0.000000e+00
0.000000e+00
0.000000e+00
0.000000e+00
0.000000e+00
0.000000e+00
0.000000e+00
0.000000e+00
0.000000e+00
0.000000e+00
0.000000e+00
0.000000e+00
0.000000e+00
0.000000e+00
0.000000e+00
0.000000e+00
0.000000e+00
0.000000e+00
0.000000e+00
0.000000e+00
0.000000e+00
0.000000e+00
0.000000e+00
0.000000e+00
0.000000e+00
0.000000e+00
0.000000e+00
0.000000e+00
0.000000e+00
0.000000e+00
0.000000e+00
0.000000e+00
0.000000e+00
0.000000e+00
0.000000e+00
0.000000e+00
0.000000e+00
0.000000e+00
0.000000e+00
0.000000e+00
0.000000e+00
0.000000e+00
0.000000e+00
0.000000e+00
0.000000e+00
0.000000e+00
0.000000e+00
0.000000e+00
0.000000e+00
0.000000e+00
0.000000e+00
0.000000e+00
0.000000e+00
0.000000e+00
0.000000e+00
0.000000e+00
0.000000e+00
0.000000e+00
0.000000e+00
0.000000e+00
0.000000e+00
0.000000e+00
0.000000e+00
0.000000e+00
0.000000e+00
0.000000e+00
0.000000e+00
0.000000e+00
0.000000e+00
0.000000e+00
0.000000e+00
0.000000e+00
0.000000e+00
0.000000e+00
0.000000e+00
0.000000e+00
0.000000e+00
0.000000e+00
0.000000e+00
0.000000e+00
0.000000e+00
0.000000e+00
0.000000e+00
0.000000e+00
0.000000e+00
0.000000e+00
0.000000e+00
0.000000e+00
0.000000e+00
0.000000e+00
0.000000e+00
0.000000e+00
0.000000e+00
0.000000e+00
0.000000e+00
0.000000e+00
0.000000e+00
0.000000e+00
0.000000e+00
0.000000e+00
0.000000e+00
0.000000e+00
0.000000e+00
0.000000e+00
0.000000e+00
0.000000e+00
0.000000e+00
0.000000e+00
0.000000e+00
0.000000e+00
0.000000e+00
0.000000e+00
0.000000e+00
0.000000e+00
0.000000e+00
0.000000e+00
0.000000e+00
0.000000e+00
0.000000e+00
0.000000e+00
0.000000e+00
0.000000e+00
0.000000e+00
0.000000e+00
0.000000e+00
0.000000e+00
0.000000e+00
0.000000e+00
0.000000e+00
0.000000e+00
0.000000e+00
0.000000e+00
0.000000e+00
0.000000e+00
0.000000e+00
0.000000e+00
0.000000e+00
0.000000e+00
0.000000e+00
0.000000e+00
0.000000e+00
0.000000e+00
0.000000e+00
0.000000e+00
0.000000e+00
0.000000e+00
0.000000e+00
0.000000e+00
0.000000e+00
0.000000e+00
0.000000e+00
0.000000e+00
0.000000e+00
0.000000e+00
0.000000e+00
0.000000e+00
0.000000e+00
0.000000e+00
0.000000e+00
0.000000e+00
0.000000e+00
0.000000e+00
0.000000e+00
0.000000e+00
0.000000e+00
0.000000e+00
0.000000e+00
0.000000e+00
0.000000e+00
0.000000e+00
0.000000e+00
0.000000e+00
0.000000e+00
0.000000e+00
0.000000e+00
0.000000e+00
0.000000e+00
0.000000e+00
0.000000e+00
0.000000e+00
0.000000e+00
0.000000e+00
0.000000e+00
0.000000e+00
0.000000e+00
0.000000e+00
0.000000e+00
0.000000e+00
0.000000e+00
0.000000e+00
0.000000e+00
0.000000e+00
0.000000e+00
0.000000e+00
0.000000e+00
0.000000e+00
0.000000e+00
0.000000e+00
0.000000e+00
0.000000e+00
0.000000e+00
0.000000e+00
0.000000e+00
0.000000e+00
0.000000e+00
0.000000e+00
0.000000e+00
0.000000e+00
0.000000e+00
0.000000e+00
0.000000e+00
0.000000e+00
0.000000e+00
