1996410
1920651
1846517
1774007
1703121
1633858
1566217
1500198
1435800
1373022
1311864
1252324
1194403
1138098
1083410
1030337
978878.4
929033.4
880800.7
834179.5
789168.6
745767.1
703973.6
663787.2
625206.6
588230.5
552857.8
519087.1
486917.1
456346.4
427373.7
399997.5
374216.3
350028.6
327432.9
306427.6
287011
269181.5
252937.4
238276.9
225198.3
213699.8
203779.4
195435.3
188665.4
183468
179840.7
177781.7
177288.8
178359.8
180992.5
185184.7
190934
198238.2
207094.7
217501.3
229455.3
242954.3
257995.7
274576.8
292695
312347.5
333531.7
356244.5
380483.2
406244.9
433526.5
462325.1
492637.5
524460.6
557791.2
592626.2
628962.1
666795.6
706123.4
746941.9
789247.8
833037.3
878306.9
925052.8
973271.4
1022959
1074111
1126725
1180796
1236319
1293292
1351710
1411568
1472862
1535589
1599743
1665321
1732317
1800727
1870547
1941772
2014396
2088416
2163826
2240621