1.672005e+06
1.605094e+06
1.539717e+06
1.475875e+06
1.413566e+06
1.352791e+06
1.293547e+06
1.235836e+06
1.179655e+06
1.125005e+06
1.071883e+06
1.020291e+06
9.702257e+05
9.216875e+05
8.746753e+05
8.291880e+05
7.852248e+05
7.427846e+05
7.018664e+05
6.624691e+05
6.245916e+05
5.882329e+05
5.533918e+05
5.200670e+05
4.882574e+05
4.579617e+05
4.291786e+05
4.019069e+05
3.761450e+05
3.518917e+05
3.291455e+05
3.079050e+05
2.881686e+05
2.699348e+05
2.532021e+05
2.379688e+05
2.242332e+05
2.119937e+05
2.012486e+05
1.919961e+05
1.842343e+05
1.779614e+05
1.731756e+05
1.698749e+05
1.680573e+05
1.677209e+05
1.688635e+05
1.714831e+05
1.755775e+05
1.811445e+05
1.881820e+05
1.966876e+05
2.066591e+05
2.180940e+05
2.309900e+05
2.453446e+05
2.611553e+05
2.784195e+05
2.971348e+05
3.172984e+05
3.389076e+05
3.619598e+05
3.864521e+05
4.123817e+05
4.397457e+05
4.685412e+05
4.987652e+05
5.304146e+05
5.634865e+05
5.979776e+05
6.338847e+05
6.712047e+05
7.099343e+05
7.500700e+05
7.916085e+05
8.345464e+05
8.788801e+05
9.246061e+05
9.717207e+05
1.020220e+06
1.070101e+06
1.121360e+06
1.173992e+06
1.227994e+06
1.283361e+06
1.340091e+06
1.398178e+06
1.457619e+06
1.518409e+06
1.580544e+06
1.644021e+06
1.708833e+06
1.774978e+06
1.842451e+06
1.911247e+06
1.981361e+06
2.052789e+06
2.125526e+06
2.199567e+06
2.274908e+06
2.351544e+06
