1.75669412
1.75670412
1.75671312
1.75672312
1.75673412
1.75674412
1.75675412
1.75676512
1.75677612
1.75678812
1.75679912
1.75681112
1.75682312
1.75683512
1.75684812
1.75686112
1.75687412
1.75688712
1.75690112
1.75691512
1.75693012
1.75694512
1.75696012
1.75697512
1.75699112
1.75700812
1.75702512
1.75704212
1.75706012
1.75707812
1.75709612
1.75711612
1.75713512
1.75715612
1.75717612
1.75719812
1.75722012
1.75724212
1.75726612
1.75729012
1.75731412
1.75734012
1.75736612
1.75739312
1.75742012
1.75744912
1.75747812
1.75750912
1.75754012
1.75757212
1.75760512
1.75763912
1.75767412
1.75771112
1.75774812
1.75778612
1.75782512
1.75786612
1.75790712
1.75794912
1.75799312
1.75803712
1.75808112
1.75812712
1.75817312
1.75821912
1.75826512
1.75831012
1.75835512
1.75839812
1.75843912
1.75847712
1.75851112
1.75854012
1.75856212
1.75857612
1.75857912
1.75857012
1.75854512
1.75850112
1.75843612
1.75834612
1.75822812
1.75807812
1.75789512
1.75767612
1.75742212
1.75713512
1.75681712
1.75647612
1.75611712
1.75575112
1.75538712
1.75503312
1.75470012
1.75439312
1.75411712
1.75387612
1.75367112
1.75350012
1.75336212
