1.75676312
1.75677312
1.75678312
1.75679412
1.75680512
1.75681512
1.75682612
1.75683812
1.75684912
1.75686112
1.75687312
1.75688512
1.75689812
1.75691112
1.75692412
1.75693712
1.75695112
1.75696512
1.75698012
1.75699412
1.75701012
1.75702512
1.75704112
1.75705712
1.75707412
1.75709112
1.75710812
1.75712612
1.75714512
1.75716412
1.75718312
1.75720312
1.75722412
1.75724512
1.75726612
1.75728912
1.75731112
1.75733512
1.75735912
1.75738412
1.75741012
1.75743612
1.75746312
1.75749112
1.75752012
1.75754912
1.75758012
1.75761112
1.75764412
1.75767712
1.75771212
1.75774712
1.75778312
1.75782112
1.75786012
1.75789912
1.75794012
1.75798212
1.75802512
1.75807012
1.75811512
1.75816112
1.75820812
1.75825612
1.75830412
1.75835312
1.75840212
1.75845112
1.75849912
1.75854712
1.75859212
1.75863612
1.75867612
1.75871112
1.75874112
1.75876312
1.75877612
1.75877812
1.75876512
1.75873612
1.75868712
1.75861312
1.75851312
1.75838212
1.75821812
1.75801712
1.75777912
1.75750312
1.75719212
1.75684912
1.75648212
1.75609912
1.75570912
1.75532212
1.75494912
1.75459712
1.75427512
1.75398712
1.75373712
1.75352312
1.75334712
