6.276124e+07
6.276043e+07
6.276025e+07
6.276015e+07
6.276008e+07
6.276003e+07
6.275998e+07
6.275995e+07
6.275991e+07
6.275989e+07
6.275986e+07
6.275984e+07
6.275982e+07
6.275980e+07
6.275978e+07
6.275976e+07
6.275975e+07
6.275973e+07
6.275972e+07
6.275970e+07
6.275969e+07
6.275968e+07
6.275967e+07
6.275965e+07
6.275964e+07
6.275963e+07
6.275962e+07
6.275961e+07
6.275960e+07
6.275959e+07
6.275958e+07
6.275957e+07
6.275956e+07
6.275955e+07
6.275954e+07
6.275953e+07
6.275953e+07
6.275952e+07
6.275951e+07
6.275950e+07
6.275949e+07
6.275948e+07
6.275947e+07
6.275947e+07
6.275946e+07
6.275945e+07
6.275944e+07
6.275943e+07
6.275943e+07
6.275942e+07
6.275941e+07
6.275940e+07
6.275939e+07
6.275939e+07
6.275938e+07
6.275937e+07
6.275936e+07
6.275935e+07
6.275935e+07
6.275934e+07
6.275933e+07
6.275932e+07
6.275931e+07
6.275931e+07
6.275930e+07
6.275929e+07
6.275928e+07
6.275927e+07
6.275927e+07
6.275926e+07
6.275925e+07
6.275924e+07
6.275923e+07
6.275923e+07
6.275922e+07
6.275921e+07
6.275920e+07
6.275919e+07
6.275918e+07
6.275918e+07
6.275917e+07
6.275916e+07
6.275915e+07
6.275914e+07
6.275913e+07
6.275912e+07
6.275912e+07
6.275911e+07
6.275910e+07
6.275909e+07
6.275908e+07
6.275907e+07
6.275906e+07
6.275905e+07
6.275904e+07
6.275904e+07
6.275903e+07
6.275902e+07
6.275901e+07
6.275900e+07
6.275899e+07
6.275898e+07
6.275897e+07
6.275896e+07
6.275895e+07
6.275894e+07
6.275893e+07
6.275892e+07
6.275891e+07
6.275890e+07
6.275889e+07
6.275888e+07
6.275887e+07
6.275886e+07
6.275885e+07
6.275884e+07
6.275883e+07
6.275882e+07
6.275881e+07
6.275880e+07
6.275879e+07
6.275878e+07
6.275877e+07
6.275876e+07
6.275875e+07
6.275874e+07
6.275872e+07
6.275871e+07
6.275870e+07
6.275869e+07
6.275868e+07
6.275867e+07
6.275866e+07
6.275865e+07
6.275863e+07
6.275862e+07
6.275861e+07
6.275860e+07
6.275859e+07
6.275857e+07
6.275856e+07
6.275855e+07
6.275854e+07
6.275853e+07
6.275851e+07
6.275850e+07
6.275849e+07
6.275848e+07
6.275846e+07
6.275845e+07
6.275844e+07
6.275842e+07
6.275841e+07
6.275840e+07
6.275839e+07
6.275837e+07
6.275836e+07
6.275835e+07
6.275833e+07
6.275832e+07
6.275830e+07
6.275829e+07
6.275828e+07
6.275826e+07
6.275825e+07
6.275823e+07
6.275822e+07
6.275821e+07
6.275819e+07
6.275818e+07
6.275816e+07
6.275815e+07
6.275813e+07
6.275812e+07
6.275810e+07
6.275809e+07
6.275807e+07
6.275806e+07
6.275804e+07
6.275803e+07
6.275801e+07
6.275800e+07
6.275798e+07
6.275796e+07
6.275795e+07
6.275793e+07
6.275792e+07
6.275790e+07
6.275788e+07
6.275787e+07
6.275785e+07
6.275783e+07
6.275782e+07
6.275780e+07
6.275778e+07
6.275776e+07
6.275775e+07
6.275773e+07
6.275771e+07
6.275769e+07
6.275768e+07
6.275766e+07
6.275764e+07
6.275762e+07
6.275761e+07
6.275759e+07
6.275757e+07
6.275755e+07
6.275753e+07
6.275751e+07
6.275749e+07
6.275747e+07
6.275746e+07
6.275744e+07
6.275742e+07
6.275740e+07
6.275738e+07
6.275736e+07
6.275734e+07
6.275732e+07
6.275730e+07
6.275728e+07
6.275726e+07
6.275724e+07
6.275722e+07
6.275719e+07
6.275717e+07
6.275715e+07
6.275713e+07
6.275711e+07
6.275709e+07
6.275707e+07
6.275704e+07
6.275702e+07
6.275700e+07
6.275698e+07
6.275696e+07
6.275693e+07
6.275691e+07
6.275689e+07
6.275686e+07
6.275684e+07
6.275682e+07
6.275679e+07
6.275677e+07
6.275675e+07
6.275672e+07
6.275670e+07
6.275667e+07
6.275665e+07
6.275662e+07
6.275660e+07
6.275657e+07
6.275655e+07
6.275652e+07
6.275650e+07
6.275647e+07
6.275645e+07
6.275642e+07
6.275639e+07
6.275637e+07
6.275634e+07
6.275631e+07
6.275628e+07
6.275626e+07
6.275623e+07
6.275620e+07
6.275617e+07
6.275614e+07
6.275612e+07
6.275609e+07
6.275606e+07
6.275603e+07
6.275600e+07
6.275597e+07
6.275594e+07
6.275591e+07
6.275588e+07
6.275585e+07
6.275582e+07
6.275578e+07
6.275575e+07
6.275572e+07
6.275569e+07
6.275566e+07
6.275562e+07
6.275559e+07
6.275556e+07
6.275552e+07
6.275549e+07
6.275545e+07
6.275542e+07
6.275538e+07
6.275535e+07
6.275531e+07
6.275528e+07
6.275524e+07
6.275520e+07
6.275517e+07
6.275513e+07
6.275509e+07
6.275505e+07
6.275501e+07
6.275497e+07
6.275493e+07
6.275489e+07
6.275485e+07
6.275481e+07
6.275477e+07
6.275473e+07
6.275469e+07
6.275464e+07
6.275460e+07
6.275456e+07
6.275451e+07
6.275447e+07
6.275442e+07
6.275438e+07
6.275433e+07
6.275428e+07
6.275423e+07
6.275418e+07
6.275413e+07
6.275409e+07
6.275403e+07
6.275398e+07
6.275393e+07
6.275388e+07
6.275382e+07
6.275377e+07
6.275372e+07
6.275366e+07
6.275360e+07
6.275355e+07
6.275349e+07
6.275343e+07
6.275337e+07
6.275331e+07
6.275324e+07
6.275318e+07
6.275312e+07
6.275305e+07
6.275299e+07
6.275292e+07
6.275285e+07
6.275278e+07
6.275271e+07
6.275264e+07
6.275257e+07
6.275249e+07
6.275242e+07
6.275234e+07
6.275226e+07
6.275218e+07
6.275210e+07
6.275202e+07
6.275193e+07
6.275185e+07
6.275176e+07
6.275167e+07
6.275158e+07
6.275148e+07
6.275139e+07
6.275129e+07
6.275120e+07
6.275109e+07
6.275099e+07
6.275089e+07
6.275078e+07
6.275067e+07
6.275056e+07
6.275045e+07
6.275033e+07
6.275021e+07
6.275009e+07
6.274997e+07
6.274984e+07
6.274971e+07
6.274958e+07
6.274944e+07
6.274931e+07
6.274917e+07
6.274902e+07
6.274887e+07
6.274872e+07
6.274857e+07
6.274841e+07
6.274825e+07
6.274808e+07
6.274791e+07
6.274774e+07
6.274756e+07
6.274738e+07
6.274719e+07
6.274700e+07
6.274680e+07
6.274660e+07
6.274639e+07
6.274618e+07
6.274597e+07
6.274575e+07
6.274552e+07
6.274528e+07
6.274505e+07
6.274480e+07
6.274455e+07
6.274429e+07
6.274402e+07
6.274375e+07
6.274347e+07
6.274319e+07
6.274289e+07
6.274259e+07
6.274228e+07
6.274196e+07
6.274164e+07
6.274130e+07
6.274096e+07
6.274060e+07
6.274024e+07
6.273987e+07
6.273948e+07
6.273909e+07
6.273868e+07
6.273827e+07
6.273784e+07
6.273740e+07
6.273695e+07
6.273649e+07
6.273601e+07
6.273552e+07
6.273501e+07
6.273450e+07
6.273396e+07
6.273342e+07
6.273285e+07
6.273227e+07
6.273168e+07
6.273106e+07
6.273043e+07
6.272978e+07
6.272912e+07
6.272843e+07
6.272772e+07
6.272700e+07
6.272625e+07
6.272548e+07
6.272469e+07
6.272387e+07
6.272303e+07
6.272217e+07
6.272128e+07
6.272037e+07
6.271943e+07
6.271846e+07
6.271746e+07
6.271644e+07
6.271538e+07
6.271430e+07
6.271318e+07
6.271202e+07
6.271084e+07
6.270961e+07
6.270836e+07
6.270706e+07
6.270573e+07
6.270435e+07
6.270294e+07
6.270148e+07
6.269998e+07
6.269844e+07
6.269685e+07
6.269521e+07
6.269352e+07
6.269178e+07
6.268999e+07
6.268814e+07
6.268624e+07
6.268429e+07
6.268227e+07
6.268019e+07
6.267805e+07
6.267585e+07
6.267358e+07
6.267124e+07
6.266882e+07
6.266634e+07
6.266378e+07
6.266115e+07
6.265843e+07
6.265563e+07
6.265275e+07
6.264977e+07
6.264671e+07
6.264356e+07
6.264030e+07
6.263695e+07
6.263350e+07
6.262994e+07
6.262628e+07
6.262250e+07
6.261860e+07
6.261459e+07
6.261045e+07
6.260619e+07
6.260180e+07
6.259727e+07
6.259260e+07
6.258780e+07
6.258284e+07
6.257773e+07
6.257246e+07
6.256704e+07
6.256144e+07
6.255568e+07
6.254973e+07
6.254361e+07
6.253729e+07
6.253078e+07
6.252407e+07
6.251716e+07
6.251003e+07
6.250268e+07
6.249510e+07
6.248729e+07
6.247924e+07
6.247094e+07
6.246239e+07
6.245357e+07
6.244448e+07
6.243510e+07
6.242544e+07
6.241548e+07
6.240521e+07
6.239462e+07
6.238370e+07
6.237245e+07
6.236084e+07
6.234888e+07
6.233654e+07
6.232382e+07
6.231071e+07
6.229719e+07
6.228325e+07
6.226888e+07
6.225406e+07
6.223878e+07
6.222302e+07
6.220677e+07
6.219002e+07
6.217275e+07
6.215493e+07
6.213656e+07
6.211762e+07
6.209809e+07
6.207795e+07
6.205718e+07
6.203576e+07
6.201367e+07
6.199089e+07
6.196739e+07
6.194317e+07
6.191818e+07
6.189241e+07
6.186583e+07
6.183842e+07
6.181015e+07
6.178099e+07
6.175092e+07
6.171990e+07
6.168790e+07
6.165490e+07
6.162086e+07
6.158574e+07
6.154952e+07
6.151216e+07
6.147362e+07
6.143386e+07
6.139284e+07
6.135053e+07
6.130687e+07
6.126184e+07
6.121537e+07
6.116743e+07
6.111797e+07
6.106694e+07
6.101428e+07
6.095995e+07
6.090389e+07
6.084604e+07
6.078634e+07
6.072473e+07
6.066115e+07
6.059553e+07
6.052781e+07
6.045792e+07
6.038578e+07
6.031132e+07
6.023446e+07
6.015512e+07
6.007321e+07
5.998866e+07
5.990136e+07
5.981124e+07
5.971818e+07
5.962210e+07
5.952288e+07
5.942042e+07
5.931461e+07
5.920534e+07
5.909247e+07
5.897589e+07
5.885546e+07
5.873106e+07
5.860254e+07
5.846975e+07
5.833254e+07
5.819075e+07
5.804423e+07
5.789279e+07
5.773627e+07
5.757446e+07
5.740719e+07
5.723424e+07
5.705540e+07
5.687046e+07
5.667919e+07
5.648134e+07
5.627666e+07
5.606489e+07
5.584575e+07
5.561895e+07
5.538420e+07
5.514117e+07
5.488952e+07
5.462892e+07
5.435899e+07
5.407934e+07
5.378957e+07
5.348924e+07
5.317790e+07
5.285507e+07
5.252024e+07
5.217288e+07
5.181241e+07
5.143824e+07
5.104971e+07
5.064613e+07
5.022679e+07
4.979090e+07
4.933761e+07
4.886605e+07
4.837523e+07
4.786412e+07
4.733159e+07
4.677644e+07
4.619734e+07
4.559285e+07
4.496141e+07
4.430127e+07
4.361054e+07
4.288712e+07
4.212867e+07
4.133256e+07
4.049587e+07
3.961525e+07
3.868692e+07
3.770651e+07
3.666897e+07
3.556835e+07
3.439762e+07
3.314830e+07
3.181004e+07
3.036990e+07
2.881140e+07
2.711287e+07
2.524483e+07
2.316533e+07
2.081104e+07
1.807862e+07
1.478128e+07
1.053425e+07
0.000000e+00
0.000000e+00
0.000000e+00
0.000000e+00
0.000000e+00
0.000000e+00
0.000000e+00
0.000000e+00
0.000000e+00
0.000000e+00
0.000000e+00
0.000000e+00
0.000000e+00
0.000000e+00
0.000000e+00
0.000000e+00
0.000000e+00
0.000000e+00
0.000000e+00
0.000000e+00
0.000000e+00
0.000000e+00
0.000000e+00
0.000000e+00
0.000000e+00
0.000000e+00
0.000000e+00
0.000000e+00
0.000000e+00
0.000000e+00
0.000000e+00
0.000000e+00
0.000000e+00
0.000000e+00
0.000000e+00
0.000000e+00
0.000000e+00
0.000000e+00
0.000000e+00
0.000000e+00
0.000000e+00
0.000000e+00
0.000000e+00
0.000000e+00
0.000000e+00
0.000000e+00
0.000000e+00
0.000000e+00
0.000000e+00
0.000000e+00
0.000000e+00
0.000000e+00
0.000000e+00
0.000000e+00
0.000000e+00
0.000000e+00
0.000000e+00
0.000000e+00
0.000000e+00
0.000000e+00
0.000000e+00
0.000000e+00
0.000000e+00
0.000000e+00
0.000000e+00
0.000000e+00
0.000000e+00
0.000000e+00
0.000000e+00
0.000000e+00
0.000000e+00
0.000000e+00
0.000000e+00
0.000000e+00
0.000000e+00
0.000000e+00
0.000000e+00
0.000000e+00
0.000000e+00
0.000000e+00
0.000000e+00
0.000000e+00
0.000000e+00
0.000000e+00
0.000000e+00
0.000000e+00
0.000000e+00
0.000000e+00
0.000000e+00
0.000000e+00
0.000000e+00
0.000000e+00
0.000000e+00
0.000000e+00
0.000000e+00
0.000000e+00
0.000000e+00
0.000000e+00
0.000000e+00
0.000000e+00
0.000000e+00
0.000000e+00
0.000000e+00
0.000000e+00
0.000000e+00
0.000000e+00
0.000000e+00
0.000000e+00
0.000000e+00
0.000000e+00
0.000000e+00
0.000000e+00
0.000000e+00
0.000000e+00
0.000000e+00
0.000000e+00
0.000000e+00
0.000000e+00
0.000000e+00
0.000000e+00
0.000000e+00
0.000000e+00
0.000000e+00
0.000000e+00
0.000000e+00
0.000000e+00
0.000000e+00
0.000000e+00
0.000000e+00
0.000000e+00
0.000000e+00
0.000000e+00
0.000000e+00
0.000000e+00
0.000000e+00
0.000000e+00
0.000000e+00
0.000000e+00
0.000000e+00
0.000000e+00
0.000000e+00
0.000000e+00
0.000000e+00
0.000000e+00
0.000000e+00
0.000000e+00
0.000000e+00
0.000000e+00
0.000000e+00
0.000000e+00
0.000000e+00
0.000000e+00
0.000000e+00
0.000000e+00
0.000000e+00
0.000000e+00
0.000000e+00
0.000000e+00
0.000000e+00
0.000000e+00
0.000000e+00
0.000000e+00
0.000000e+00
0.000000e+00
0.000000e+00
0.000000e+00
0.000000e+00
0.000000e+00
0.000000e+00
0.000000e+00
0.000000e+00
0.000000e+00
0.000000e+00
0.000000e+00
0.000000e+00
0.000000e+00
0.000000e+00
0.000000e+00
0.000000e+00
0.000000e+00
0.000000e+00
0.000000e+00
0.000000e+00
0.000000e+00
0.000000e+00
0.000000e+00
0.000000e+00
0.000000e+00
0.000000e+00
0.000000e+00
0.000000e+00
0.000000e+00
0.000000e+00
0.000000e+00
0.000000e+00
0.000000e+00
0.000000e+00
0.000000e+00
0.000000e+00
0.000000e+00
0.000000e+00
0.000000e+00
0.000000e+00
0.000000e+00
0.000000e+00
0.000000e+00
0.000000e+00
0.000000e+00
0.000000e+00
0.000000e+00
0.000000e+00
0.000000e+00
0.000000e+00
0.000000e+00
0.000000e+00
0.000000e+00
0.000000e+00
0.000000e+00
0.000000e+00
0.000000e+00
0.000000e+00
0.000000e+00
0.000000e+00
0.000000e+00
0.000000e+00
0.000000e+00
0.000000e+00
0.000000e+00
0.000000e+00
0.000000e+00
0.000000e+00
0.000000e+00
0.000000e+00
0.000000e+00
0.000000e+00
0.000000e+00
0.000000e+00
0.000000e+00
0.000000e+00
0.000000e+00
0.000000e+00
0.000000e+00
0.000000e+00
0.000000e+00
0.000000e+00
0.000000e+00
0.000000e+00
0.000000e+00
0.000000e+00
0.000000e+00
0.000000e+00
0.000000e+00
0.000000e+00
0.000000e+00
0.000000e+00
0.000000e+00
0.000000e+00
0.000000e+00
0.000000e+00
0.000000e+00
0.000000e+00
0.000000e+00
0.000000e+00
0.000000e+00
0.000000e+00
0.000000e+00
0.000000e+00
0.000000e+00
0.000000e+00
0.000000e+00
0.000000e+00
0.000000e+00
0.000000e+00
0.000000e+00
0.000000e+00
0.000000e+00
0.000000e+00
0.000000e+00
0.000000e+00
0.000000e+00
0.000000e+00
0.000000e+00
0.000000e+00
0.000000e+00
0.000000e+00
0.000000e+00
0.000000e+00
0.000000e+00
0.000000e+00
0.000000e+00
0.000000e+00
0.000000e+00
0.000000e+00
0.000000e+00
0.000000e+00
0.000000e+00
0.000000e+00
0.000000e+00
0.000000e+00
0.000000e+00
0.000000e+00
0.000000e+00
0.000000e+00
0.000000e+00
0.000000e+00
0.000000e+00
0.000000e+00
0.000000e+00
0.000000e+00
0.000000e+00
0.000000e+00
0.000000e+00
0.000000e+00
0.000000e+00
0.000000e+00
0.000000e+00
0.000000e+00
0.000000e+00
0.000000e+00
0.000000e+00
0.000000e+00
0.000000e+00
0.000000e+00
0.000000e+00
0.000000e+00
0.000000e+00
0.000000e+00
0.000000e+00
0.000000e+00
0.000000e+00
0.000000e+00
0.000000e+00
0.000000e+00
0.000000e+00
0.000000e+00
0.000000e+00
0.000000e+00
0.000000e+00
0.000000e+00
0.000000e+00
0.000000e+00
0.000000e+00
0.000000e+00
0.000000e+00
0.000000e+00
0.000000e+00
0.000000e+00
0.000000e+00
0.000000e+00
0.000000e+00
0.000000e+00
0.000000e+00
0.000000e+00
0.000000e+00
0.000000e+00
0.000000e+00
0.000000e+00
0.000000e+00
0.000000e+00
0.000000e+00
0.000000e+00
0.000000e+00
0.000000e+00
0.000000e+00
0.000000e+00
0.000000e+00
0.000000e+00
0.000000e+00
0.000000e+00
0.000000e+00
0.000000e+00
0.000000e+00
0.000000e+00
0.000000e+00
0.000000e+00
0.000000e+00
0.000000e+00
0.000000e+00
0.000000e+00
0.000000e+00
0.000000e+00
0.000000e+00
0.000000e+00
0.000000e+00
0.000000e+00
0.000000e+00
0.000000e+00
0.000000e+00
0.000000e+00
0.000000e+00
0.000000e+00
0.000000e+00
0.000000e+00
0.000000e+00
0.000000e+00
0.000000e+00
0.000000e+00
0.000000e+00
0.000000e+00
0.000000e+00
0.000000e+00
0.000000e+00
0.000000e+00
0.000000e+00
0.000000e+00
0.000000e+00
0.000000e+00
0.000000e+00
0.000000e+00
0.000000e+00
0.000000e+00
0.000000e+00
0.000000e+00
0.000000e+00
0.000000e+00
0.000000e+00
0.000000e+00
0.000000e+00
0.000000e+00
0.000000e+00
0.000000e+00
0.000000e+00
0.000000e+00
0.000000e+00
0.000000e+00
0.000000e+00
0.000000e+00
0.000000e+00
0.000000e+00
0.000000e+00
0.000000e+00
0.000000e+00
0.000000e+00
0.000000e+00
0.000000e+00
0.000000e+00
0.000000e+00
0.000000e+00
0.000000e+00
0.000000e+00
0.000000e+00
0.000000e+00
0.000000e+00
0.000000e+00
0.000000e+00
0.000000e+00
0.000000e+00
0.000000e+00
0.000000e+00
0.000000e+00
0.000000e+00
0.000000e+00
0.000000e+00
0.000000e+00
0.000000e+00
0.000000e+00
0.000000e+00
0.000000e+00
0.000000e+00
0.000000e+00
0.000000e+00
0.000000e+00
0.000000e+00
0.000000e+00
0.000000e+00
0.000000e+00
0.000000e+00
0.000000e+00
0.000000e+00
0.000000e+00
0.000000e+00
0.000000e+00
0.000000e+00
0.000000e+00
0.000000e+00
0.000000e+00
0.000000e+00
0.000000e+00
0.000000e+00
0.000000e+00
0.000000e+00
0.000000e+00
0.000000e+00
0.000000e+00
0.000000e+00
0.000000e+00
0.000000e+00
0.000000e+00
0.000000e+00
0.000000e+00
0.000000e+00
0.000000e+00
0.000000e+00
0.000000e+00
0.000000e+00
0.000000e+00
0.000000e+00
0.000000e+00
0.000000e+00
0.000000e+00
0.000000e+00
0.000000e+00
0.000000e+00
0.000000e+00
0.000000e+00
0.000000e+00
0.000000e+00
0.000000e+00
0.000000e+00
0.000000e+00
0.000000e+00
0.000000e+00
0.000000e+00
0.000000e+00
0.000000e+00
0.000000e+00
0.000000e+00
0.000000e+00
0.000000e+00
0.000000e+00
0.000000e+00
0.000000e+00
0.000000e+00
0.000000e+00
0.000000e+00
0.000000e+00
0.000000e+00
0.000000e+00
0.000000e+00
0.000000e+00
0.000000e+00
0.000000e+00
0.000000e+00
0.000000e+00
0.000000e+00
0.000000e+00
0.000000e+00
0.000000e+00
0.000000e+00
0.000000e+00
0.000000e+00
0.000000e+00
0.000000e+00
0.000000e+00
0.000000e+00
0.000000e+00
0.000000e+00
0.000000e+00
0.000000e+00
0.000000e+00
0.000000e+00
0.000000e+00
0.000000e+00
0.000000e+00
0.000000e+00
0.000000e+00
0.000000e+00
0.000000e+00
0.000000e+00
0.000000e+00
0.000000e+00
0.000000e+00
0.000000e+00
0.000000e+00
0.000000e+00
0.000000e+00
0.000000e+00
0.000000e+00
0.000000e+00
0.000000e+00
0.000000e+00
0.000000e+00
0.000000e+00
0.000000e+00
0.000000e+00
0.000000e+00
0.000000e+00
0.000000e+00
0.000000e+00
0.000000e+00
0.000000e+00
0.000000e+00
0.000000e+00
0.000000e+00
0.000000e+00
0.000000e+00
0.000000e+00
0.000000e+00
0.000000e+00
0.000000e+00
0.000000e+00
0.000000e+00
0.000000e+00
0.000000e+00
0.000000e+00
0.000000e+00
0.000000e+00
0.000000e+00
0.000000e+00
0.000000e+00
0.000000e+00
0.000000e+00
0.000000e+00
0.000000e+00
0.000000e+00
0.000000e+00
0.000000e+00
0.000000e+00
0.000000e+00
0.000000e+00
0.000000e+00
0.000000e+00
0.000000e+00
0.000000e+00
0.000000e+00
0.000000e+00
0.000000e+00
0.000000e+00
0.000000e+00
0.000000e+00
0.000000e+00
0.000000e+00
0.000000e+00
0.000000e+00
0.000000e+00
0.000000e+00
0.000000e+00
0.000000e+00
0.000000e+00
0.000000e+00
0.000000e+00
0.000000e+00
0.000000e+00
0.000000e+00
0.000000e+00
0.000000e+00
0.000000e+00
0.000000e+00
0.000000e+00
0.000000e+00
0.000000e+00
0.000000e+00
0.000000e+00
0.000000e+00
0.000000e+00
0.000000e+00
0.000000e+00
0.000000e+00
0.000000e+00
0.000000e+00
0.000000e+00
0.000000e+00
0.000000e+00
0.000000e+00
0.000000e+00
0.000000e+00
0.000000e+00
0.000000e+00
0.000000e+00
0.000000e+00
0.000000e+00
0.000000e+00
0.000000e+00
0.000000e+00
0.000000e+00
0.000000e+00
0.000000e+00
0.000000e+00
0.000000e+00
0.000000e+00
0.000000e+00
0.000000e+00
0.000000e+00
0.000000e+00
0.000000e+00
0.000000e+00
0.000000e+00
0.000000e+00
0.000000e+00
0.000000e+00
0.000000e+00
0.000000e+00
0.000000e+00
0.000000e+00
0.000000e+00
0.000000e+00
0.000000e+00
0.000000e+00
0.000000e+00
0.000000e+00
0.000000e+00
0.000000e+00
0.000000e+00
0.000000e+00
0.000000e+00
0.000000e+00
0.000000e+00
0.000000e+00
0.000000e+00
0.000000e+00
0.000000e+00
0.000000e+00
0.000000e+00
0.000000e+00
0.000000e+00
0.000000e+00
0.000000e+00
0.000000e+00
0.000000e+00
0.000000e+00
0.000000e+00
0.000000e+00
0.000000e+00
0.000000e+00
0.000000e+00
0.000000e+00
0.000000e+00
0.000000e+00
0.000000e+00
0.000000e+00
0.000000e+00
0.000000e+00
0.000000e+00
0.000000e+00
0.000000e+00
0.000000e+00
0.000000e+00
0.000000e+00
0.000000e+00
0.000000e+00
0.000000e+00
0.000000e+00
0.000000e+00
0.000000e+00
0.000000e+00
0.000000e+00
0.000000e+00
0.000000e+00
0.000000e+00
0.000000e+00
0.000000e+00
0.000000e+00
0.000000e+00
0.000000e+00
0.000000e+00
0.000000e+00
0.000000e+00
0.000000e+00
0.000000e+00
0.000000e+00
0.000000e+00
0.000000e+00
0.000000e+00
0.000000e+00
0.000000e+00
0.000000e+00
0.000000e+00
0.000000e+00
0.000000e+00
0.000000e+00
0.000000e+00
0.000000e+00
0.000000e+00
0.000000e+00
0.000000e+00
0.000000e+00
0.000000e+00
0.000000e+00
0.000000e+00
0.000000e+00
0.000000e+00
0.000000e+00
0.000000e+00
0.000000e+00
0.000000e+00
0.000000e+00
0.000000e+00
0.000000e+00
0.000000e+00
0.000000e+00
0.000000e+00
0.000000e+00
0.000000e+00
0.000000e+00
0.000000e+00
0.000000e+00
0.000000e+00
0.000000e+00
0.000000e+00
0.000000e+00
0.000000e+00
0.000000e+00
0.000000e+00
0.000000e+00
0.000000e+00
0.000000e+00
0.000000e+00
0.000000e+00
0.000000e+00
0.000000e+00
0.000000e+00
0.000000e+00
0.000000e+00
0.000000e+00
0.000000e+00
0.000000e+00
0.000000e+00
0.000000e+00
0.000000e+00
0.000000e+00
0.000000e+00
0.000000e+00
0.000000e+00
0.000000e+00
0.000000e+00
0.000000e+00
0.000000e+00
0.000000e+00
0.000000e+00
0.000000e+00
0.000000e+00
0.000000e+00
0.000000e+00
0.000000e+00
0.000000e+00
0.000000e+00
0.000000e+00
0.000000e+00
0.000000e+00
0.000000e+00
0.000000e+00
0.000000e+00
0.000000e+00
0.000000e+00
0.000000e+00
0.000000e+00
0.000000e+00
0.000000e+00
0.000000e+00
0.000000e+00
0.000000e+00
0.000000e+00
0.000000e+00
0.000000e+00
0.000000e+00
0.000000e+00
0.000000e+00
0.000000e+00
0.000000e+00
0.000000e+00
0.000000e+00
0.000000e+00
0.000000e+00
0.000000e+00
0.000000e+00
0.000000e+00
0.000000e+00
0.000000e+00
0.000000e+00
0.000000e+00
0.000000e+00
0.000000e+00
0.000000e+00
0.000000e+00
0.000000e+00
0.000000e+00
0.000000e+00
0.000000e+00
0.000000e+00
0.000000e+00
0.000000e+00
0.000000e+00
0.000000e+00
0.000000e+00
0.000000e+00
0.000000e+00
0.000000e+00
0.000000e+00
0.000000e+00
0.000000e+00
0.000000e+00
0.000000e+00
0.000000e+00
0.000000e+00
0.000000e+00
0.000000e+00
0.000000e+00
0.000000e+00
0.000000e+00
0.000000e+00
0.000000e+00
0.000000e+00
0.000000e+00
0.000000e+00
0.000000e+00
0.000000e+00
0.000000e+00
0.000000e+00
0.000000e+00
0.000000e+00
0.000000e+00
0.000000e+00
0.000000e+00
0.000000e+00
0.000000e+00
0.000000e+00
0.000000e+00
0.000000e+00
0.000000e+00
0.000000e+00
0.000000e+00
0.000000e+00
0.000000e+00
0.000000e+00
0.000000e+00
0.000000e+00
0.000000e+00
0.000000e+00
0.000000e+00
0.000000e+00
0.000000e+00
0.000000e+00
0.000000e+00
0.000000e+00
0.000000e+00
0.000000e+00
0.000000e+00
0.000000e+00
0.000000e+00
0.000000e+00
0.000000e+00
0.000000e+00
0.000000e+00
0.000000e+00
0.000000e+00
0.000000e+00
0.000000e+00
0.000000e+00
0.000000e+00
0.000000e+00
0.000000e+00
0.000000e+00
0.000000e+00
0.000000e+00
0.000000e+00
0.000000e+00
0.000000e+00
0.000000e+00
0.000000e+00
0.000000e+00
0.000000e+00
0.000000e+00
0.000000e+00
0.000000e+00
0.000000e+00
0.000000e+00
0.000000e+00
0.000000e+00
0.000000e+00
0.000000e+00
0.000000e+00
0.000000e+00
0.000000e+00
0.000000e+00
0.000000e+00
0.000000e+00
0.000000e+00
0.000000e+00
0.000000e+00
0.000000e+00
0.000000e+00
0.000000e+00
0.000000e+00
0.000000e+00
0.000000e+00
0.000000e+00
0.000000e+00
0.000000e+00
0.000000e+00
0.000000e+00
0.000000e+00
0.000000e+00
0.000000e+00
0.000000e+00
0.000000e+00
0.000000e+00
0.000000e+00
0.000000e+00
0.000000e+00
0.000000e+00
0.000000e+00
0.000000e+00
0.000000e+00
0.000000e+00
0.000000e+00
0.000000e+00
0.000000e+00
0.000000e+00
0.000000e+00
0.000000e+00
0.000000e+00
0.000000e+00
0.000000e+00
0.000000e+00
0.000000e+00
0.000000e+00
0.000000e+00
0.000000e+00
0.000000e+00
0.000000e+00
0.000000e+00
0.000000e+00
0.000000e+00
0.000000e+00
0.000000e+00
0.000000e+00
0.000000e+00
0.000000e+00
0.000000e+00
0.000000e+00
0.000000e+00
0.000000e+00
0.000000e+00
0.000000e+00
0.000000e+00
0.000000e+00
0.000000e+00
0.000000e+00
0.000000e+00
0.000000e+00
0.000000e+00
0.000000e+00
0.000000e+00
0.000000e+00
0.000000e+00
0.000000e+00
0.000000e+00
0.000000e+00
0.000000e+00
0.000000e+00
0.000000e+00
0.000000e+00
0.000000e+00
0.000000e+00
0.000000e+00
0.000000e+00
0.000000e+00
0.000000e+00
0.000000e+00
0.000000e+00
0.000000e+00
0.000000e+00
0.000000e+00
0.000000e+00
0.000000e+00
0.000000e+00
0.000000e+00
0.000000e+00
0.000000e+00
0.000000e+00
0.000000e+00
0.000000e+00
0.000000e+00
0.000000e+00
0.000000e+00
0.000000e+00
0.000000e+00
0.000000e+00
0.000000e+00
0.000000e+00
0.000000e+00
0.000000e+00
0.000000e+00
0.000000e+00
0.000000e+00
0.000000e+00
0.000000e+00
0.000000e+00
0.000000e+00
0.000000e+00
0.000000e+00
0.000000e+00
0.000000e+00
0.000000e+00
0.000000e+00
0.000000e+00
0.000000e+00
0.000000e+00
0.000000e+00
0.000000e+00
0.000000e+00
0.000000e+00
0.000000e+00
0.000000e+00
0.000000e+00
0.000000e+00
0.000000e+00
0.000000e+00
0.000000e+00
0.000000e+00
0.000000e+00
0.000000e+00
0.000000e+00
0.000000e+00
0.000000e+00
0.000000e+00
0.000000e+00
0.000000e+00
0.000000e+00
0.000000e+00
0.000000e+00
0.000000e+00
0.000000e+00
0.000000e+00
0.000000e+00
0.000000e+00
0.000000e+00
0.000000e+00
0.000000e+00
