6.235354e+07
6.235273e+07
6.235256e+07
6.235246e+07
6.235239e+07
6.235233e+07
6.235229e+07
6.235226e+07
6.235222e+07
6.235220e+07
6.235217e+07
6.235215e+07
6.235213e+07
6.235211e+07
6.235209e+07
6.235207e+07
6.235206e+07
6.235204e+07
6.235203e+07
6.235201e+07
6.235200e+07
6.235199e+07
6.235198e+07
6.235197e+07
6.235195e+07
6.235194e+07
6.235193e+07
6.235192e+07
6.235191e+07
6.235190e+07
6.235189e+07
6.235188e+07
6.235187e+07
6.235186e+07
6.235185e+07
6.235185e+07
6.235184e+07
6.235183e+07
6.235182e+07
6.235181e+07
6.235180e+07
6.235179e+07
6.235179e+07
6.235178e+07
6.235177e+07
6.235176e+07
6.235175e+07
6.235174e+07
6.235174e+07
6.235173e+07
6.235172e+07
6.235171e+07
6.235170e+07
6.235170e+07
6.235169e+07
6.235168e+07
6.235167e+07
6.235167e+07
6.235166e+07
6.235165e+07
6.235164e+07
6.235163e+07
6.235163e+07
6.235162e+07
6.235161e+07
6.235160e+07
6.235159e+07
6.235159e+07
6.235158e+07
6.235157e+07
6.235156e+07
6.235155e+07
6.235154e+07
6.235154e+07
6.235153e+07
6.235152e+07
6.235151e+07
6.235150e+07
6.235149e+07
6.235149e+07
6.235148e+07
6.235147e+07
6.235146e+07
6.235145e+07
6.235144e+07
6.235144e+07
6.235143e+07
6.235142e+07
6.235141e+07
6.235140e+07
6.235139e+07
6.235138e+07
6.235137e+07
6.235136e+07
6.235136e+07
6.235135e+07
6.235134e+07
6.235133e+07
6.235132e+07
6.235131e+07
6.235130e+07
6.235129e+07
6.235128e+07
6.235127e+07
6.235126e+07
6.235125e+07
6.235124e+07
6.235123e+07
6.235122e+07
6.235121e+07
6.235120e+07
6.235119e+07
6.235118e+07
6.235117e+07
6.235116e+07
6.235115e+07
6.235114e+07
6.235113e+07
6.235112e+07
6.235111e+07
6.235110e+07
6.235109e+07
6.235108e+07
6.235107e+07
6.235106e+07
6.235104e+07
6.235103e+07
6.235102e+07
6.235101e+07
6.235100e+07
6.235099e+07
6.235098e+07
6.235097e+07
6.235095e+07
6.235094e+07
6.235093e+07
6.235092e+07
6.235091e+07
6.235089e+07
6.235088e+07
6.235087e+07
6.235086e+07
6.235085e+07
6.235083e+07
6.235082e+07
6.235081e+07
6.235080e+07
6.235078e+07
6.235077e+07
6.235076e+07
6.235075e+07
6.235073e+07
6.235072e+07
6.235071e+07
6.235069e+07
6.235068e+07
6.235067e+07
6.235065e+07
6.235064e+07
6.235063e+07
6.235061e+07
6.235060e+07
6.235058e+07
6.235057e+07
6.235056e+07
6.235054e+07
6.235053e+07
6.235051e+07
6.235050e+07
6.235048e+07
6.235047e+07
6.235045e+07
6.235044e+07
6.235042e+07
6.235041e+07
6.235039e+07
6.235038e+07
6.235036e+07
6.235035e+07
6.235033e+07
6.235032e+07
6.235030e+07
6.235028e+07
6.235027e+07
6.235025e+07
6.235024e+07
6.235022e+07
6.235020e+07
6.235019e+07
6.235017e+07
6.235015e+07
6.235014e+07
6.235012e+07
6.235010e+07
6.235009e+07
6.235007e+07
6.235005e+07
6.235003e+07
6.235002e+07
6.235000e+07
6.234998e+07
6.234996e+07
6.234994e+07
6.234993e+07
6.234991e+07
6.234989e+07
6.234987e+07
6.234985e+07
6.234983e+07
6.234981e+07
6.234980e+07
6.234978e+07
6.234976e+07
6.234974e+07
6.234972e+07
6.234970e+07
6.234968e+07
6.234966e+07
6.234964e+07
6.234962e+07
6.234960e+07
6.234958e+07
6.234956e+07
6.234954e+07
6.234952e+07
6.234949e+07
6.234947e+07
6.234945e+07
6.234943e+07
6.234941e+07
6.234939e+07
6.234937e+07
6.234934e+07
6.234932e+07
6.234930e+07
6.234928e+07
6.234925e+07
6.234923e+07
6.234921e+07
6.234918e+07
6.234916e+07
6.234914e+07
6.234911e+07
6.234909e+07
6.234907e+07
6.234904e+07
6.234902e+07
6.234899e+07
6.234897e+07
6.234894e+07
6.234892e+07
6.234889e+07
6.234887e+07
6.234884e+07
6.234882e+07
6.234879e+07
6.234877e+07
6.234874e+07
6.234871e+07
6.234869e+07
6.234866e+07
6.234863e+07
6.234860e+07
6.234858e+07
6.234855e+07
6.234852e+07
6.234849e+07
6.234846e+07
6.234844e+07
6.234841e+07
6.234838e+07
6.234835e+07
6.234832e+07
6.234829e+07
6.234826e+07
6.234823e+07
6.234820e+07
6.234817e+07
6.234813e+07
6.234810e+07
6.234807e+07
6.234804e+07
6.234801e+07
6.234797e+07
6.234794e+07
6.234791e+07
6.234787e+07
6.234784e+07
6.234781e+07
6.234777e+07
6.234774e+07
6.234770e+07
6.234767e+07
6.234763e+07
6.234759e+07
6.234756e+07
6.234752e+07
6.234748e+07
6.234745e+07
6.234741e+07
6.234737e+07
6.234733e+07
6.234729e+07
6.234725e+07
6.234721e+07
6.234717e+07
6.234713e+07
6.234709e+07
6.234704e+07
6.234700e+07
6.234696e+07
6.234691e+07
6.234687e+07
6.234683e+07
6.234678e+07
6.234673e+07
6.234669e+07
6.234664e+07
6.234659e+07
6.234654e+07
6.234650e+07
6.234645e+07
6.234640e+07
6.234634e+07
6.234629e+07
6.234624e+07
6.234619e+07
6.234613e+07
6.234608e+07
6.234602e+07
6.234597e+07
6.234591e+07
6.234585e+07
6.234579e+07
6.234573e+07
6.234567e+07
6.234561e+07
6.234555e+07
6.234548e+07
6.234542e+07
6.234535e+07
6.234529e+07
6.234522e+07
6.234515e+07
6.234508e+07
6.234501e+07
6.234494e+07
6.234486e+07
6.234479e+07
6.234471e+07
6.234463e+07
6.234455e+07
6.234447e+07
6.234439e+07
6.234431e+07
6.234422e+07
6.234413e+07
6.234404e+07
6.234395e+07
6.234386e+07
6.234377e+07
6.234367e+07
6.234357e+07
6.234347e+07
6.234337e+07
6.234327e+07
6.234316e+07
6.234305e+07
6.234294e+07
6.234283e+07
6.234272e+07
6.234260e+07
6.234248e+07
6.234235e+07
6.234223e+07
6.234210e+07
6.234197e+07
6.234183e+07
6.234170e+07
6.234156e+07
6.234141e+07
6.234127e+07
6.234112e+07
6.234096e+07
6.234081e+07
6.234064e+07
6.234048e+07
6.234031e+07
6.234014e+07
6.233996e+07
6.233978e+07
6.233959e+07
6.233940e+07
6.233921e+07
6.233901e+07
6.233880e+07
6.233859e+07
6.233838e+07
6.233816e+07
6.233793e+07
6.233770e+07
6.233746e+07
6.233722e+07
6.233697e+07
6.233671e+07
6.233645e+07
6.233618e+07
6.233590e+07
6.233562e+07
6.233533e+07
6.233503e+07
6.233472e+07
6.233440e+07
6.233408e+07
6.233374e+07
6.233340e+07
6.233305e+07
6.233269e+07
6.233232e+07
6.233194e+07
6.233155e+07
6.233114e+07
6.233073e+07
6.233031e+07
6.232987e+07
6.232942e+07
6.232896e+07
6.232849e+07
6.232800e+07
6.232750e+07
6.232698e+07
6.232645e+07
6.232591e+07
6.232535e+07
6.232477e+07
6.232418e+07
6.232357e+07
6.232295e+07
6.232230e+07
6.232164e+07
6.232096e+07
6.232026e+07
6.231953e+07
6.231879e+07
6.231803e+07
6.231724e+07
6.231643e+07
6.231560e+07
6.231474e+07
6.231386e+07
6.231295e+07
6.231202e+07
6.231106e+07
6.231007e+07
6.230905e+07
6.230800e+07
6.230692e+07
6.230581e+07
6.230466e+07
6.230348e+07
6.230227e+07
6.230102e+07
6.229973e+07
6.229841e+07
6.229704e+07
6.229564e+07
6.229419e+07
6.229270e+07
6.229117e+07
6.228959e+07
6.228796e+07
6.228628e+07
6.228455e+07
6.228278e+07
6.228094e+07
6.227906e+07
6.227711e+07
6.227511e+07
6.227305e+07
6.227092e+07
6.226873e+07
6.226648e+07
6.226415e+07
6.226176e+07
6.225929e+07
6.225675e+07
6.225413e+07
6.225143e+07
6.224865e+07
6.224579e+07
6.224284e+07
6.223980e+07
6.223666e+07
6.223343e+07
6.223011e+07
6.222668e+07
6.222314e+07
6.221950e+07
6.221575e+07
6.221188e+07
6.220790e+07
6.220379e+07
6.219956e+07
6.219519e+07
6.219070e+07
6.218606e+07
6.218129e+07
6.217636e+07
6.217129e+07
6.216606e+07
6.216067e+07
6.215512e+07
6.214939e+07
6.214349e+07
6.213741e+07
6.213114e+07
6.212467e+07
6.211801e+07
6.211114e+07
6.210406e+07
6.209676e+07
6.208924e+07
6.208149e+07
6.207349e+07
6.206525e+07
6.205675e+07
6.204800e+07
6.203897e+07
6.202966e+07
6.202006e+07
6.201017e+07
6.199997e+07
6.198946e+07
6.197862e+07
6.196744e+07
6.195592e+07
6.194404e+07
6.193179e+07
6.191916e+07
6.190614e+07
6.189272e+07
6.187887e+07
6.186460e+07
6.184989e+07
6.183471e+07
6.181907e+07
6.180294e+07
6.178630e+07
6.176915e+07
6.175146e+07
6.173322e+07
6.171441e+07
6.169502e+07
6.167502e+07
6.165440e+07
6.163313e+07
6.161120e+07
6.158858e+07
6.156525e+07
6.154119e+07
6.151638e+07
6.149080e+07
6.146441e+07
6.143719e+07
6.140912e+07
6.138017e+07
6.135031e+07
6.131951e+07
6.128774e+07
6.125497e+07
6.122117e+07
6.118631e+07
6.115034e+07
6.111324e+07
6.107498e+07
6.103550e+07
6.099477e+07
6.095276e+07
6.090942e+07
6.086470e+07
6.081857e+07
6.077097e+07
6.072186e+07
6.067119e+07
6.061891e+07
6.056496e+07
6.050930e+07
6.045186e+07
6.039258e+07
6.033141e+07
6.026829e+07
6.020314e+07
6.013590e+07
6.006650e+07
5.999488e+07
5.992095e+07
5.984463e+07
5.976586e+07
5.968453e+07
5.960058e+07
5.951391e+07
5.942442e+07
5.933203e+07
5.923663e+07
5.913812e+07
5.903639e+07
5.893133e+07
5.882283e+07
5.871077e+07
5.859501e+07
5.847544e+07
5.835192e+07
5.822431e+07
5.809246e+07
5.795623e+07
5.781545e+07
5.766997e+07
5.751960e+07
5.736418e+07
5.720352e+07
5.703743e+07
5.686570e+07
5.668813e+07
5.650450e+07
5.631458e+07
5.611812e+07
5.591488e+07
5.570460e+07
5.548700e+07
5.526180e+07
5.502870e+07
5.478737e+07
5.453749e+07
5.427871e+07
5.401067e+07
5.373298e+07
5.344523e+07
5.314699e+07
5.283782e+07
5.251724e+07
5.218474e+07
5.183979e+07
5.148182e+07
5.111023e+07
5.072438e+07
5.032359e+07
4.990714e+07
4.947424e+07
4.902406e+07
4.855572e+07
4.806826e+07
4.756063e+07
4.703174e+07
4.648036e+07
4.590518e+07
4.530478e+07
4.467758e+07
4.402189e+07
4.333579e+07
4.261721e+07
4.186381e+07
4.107300e+07
4.024185e+07
3.936706e+07
3.844484e+07
3.747087e+07
3.644011e+07
3.534666e+07
3.418353e+07
3.294229e+07
3.161264e+07
3.018173e+07
2.863318e+07
2.694543e+07
2.508920e+07
2.302277e+07
2.068320e+07
1.796778e+07
1.469083e+07
1.046994e+07
0.000000e+00
0.000000e+00
0.000000e+00
0.000000e+00
0.000000e+00
0.000000e+00
0.000000e+00
0.000000e+00
0.000000e+00
0.000000e+00
0.000000e+00
0.000000e+00
0.000000e+00
0.000000e+00
0.000000e+00
0.000000e+00
0.000000e+00
0.000000e+00
0.000000e+00
0.000000e+00
0.000000e+00
0.000000e+00
0.000000e+00
0.000000e+00
0.000000e+00
0.000000e+00
0.000000e+00
0.000000e+00
0.000000e+00
0.000000e+00
0.000000e+00
0.000000e+00
0.000000e+00
0.000000e+00
0.000000e+00
0.000000e+00
0.000000e+00
0.000000e+00
0.000000e+00
0.000000e+00
0.000000e+00
0.000000e+00
0.000000e+00
0.000000e+00
0.000000e+00
0.000000e+00
0.000000e+00
0.000000e+00
0.000000e+00
0.000000e+00
0.000000e+00
0.000000e+00
0.000000e+00
0.000000e+00
0.000000e+00
0.000000e+00
0.000000e+00
0.000000e+00
0.000000e+00
0.000000e+00
0.000000e+00
0.000000e+00
0.000000e+00
0.000000e+00
0.000000e+00
0.000000e+00
0.000000e+00
0.000000e+00
0.000000e+00
0.000000e+00
0.000000e+00
0.000000e+00
0.000000e+00
0.000000e+00
0.000000e+00
0.000000e+00
0.000000e+00
0.000000e+00
0.000000e+00
0.000000e+00
0.000000e+00
0.000000e+00
0.000000e+00
0.000000e+00
0.000000e+00
0.000000e+00
0.000000e+00
0.000000e+00
0.000000e+00
0.000000e+00
0.000000e+00
0.000000e+00
0.000000e+00
0.000000e+00
0.000000e+00
0.000000e+00
0.000000e+00
0.000000e+00
0.000000e+00
0.000000e+00
0.000000e+00
0.000000e+00
0.000000e+00
0.000000e+00
0.000000e+00
0.000000e+00
0.000000e+00
0.000000e+00
0.000000e+00
0.000000e+00
0.000000e+00
0.000000e+00
0.000000e+00
0.000000e+00
0.000000e+00
0.000000e+00
0.000000e+00
0.000000e+00
0.000000e+00
0.000000e+00
0.000000e+00
0.000000e+00
0.000000e+00
0.000000e+00
0.000000e+00
0.000000e+00
0.000000e+00
0.000000e+00
0.000000e+00
0.000000e+00
0.000000e+00
0.000000e+00
0.000000e+00
0.000000e+00
0.000000e+00
0.000000e+00
0.000000e+00
0.000000e+00
0.000000e+00
0.000000e+00
0.000000e+00
0.000000e+00
0.000000e+00
0.000000e+00
0.000000e+00
0.000000e+00
0.000000e+00
0.000000e+00
0.000000e+00
0.000000e+00
0.000000e+00
0.000000e+00
0.000000e+00
0.000000e+00
0.000000e+00
0.000000e+00
0.000000e+00
0.000000e+00
0.000000e+00
0.000000e+00
0.000000e+00
0.000000e+00
0.000000e+00
0.000000e+00
0.000000e+00
0.000000e+00
0.000000e+00
0.000000e+00
0.000000e+00
0.000000e+00
0.000000e+00
0.000000e+00
0.000000e+00
0.000000e+00
0.000000e+00
0.000000e+00
0.000000e+00
0.000000e+00
0.000000e+00
0.000000e+00
0.000000e+00
0.000000e+00
0.000000e+00
0.000000e+00
0.000000e+00
0.000000e+00
0.000000e+00
0.000000e+00
0.000000e+00
0.000000e+00
0.000000e+00
0.000000e+00
0.000000e+00
0.000000e+00
0.000000e+00
0.000000e+00
0.000000e+00
0.000000e+00
0.000000e+00
0.000000e+00
0.000000e+00
0.000000e+00
0.000000e+00
0.000000e+00
0.000000e+00
0.000000e+00
0.000000e+00
0.000000e+00
0.000000e+00
0.000000e+00
0.000000e+00
0.000000e+00
0.000000e+00
0.000000e+00
0.000000e+00
0.000000e+00
0.000000e+00
0.000000e+00
0.000000e+00
0.000000e+00
0.000000e+00
0.000000e+00
0.000000e+00
0.000000e+00
0.000000e+00
0.000000e+00
0.000000e+00
0.000000e+00
0.000000e+00
0.000000e+00
0.000000e+00
0.000000e+00
0.000000e+00
0.000000e+00
0.000000e+00
0.000000e+00
0.000000e+00
0.000000e+00
0.000000e+00
0.000000e+00
0.000000e+00
0.000000e+00
0.000000e+00
0.000000e+00
0.000000e+00
0.000000e+00
0.000000e+00
0.000000e+00
0.000000e+00
0.000000e+00
0.000000e+00
0.000000e+00
0.000000e+00
0.000000e+00
0.000000e+00
0.000000e+00
0.000000e+00
0.000000e+00
0.000000e+00
0.000000e+00
0.000000e+00
0.000000e+00
0.000000e+00
0.000000e+00
0.000000e+00
0.000000e+00
0.000000e+00
0.000000e+00
0.000000e+00
0.000000e+00
0.000000e+00
0.000000e+00
0.000000e+00
0.000000e+00
0.000000e+00
0.000000e+00
0.000000e+00
0.000000e+00
0.000000e+00
0.000000e+00
0.000000e+00
0.000000e+00
0.000000e+00
0.000000e+00
0.000000e+00
0.000000e+00
0.000000e+00
0.000000e+00
0.000000e+00
0.000000e+00
0.000000e+00
0.000000e+00
0.000000e+00
0.000000e+00
0.000000e+00
0.000000e+00
0.000000e+00
0.000000e+00
0.000000e+00
0.000000e+00
0.000000e+00
0.000000e+00
0.000000e+00
0.000000e+00
0.000000e+00
0.000000e+00
0.000000e+00
0.000000e+00
0.000000e+00
0.000000e+00
0.000000e+00
0.000000e+00
0.000000e+00
0.000000e+00
0.000000e+00
0.000000e+00
0.000000e+00
0.000000e+00
0.000000e+00
0.000000e+00
0.000000e+00
0.000000e+00
0.000000e+00
0.000000e+00
0.000000e+00
0.000000e+00
0.000000e+00
0.000000e+00
0.000000e+00
0.000000e+00
0.000000e+00
0.000000e+00
0.000000e+00
0.000000e+00
0.000000e+00
0.000000e+00
0.000000e+00
0.000000e+00
0.000000e+00
0.000000e+00
0.000000e+00
0.000000e+00
0.000000e+00
0.000000e+00
0.000000e+00
0.000000e+00
0.000000e+00
0.000000e+00
0.000000e+00
0.000000e+00
0.000000e+00
0.000000e+00
0.000000e+00
0.000000e+00
0.000000e+00
0.000000e+00
0.000000e+00
0.000000e+00
0.000000e+00
0.000000e+00
0.000000e+00
0.000000e+00
0.000000e+00
0.000000e+00
0.000000e+00
0.000000e+00
0.000000e+00
0.000000e+00
0.000000e+00
0.000000e+00
0.000000e+00
0.000000e+00
0.000000e+00
0.000000e+00
0.000000e+00
0.000000e+00
0.000000e+00
0.000000e+00
0.000000e+00
0.000000e+00
0.000000e+00
0.000000e+00
0.000000e+00
0.000000e+00
0.000000e+00
0.000000e+00
0.000000e+00
0.000000e+00
0.000000e+00
0.000000e+00
0.000000e+00
0.000000e+00
0.000000e+00
0.000000e+00
0.000000e+00
0.000000e+00
0.000000e+00
0.000000e+00
0.000000e+00
0.000000e+00
0.000000e+00
0.000000e+00
0.000000e+00
0.000000e+00
0.000000e+00
0.000000e+00
0.000000e+00
0.000000e+00
0.000000e+00
0.000000e+00
0.000000e+00
0.000000e+00
0.000000e+00
0.000000e+00
0.000000e+00
0.000000e+00
0.000000e+00
0.000000e+00
0.000000e+00
0.000000e+00
0.000000e+00
0.000000e+00
0.000000e+00
0.000000e+00
0.000000e+00
0.000000e+00
0.000000e+00
0.000000e+00
0.000000e+00
0.000000e+00
0.000000e+00
0.000000e+00
0.000000e+00
0.000000e+00
0.000000e+00
0.000000e+00
0.000000e+00
0.000000e+00
0.000000e+00
0.000000e+00
0.000000e+00
0.000000e+00
0.000000e+00
0.000000e+00
0.000000e+00
0.000000e+00
0.000000e+00
0.000000e+00
0.000000e+00
0.000000e+00
0.000000e+00
0.000000e+00
0.000000e+00
0.000000e+00
0.000000e+00
0.000000e+00
0.000000e+00
0.000000e+00
0.000000e+00
0.000000e+00
0.000000e+00
0.000000e+00
0.000000e+00
0.000000e+00
0.000000e+00
0.000000e+00
0.000000e+00
0.000000e+00
0.000000e+00
0.000000e+00
0.000000e+00
0.000000e+00
0.000000e+00
0.000000e+00
0.000000e+00
0.000000e+00
0.000000e+00
0.000000e+00
0.000000e+00
0.000000e+00
0.000000e+00
0.000000e+00
0.000000e+00
0.000000e+00
0.000000e+00
0.000000e+00
0.000000e+00
0.000000e+00
0.000000e+00
0.000000e+00
0.000000e+00
0.000000e+00
0.000000e+00
0.000000e+00
0.000000e+00
0.000000e+00
0.000000e+00
0.000000e+00
0.000000e+00
0.000000e+00
0.000000e+00
0.000000e+00
0.000000e+00
0.000000e+00
0.000000e+00
0.000000e+00
0.000000e+00
0.000000e+00
0.000000e+00
0.000000e+00
0.000000e+00
0.000000e+00
0.000000e+00
0.000000e+00
0.000000e+00
0.000000e+00
0.000000e+00
0.000000e+00
0.000000e+00
0.000000e+00
0.000000e+00
0.000000e+00
0.000000e+00
0.000000e+00
0.000000e+00
0.000000e+00
0.000000e+00
0.000000e+00
0.000000e+00
0.000000e+00
0.000000e+00
0.000000e+00
0.000000e+00
0.000000e+00
0.000000e+00
0.000000e+00
0.000000e+00
0.000000e+00
0.000000e+00
0.000000e+00
0.000000e+00
0.000000e+00
0.000000e+00
0.000000e+00
0.000000e+00
0.000000e+00
0.000000e+00
0.000000e+00
0.000000e+00
0.000000e+00
0.000000e+00
0.000000e+00
0.000000e+00
0.000000e+00
0.000000e+00
0.000000e+00
0.000000e+00
0.000000e+00
0.000000e+00
0.000000e+00
0.000000e+00
0.000000e+00
0.000000e+00
0.000000e+00
0.000000e+00
0.000000e+00
0.000000e+00
0.000000e+00
0.000000e+00
0.000000e+00
0.000000e+00
0.000000e+00
0.000000e+00
0.000000e+00
0.000000e+00
0.000000e+00
0.000000e+00
0.000000e+00
0.000000e+00
0.000000e+00
0.000000e+00
0.000000e+00
0.000000e+00
0.000000e+00
0.000000e+00
0.000000e+00
0.000000e+00
0.000000e+00
0.000000e+00
0.000000e+00
0.000000e+00
0.000000e+00
0.000000e+00
0.000000e+00
0.000000e+00
0.000000e+00
0.000000e+00
0.000000e+00
0.000000e+00
0.000000e+00
0.000000e+00
0.000000e+00
0.000000e+00
0.000000e+00
0.000000e+00
0.000000e+00
0.000000e+00
0.000000e+00
0.000000e+00
0.000000e+00
0.000000e+00
0.000000e+00
0.000000e+00
0.000000e+00
0.000000e+00
0.000000e+00
0.000000e+00
0.000000e+00
0.000000e+00
0.000000e+00
0.000000e+00
0.000000e+00
0.000000e+00
0.000000e+00
0.000000e+00
0.000000e+00
0.000000e+00
0.000000e+00
0.000000e+00
0.000000e+00
0.000000e+00
0.000000e+00
0.000000e+00
0.000000e+00
0.000000e+00
0.000000e+00
0.000000e+00
0.000000e+00
0.000000e+00
0.000000e+00
0.000000e+00
0.000000e+00
0.000000e+00
0.000000e+00
0.000000e+00
0.000000e+00
0.000000e+00
0.000000e+00
0.000000e+00
0.000000e+00
0.000000e+00
0.000000e+00
0.000000e+00
0.000000e+00
0.000000e+00
0.000000e+00
0.000000e+00
0.000000e+00
0.000000e+00
0.000000e+00
0.000000e+00
0.000000e+00
0.000000e+00
0.000000e+00
0.000000e+00
0.000000e+00
0.000000e+00
0.000000e+00
0.000000e+00
0.000000e+00
0.000000e+00
0.000000e+00
0.000000e+00
0.000000e+00
0.000000e+00
0.000000e+00
0.000000e+00
0.000000e+00
0.000000e+00
0.000000e+00
0.000000e+00
0.000000e+00
0.000000e+00
0.000000e+00
0.000000e+00
0.000000e+00
0.000000e+00
0.000000e+00
0.000000e+00
0.000000e+00
0.000000e+00
0.000000e+00
0.000000e+00
0.000000e+00
0.000000e+00
0.000000e+00
0.000000e+00
0.000000e+00
0.000000e+00
0.000000e+00
0.000000e+00
0.000000e+00
0.000000e+00
0.000000e+00
0.000000e+00
0.000000e+00
0.000000e+00
0.000000e+00
0.000000e+00
0.000000e+00
0.000000e+00
0.000000e+00
0.000000e+00
0.000000e+00
0.000000e+00
0.000000e+00
0.000000e+00
0.000000e+00
0.000000e+00
0.000000e+00
0.000000e+00
0.000000e+00
0.000000e+00
0.000000e+00
0.000000e+00
0.000000e+00
0.000000e+00
0.000000e+00
0.000000e+00
0.000000e+00
0.000000e+00
0.000000e+00
0.000000e+00
0.000000e+00
0.000000e+00
0.000000e+00
0.000000e+00
0.000000e+00
0.000000e+00
0.000000e+00
0.000000e+00
0.000000e+00
0.000000e+00
0.000000e+00
0.000000e+00
0.000000e+00
0.000000e+00
0.000000e+00
0.000000e+00
0.000000e+00
0.000000e+00
0.000000e+00
0.000000e+00
0.000000e+00
0.000000e+00
0.000000e+00
0.000000e+00
0.000000e+00
0.000000e+00
0.000000e+00
0.000000e+00
0.000000e+00
0.000000e+00
0.000000e+00
0.000000e+00
0.000000e+00
0.000000e+00
0.000000e+00
0.000000e+00
0.000000e+00
0.000000e+00
0.000000e+00
0.000000e+00
0.000000e+00
0.000000e+00
0.000000e+00
0.000000e+00
0.000000e+00
0.000000e+00
0.000000e+00
0.000000e+00
0.000000e+00
0.000000e+00
0.000000e+00
0.000000e+00
0.000000e+00
0.000000e+00
0.000000e+00
0.000000e+00
0.000000e+00
0.000000e+00
0.000000e+00
0.000000e+00
0.000000e+00
0.000000e+00
0.000000e+00
0.000000e+00
0.000000e+00
0.000000e+00
0.000000e+00
0.000000e+00
0.000000e+00
0.000000e+00
0.000000e+00
0.000000e+00
0.000000e+00
0.000000e+00
0.000000e+00
0.000000e+00
0.000000e+00
0.000000e+00
0.000000e+00
0.000000e+00
0.000000e+00
0.000000e+00
0.000000e+00
0.000000e+00
0.000000e+00
0.000000e+00
0.000000e+00
0.000000e+00
0.000000e+00
0.000000e+00
0.000000e+00
0.000000e+00
0.000000e+00
0.000000e+00
0.000000e+00
0.000000e+00
0.000000e+00
0.000000e+00
0.000000e+00
0.000000e+00
0.000000e+00
0.000000e+00
0.000000e+00
0.000000e+00
0.000000e+00
0.000000e+00
0.000000e+00
0.000000e+00
0.000000e+00
0.000000e+00
0.000000e+00
0.000000e+00
0.000000e+00
0.000000e+00
0.000000e+00
0.000000e+00
0.000000e+00
0.000000e+00
0.000000e+00
0.000000e+00
0.000000e+00
0.000000e+00
0.000000e+00
0.000000e+00
0.000000e+00
0.000000e+00
0.000000e+00
0.000000e+00
0.000000e+00
0.000000e+00
0.000000e+00
0.000000e+00
0.000000e+00
0.000000e+00
0.000000e+00
0.000000e+00
0.000000e+00
0.000000e+00
0.000000e+00
0.000000e+00
0.000000e+00
0.000000e+00
0.000000e+00
0.000000e+00
0.000000e+00
0.000000e+00
0.000000e+00
0.000000e+00
0.000000e+00
0.000000e+00
0.000000e+00
0.000000e+00
0.000000e+00
0.000000e+00
0.000000e+00
0.000000e+00
0.000000e+00
0.000000e+00
0.000000e+00
0.000000e+00
0.000000e+00
0.000000e+00
0.000000e+00
0.000000e+00
0.000000e+00
0.000000e+00
0.000000e+00
0.000000e+00
0.000000e+00
0.000000e+00
0.000000e+00
0.000000e+00
0.000000e+00
0.000000e+00
0.000000e+00
0.000000e+00
0.000000e+00
0.000000e+00
0.000000e+00
0.000000e+00
0.000000e+00
0.000000e+00
0.000000e+00
0.000000e+00
0.000000e+00
0.000000e+00
0.000000e+00
0.000000e+00
0.000000e+00
0.000000e+00
0.000000e+00
0.000000e+00
0.000000e+00
0.000000e+00
0.000000e+00
0.000000e+00
0.000000e+00
0.000000e+00
0.000000e+00
0.000000e+00
0.000000e+00
0.000000e+00
0.000000e+00
0.000000e+00
0.000000e+00
0.000000e+00
0.000000e+00
0.000000e+00
0.000000e+00
0.000000e+00
0.000000e+00
0.000000e+00
0.000000e+00
0.000000e+00
0.000000e+00
0.000000e+00
0.000000e+00
0.000000e+00
0.000000e+00
0.000000e+00
0.000000e+00
0.000000e+00
0.000000e+00
0.000000e+00
0.000000e+00
0.000000e+00
0.000000e+00
0.000000e+00
0.000000e+00
0.000000e+00
0.000000e+00
0.000000e+00
0.000000e+00
0.000000e+00
0.000000e+00
0.000000e+00
0.000000e+00
0.000000e+00
0.000000e+00
0.000000e+00
0.000000e+00
0.000000e+00
0.000000e+00
0.000000e+00
0.000000e+00
0.000000e+00
0.000000e+00
0.000000e+00
0.000000e+00
0.000000e+00
0.000000e+00
0.000000e+00
0.000000e+00
0.000000e+00
0.000000e+00
0.000000e+00
0.000000e+00
0.000000e+00
0.000000e+00
0.000000e+00
0.000000e+00
0.000000e+00
0.000000e+00
0.000000e+00
0.000000e+00
0.000000e+00
0.000000e+00
0.000000e+00
0.000000e+00
0.000000e+00
0.000000e+00
0.000000e+00
0.000000e+00
0.000000e+00
0.000000e+00
0.000000e+00
0.000000e+00
0.000000e+00
0.000000e+00
0.000000e+00
0.000000e+00
0.000000e+00
0.000000e+00
0.000000e+00
0.000000e+00
0.000000e+00
0.000000e+00
0.000000e+00
0.000000e+00
0.000000e+00
0.000000e+00
0.000000e+00
0.000000e+00
0.000000e+00
0.000000e+00
0.000000e+00
0.000000e+00
0.000000e+00
0.000000e+00
0.000000e+00
0.000000e+00
0.000000e+00
0.000000e+00
0.000000e+00
0.000000e+00
0.000000e+00
0.000000e+00
0.000000e+00
0.000000e+00
0.000000e+00
0.000000e+00
0.000000e+00
0.000000e+00
0.000000e+00
0.000000e+00
0.000000e+00
0.000000e+00
0.000000e+00
0.000000e+00
0.000000e+00
0.000000e+00
0.000000e+00
0.000000e+00
0.000000e+00
0.000000e+00
0.000000e+00
0.000000e+00
0.000000e+00
0.000000e+00
0.000000e+00
0.000000e+00
0.000000e+00
0.000000e+00
0.000000e+00
0.000000e+00
0.000000e+00
0.000000e+00
0.000000e+00
0.000000e+00
0.000000e+00
0.000000e+00
0.000000e+00
0.000000e+00
0.000000e+00
0.000000e+00
0.000000e+00
0.000000e+00
0.000000e+00
0.000000e+00
0.000000e+00
0.000000e+00
0.000000e+00
0.000000e+00
0.000000e+00
0.000000e+00
0.000000e+00
0.000000e+00
0.000000e+00
0.000000e+00
0.000000e+00
0.000000e+00
0.000000e+00
0.000000e+00
0.000000e+00
0.000000e+00
0.000000e+00
0.000000e+00
0.000000e+00
0.000000e+00
0.000000e+00
0.000000e+00
0.000000e+00
0.000000e+00
0.000000e+00
0.000000e+00
0.000000e+00
0.000000e+00
0.000000e+00
0.000000e+00
0.000000e+00
0.000000e+00
0.000000e+00
0.000000e+00
0.000000e+00
0.000000e+00
0.000000e+00
0.000000e+00
0.000000e+00
