1.000015e+07
9.785394e+06
9.573042e+06
9.363098e+06
9.155563e+06
8.950436e+06
8.747716e+06
8.547406e+06
8.349503e+06
8.154008e+06
7.960921e+06
7.770242e+06
7.581970e+06
7.396106e+06
7.212650e+06
7.031601e+06
6.852958e+06
6.676723e+06
6.502894e+06
6.331472e+06
6.162455e+06
5.995844e+06
5.831638e+06
5.669838e+06
5.510441e+06
5.353450e+06
5.198861e+06
5.046676e+06
4.896894e+06
4.749514e+06
4.604536e+06
4.461959e+06
4.321782e+06
4.184006e+06
4.048628e+06
3.915650e+06
3.785069e+06
3.656885e+06
3.531098e+06
3.407706e+06
3.286709e+06
3.168106e+06
3.051895e+06
2.938077e+06
2.826650e+06
2.717613e+06
2.610965e+06
2.506705e+06
2.404832e+06
2.305345e+06
2.208242e+06
2.113523e+06
2.021186e+06
1.931230e+06
1.843653e+06
1.758454e+06
1.675633e+06
1.595186e+06
1.517114e+06
1.441414e+06
1.368085e+06
1.297125e+06
1.228533e+06
1.162306e+06
1.098444e+06
1.036944e+06
9.778052e+05
9.210250e+05
8.666016e+05
8.145333e+05
7.648179e+05
7.174535e+05
6.724380e+05
6.297692e+05
5.894451e+05
5.514633e+05
5.158216e+05
4.825177e+05
4.515492e+05
4.229138e+05
3.966089e+05
3.726320e+05
3.509805e+05
3.316519e+05
3.146435e+05
2.999525e+05
2.875761e+05
2.775116e+05
2.697560e+05
2.643063e+05
2.611597e+05
2.603130e+05
2.617630e+05
2.655068e+05
2.715409e+05
2.798622e+05
2.904672e+05
3.033526e+05
3.185149e+05
3.359505e+05
3.556560e+05
