9.563882e+06
9.360286e+06
9.158951e+06
8.959877e+06
8.763065e+06
8.568514e+06
8.376225e+06
8.186198e+06
7.998431e+06
7.812926e+06
7.629683e+06
7.448700e+06
7.269979e+06
7.093519e+06
6.919320e+06
6.747381e+06
6.577703e+06
6.410286e+06
6.245128e+06
6.082231e+06
5.921593e+06
5.763214e+06
5.607095e+06
5.453234e+06
5.301632e+06
5.152288e+06
5.005201e+06
4.860372e+06
4.717800e+06
4.577483e+06
4.439423e+06
4.303618e+06
4.170068e+06
4.038772e+06
3.909730e+06
3.782940e+06
3.658403e+06
3.536118e+06
3.416084e+06
3.298300e+06
3.182766e+06
3.069480e+06
2.958442e+06
2.849652e+06
2.743107e+06
2.638808e+06
2.536753e+06
2.436942e+06
2.339373e+06
2.244045e+06
2.150957e+06
2.060109e+06
1.971499e+06
1.885125e+06
1.800988e+06
1.719084e+06
1.639414e+06
1.561975e+06
1.486767e+06
1.413789e+06
1.343037e+06
1.274512e+06
1.208212e+06
1.144135e+06
1.082279e+06
1.022643e+06
9.652256e+05
9.100247e+05
8.570387e+05
8.062657e+05
7.577039e+05
7.113516e+05
6.672066e+05
6.252671e+05
5.855312e+05
5.479967e+05
5.126615e+05
4.795235e+05
4.485806e+05
4.198305e+05
3.932710e+05
3.688996e+05
3.467141e+05
3.267120e+05
3.088909e+05
2.932482e+05
2.797813e+05
2.684878e+05
2.593647e+05
2.524096e+05
2.476195e+05
2.449917e+05
2.445233e+05
2.462113e+05
2.500528e+05
2.560447e+05
2.641840e+05
2.744674e+05
2.868918e+05
3.014539e+05
3.181504e+05
