4.175715e-05
4.503464e-05
4.913228e-05
5.358906e-05
5.775683e-05
6.224079e-05
6.787079e-05
7.401105e-05
7.977216e-05
8.599511e-05
9.382288e-05
1.011929e-04
1.104684e-04
1.206311e-04
1.302555e-04
1.407064e-04
1.538546e-04
1.683042e-04
1.841961e-04
1.993822e-04
2.184264e-04
2.366705e-04
2.595082e-04
2.846435e-04
3.122937e-04
3.388341e-04
3.676143e-04
4.033073e-04
4.422286e-04
4.844580e-04
5.299737e-04
5.721467e-04
6.299064e-04
6.755210e-04
7.287617e-04
7.807320e-04
8.192926e-04
8.686601e-04
8.853909e-04
8.925367e-04
8.828093e-04
8.160517e-04
7.146163e-04
5.605111e-04
3.558349e-04
8.419113e-05
-2.254550e-04
-5.632094e-04
-9.070429e-04
-1.221257e-03
-1.493740e-03
-1.685159e-03
-1.796198e-03
-1.829298e-03
-1.810438e-03
-1.723535e-03
-1.614464e-03
-1.469233e-03
-1.326926e-03
-1.193084e-03
-1.042767e-03
-9.114269e-04
-7.979471e-04
-6.882141e-04
-5.904455e-04
-5.086884e-04
-4.362994e-04
-3.758625e-04
-3.194374e-04
-2.747927e-04
-2.328178e-04
-1.989850e-04
-1.681242e-04
-1.397749e-04
-1.153407e-04
-9.164249e-05
-6.946327e-05
-4.696822e-05
-2.330243e-05
1.871533e-06
3.030502e-05
6.289442e-05
1.001111e-04
1.427725e-04
1.912279e-04
2.453096e-04
3.042501e-04
3.662352e-04
4.293554e-04
4.898499e-04
5.452183e-04
5.914555e-04
6.255151e-04
6.456693e-04
6.505462e-04
6.405439e-04
6.178387e-04
5.840720e-04
5.424732e-04
4.953798e-04
4.462035e-04
