-7.294832e-04
-1.973570e-03
-3.264210e-03
-4.544606e-03
-5.757078e-03
-6.846914e-03
-7.772698e-03
-8.501893e-03
-9.018071e-03
-9.320525e-03
-9.418802e-03
-9.334378e-03
-9.089868e-03
-8.715680e-03
-8.242745e-03
-7.692098e-03
-7.089507e-03
-6.453399e-03
-5.795818e-03
-5.130574e-03
-4.463483e-03
-3.797046e-03
-3.138169e-03
-2.483738e-03
-1.835817e-03
-1.191404e-03
-5.444262e-04
1.066404e-04
7.647492e-04
1.434322e-03
2.121585e-03
2.823499e-03
3.547400e-03
4.296134e-03
5.071930e-03
5.860778e-03
6.667356e-03
7.486421e-03
8.289016e-03
9.045522e-03
9.726529e-03
1.027228e-02
1.064254e-02
1.075987e-02
1.055663e-02
9.988806e-03
8.999772e-03
7.620378e-03
5.905710e-03
3.972321e-03
1.965949e-03
4.411332e-05
-1.627895e-03
-2.974144e-03
-3.954865e-03
-4.547931e-03
-4.844429e-03
-4.864049e-03
-4.705767e-03
-4.419177e-03
-4.068196e-03
-3.680866e-03
-3.294499e-03
-2.918275e-03
-2.558287e-03
-2.239380e-03
-1.950581e-03
-1.692494e-03
-1.464024e-03
-1.263310e-03
-1.090202e-03
-9.391101e-04
-8.076542e-04
-6.948552e-04
-5.957684e-04
-5.117429e-04
-4.379685e-04
-3.735493e-04
-3.187273e-04
-2.711134e-04
-2.296257e-04
-1.938424e-04
-1.628083e-04
-1.358292e-04
-1.124743e-04
-9.226681e-05
-7.457643e-05
-5.946838e-05
-4.616129e-05
-3.463012e-05
-2.465471e-05
-1.604370e-05
-8.256530e-06
-2.270345e-06
3.566189e-06
8.200740e-06
1.253504e-05
1.625154e-05
1.899849e-05
2.168407e-05
2.394421e-05
