2.615671e-03
2.817550e-03
3.009151e-03
3.178009e-03
3.310111e-03
3.387638e-03
3.386599e-03
3.280855e-03
3.042046e-03
2.642298e-03
2.055508e-03
1.265725e-03
2.670410e-04
-9.291860e-04
-2.294003e-03
-3.774312e-03
-5.304758e-03
-6.806518e-03
-8.199352e-03
-9.408408e-03
-1.036750e-02
-1.103592e-02
-1.139234e-02
-1.143858e-02
-1.119524e-02
-1.068530e-02
-9.947836e-03
-9.031439e-03
-7.957639e-03
-6.767759e-03
-5.488070e-03
-4.143692e-03
-2.745394e-03
-1.315687e-03
1.477736e-04
1.636642e-03
3.126348e-03
4.629626e-03
6.099202e-03
7.523564e-03
8.866169e-03
1.007094e-02
1.108960e-02
1.182608e-02
1.220976e-02
1.216010e-02
1.163308e-02
1.061023e-02
9.132677e-03
7.296553e-03
5.268354e-03
3.200648e-03
1.290713e-03
-3.637660e-04
-1.659880e-03
-2.605349e-03
-3.178822e-03
-3.478050e-03
-3.551949e-03
-3.475620e-03
-3.279781e-03
-3.021675e-03
-2.750662e-03
-2.455133e-03
-2.174891e-03
-1.916431e-03
-1.678068e-03
-1.462180e-03
-1.269273e-03
-1.101341e-03
-9.509864e-04
-8.216446e-04
-7.071657e-04
-6.106108e-04
-5.254593e-04
-4.526071e-04
-3.887125e-04
-3.340805e-04
-2.867761e-04
-2.461124e-04
-2.107839e-04
-1.800471e-04
-1.535191e-04
-1.305654e-04
-1.106701e-04
-9.343754e-05
-7.830007e-05
-6.537237e-05
-5.421282e-05
-4.427985e-05
-3.598576e-05
-2.851314e-05
-2.203748e-05
-1.643773e-05
-1.160662e-05
-7.450923e-06
-3.889155e-06
-8.490127e-07
2.155866e-06
4.336563e-06
6.161151e-06
