8.631019e-05
9.358099e-05
1.014443e-04
1.099529e-04
1.198543e-04
1.306398e-04
1.415875e-04
1.534663e-04
1.673109e-04
1.824267e-04
1.978290e-04
2.169954e-04
2.354343e-04
2.569316e-04
2.804691e-04
3.062516e-04
3.344975e-04
3.654531e-04
3.993742e-04
4.388724e-04
4.797954e-04
5.273414e-04
5.735675e-04
6.303096e-04
6.924091e-04
7.602017e-04
8.339044e-04
9.090087e-04
9.942467e-04
1.090486e-03
1.180319e-03
1.285297e-03
1.384981e-03
1.481743e-03
1.578510e-03
1.660786e-03
1.709004e-03
1.727988e-03
1.691862e-03
1.580044e-03
1.369318e-03
1.035977e-03
5.595590e-04
-6.385402e-05
-8.467622e-04
-1.750619e-03
-2.732051e-03
-3.710409e-03
-4.604134e-03
-5.318610e-03
-5.792490e-03
-5.993297e-03
-5.924378e-03
-5.589618e-03
-5.071389e-03
-4.431215e-03
-3.699920e-03
-2.942989e-03
-2.188363e-03
-1.476232e-03
-7.969669e-04
-1.914360e-04
3.651355e-04
8.520736e-04
1.279435e-03
1.644611e-03
1.946740e-03
2.189301e-03
2.371589e-03
2.493629e-03
2.556087e-03
2.553076e-03
2.493659e-03
2.376233e-03
2.208267e-03
1.997573e-03
1.758519e-03
1.502423e-03
1.244022e-03
9.951141e-04
7.673715e-04
5.676510e-04
3.994638e-04
2.635762e-04
1.580039e-04
7.913102e-05
2.258695e-05
-1.610439e-05
-4.116757e-05
-5.613170e-05
-6.386664e-05
-6.663218e-05
-6.649581e-05
-6.410679e-05
-6.108740e-05
-5.739552e-05
-5.307513e-05
-4.919216e-05
-4.556522e-05
-4.231990e-05
-3.953212e-05
