-5.88435E-4
-5.36796E-4
-4.88096E-4
-4.41799E-4
-3.95919E-4
-3.52796E-4
-3.10324E-4
-2.69012E-4
-2.27839E-4
-1.87432E-4
-1.48705E-4
-1.08427E-4
-6.96077E-5
-2.84836E-5
1.14102E-5
5.44777E-5
9.65697E-5
1.41051E-4
1.84554E-4
2.33146E-4
2.83378E-4
3.35459E-4
3.95061E-4
4.54862E-4
5.17635E-4
5.83614E-4
6.60773E-4
7.38722E-4
8.21239E-4
9.1352E-4
0.00101
0.00112
0.00123
0.00135
0.00149
0.00162
0.00175
0.00188
0.00201
0.00211
0.0022
0.00225
0.00224
0.00216
0.002
0.00175
0.0014
9.64779E-4
4.69472E-4
-4.79305E-5
-5.44774E-4
-0.00101
-0.00137
-0.00161
-0.00176
-0.00182
-0.00179
-0.00171
-0.00161
-0.00148
-0.00132
-0.00117
-0.00103
-8.99938E-4
-7.83626E-4
-6.7869E-4
-5.85149E-4
-5.02495E-4
-4.26778E-4
-3.6651E-4
-3.11307E-4
-2.63368E-4
-2.21822E-4
-1.85862E-4
-1.55791E-4
-1.28722E-4
-1.05347E-4
-8.56574E-5
-6.81237E-5
-5.30066E-5
-3.9983E-5
-2.88219E-5
-1.91047E-5
-1.06714E-5
-3.45945E-6
2.90254E-6
8.4433E-6
1.29976E-5
1.68593E-5
2.04392E-5
2.35375E-5
2.62118E-5
2.81363E-5
3.0095E-5
3.17653E-5
3.2773E-5
3.43718E-5
3.53639E-5
3.57567E-5
3.6415E-5
3.69371E-5