1.154801e-03
1.274107e-03
1.406211e-03
1.550406e-03
1.706810e-03
1.876859e-03
2.059501e-03
2.253833e-03
2.457216e-03
2.665692e-03
2.876024e-03
3.079701e-03
3.266577e-03
3.418579e-03
3.520433e-03
3.545863e-03
3.463955e-03
3.239272e-03
2.834922e-03
2.205006e-03
1.315563e-03
1.328347e-04
-1.346556e-03
-3.125699e-03
-5.145009e-03
-7.335976e-03
-9.585741e-03
-1.175838e-02
-1.370457e-02
-1.527401e-02
-1.634103e-02
-1.681310e-02
-1.664356e-02
-1.581855e-02
-1.437563e-02
-1.234899e-02
-9.845812e-03
-6.941311e-03
-3.740210e-03
-3.537489e-04
3.102484e-03
6.510250e-03
9.725411e-03
1.259685e-02
1.495008e-02
1.662163e-02
1.747797e-02
1.743514e-02
1.647615e-02
1.469809e-02
1.227234e-02
9.493694e-03
6.610558e-03
3.912968e-03
1.565061e-03
-3.034259e-04
-1.688427e-03
-2.618594e-03
-3.172549e-03
-3.405135e-03
-3.432916e-03
-3.320910e-03
-3.104638e-03
-2.843852e-03
-2.565819e-03
-2.288730e-03
-2.023939e-03
-1.774083e-03
-1.550700e-03
-1.347379e-03
-1.172054e-03
-1.013092e-03
-8.758919e-04
-7.562309e-04
-6.522257e-04
-5.620537e-04
-4.847404e-04
-4.172005e-04
-3.593334e-04
-3.095562e-04
-2.662032e-04
-2.287653e-04
-1.964554e-04
-1.685248e-04
-1.443331e-04
-1.235680e-04
-1.054919e-04
-8.960824e-05
-7.607871e-05
-6.440700e-05
-5.401543e-05
-4.534929e-05
-3.754118e-05
-3.077747e-05
-2.492899e-05
-1.988188e-05
-1.595005e-05
-1.180761e-05
-8.618214e-06
-5.902594e-06
-3.602507e-06
