-2.562100e-04
-2.228666e-04
-1.896827e-04
-1.570613e-04
-1.242934e-04
-9.116490e-05
-5.821189e-05
-2.372284e-05
1.097923e-05
4.597739e-05
8.239040e-05
1.205556e-04
1.596190e-04
2.010284e-04
2.437919e-04
2.880653e-04
3.356898e-04
3.854198e-04
4.414291e-04
4.984931e-04
5.587119e-04
6.248991e-04
6.980418e-04
7.762003e-04
8.565302e-04
9.493504e-04
1.049140e-03
1.156370e-03
1.271505e-03
1.394889e-03
1.532252e-03
1.678923e-03
1.834577e-03
2.005415e-03
2.183736e-03
2.358413e-03
2.541054e-03
2.717492e-03
2.888568e-03
3.022663e-03
3.123984e-03
3.162995e-03
3.127191e-03
2.964215e-03
2.683597e-03
2.269197e-03
1.712593e-03
1.033098e-03
2.703958e-04
-5.185929e-04
-1.259626e-03
-1.921489e-03
-2.431092e-03
-2.791454e-03
-2.973752e-03
-3.011121e-03
-2.962770e-03
-2.799778e-03
-2.596693e-03
-2.352186e-03
-2.120122e-03
-1.870636e-03
-1.651179e-03
-1.439826e-03
-1.248112e-03
-1.081701e-03
-9.292103e-04
-7.952808e-04
-6.814504e-04
-5.792788e-04
-4.929175e-04
-4.177837e-04
-3.510024e-04
-2.946503e-04
-2.457817e-04
-2.034283e-04
-1.660919e-04
-1.344433e-04
-1.073731e-04
-8.351440e-05
-6.285451e-05
-4.497103e-05
-2.949936e-05
-1.612575e-05
-4.575489e-06
5.577945e-06
1.419663e-05
2.160369e-05
2.824779e-05
3.369648e-05
3.833273e-05
4.261989e-05
4.593897e-05
4.871072e-05
5.140247e-05
5.369081e-05
5.520792e-05
5.639910e-05
5.730467e-05
5.838612e-05
5.925163e-05
