3.253610e-04
3.574346e-04
3.914769e-04
4.301176e-04
4.711983e-04
5.185943e-04
5.691537e-04
6.256532e-04
6.869052e-04
7.564159e-04
8.319205e-04
9.163156e-04
1.007999e-03
1.108900e-03
1.221456e-03
1.343485e-03
1.475433e-03
1.619648e-03
1.776779e-03
1.944849e-03
2.123334e-03
2.308215e-03
2.499796e-03
2.687967e-03
2.869625e-03
3.024370e-03
3.146408e-03
3.204921e-03
3.174871e-03
3.014136e-03
2.670709e-03
2.102481e-03
1.223259e-03
-1.740138e-05
-1.691252e-03
-3.837590e-03
-6.459340e-03
-9.485090e-03
-1.277253e-02
-1.604577e-02
-1.895966e-02
-2.108644e-02
-2.197628e-02
-2.125289e-02
-1.873040e-02
-1.445090e-02
-8.740925e-03
-2.166342e-03
4.544670e-03
1.062163e-02
1.541811e-02
1.849037e-02
1.968001e-02
1.915250e-02
1.724845e-02
1.446817e-02
1.130533e-02
8.168106e-03
5.355819e-03
3.011200e-03
1.189667e-03
-1.362545e-04
-1.034066e-03
-1.594454e-03
-1.891703e-03
-2.005576e-03
-1.994947e-03
-1.905471e-03
-1.770878e-03
-1.614937e-03
-1.451110e-03
-1.290656e-03
-1.136753e-03
-9.946274e-04
-8.679460e-04
-7.548086e-04
-6.546006e-04
-5.664443e-04
-4.893581e-04
-4.229258e-04
-3.649074e-04
-3.151290e-04
-2.719321e-04
-2.347500e-04
-2.027512e-04
-1.750554e-04
-1.513151e-04
-1.308908e-04
-1.130371e-04
-9.789153e-05
-8.486650e-05
-7.331649e-05
-6.367681e-05
-5.540150e-05
-4.790922e-05
-4.181804e-05
-3.619740e-05
-3.132800e-05
-2.711121e-05
-2.346223e-05
-2.073485e-05
