5.701643e-04
6.275076e-04
6.907710e-04
7.612660e-04
8.384373e-04
9.244609e-04
1.017873e-03
1.122871e-03
1.235968e-03
1.361850e-03
1.499578e-03
1.650055e-03
1.812786e-03
1.988161e-03
2.176390e-03
2.371971e-03
2.578594e-03
2.786342e-03
2.990434e-03
3.179376e-03
3.340404e-03
3.456768e-03
3.500743e-03
3.443858e-03
3.236535e-03
2.842105e-03
2.202976e-03
1.259556e-03
-4.494049e-05
-1.751716e-03
-3.874851e-03
-6.395052e-03
-9.249211e-03
-1.227977e-02
-1.528803e-02
-1.800698e-02
-2.013541e-02
-2.136922e-02
-2.147288e-02
-2.026079e-02
-1.768841e-02
-1.384575e-02
-8.933634e-03
-3.278920e-03
2.683858e-03
8.484332e-03
1.362768e-02
1.767455e-02
2.028688e-02
2.129769e-02
2.073801e-02
1.881556e-02
1.593844e-02
1.253229e-02
9.049881e-03
5.820055e-03
3.060659e-03
8.797663e-04
-7.149652e-04
-1.806939e-03
-2.473156e-03
-2.813116e-03
-2.911059e-03
-2.862140e-03
-2.711126e-03
-2.504848e-03
-2.271224e-03
-2.033635e-03
-1.803158e-03
-1.586455e-03
-1.387190e-03
-1.208941e-03
-1.049245e-03
-9.103636e-04
-7.863543e-04
-6.795662e-04
-5.860764e-04
-5.058079e-04
-4.363198e-04
-3.759366e-04
-3.241043e-04
-2.793394e-04
-2.406898e-04
-2.073350e-04
-1.786781e-04
-1.537369e-04
-1.323403e-04
-1.139045e-04
-9.774407e-05
-8.405781e-05
-7.196020e-05
-6.184428e-05
-5.280502e-05
-4.499341e-05
-3.785527e-05
-3.203478e-05
-2.702748e-05
-2.272994e-05
-1.905090e-05
-1.548686e-05
-1.281773e-05
