1.263864e-04
1.374370e-04
1.494349e-04
1.624669e-04
1.766317e-04
1.927858e-04
2.104228e-04
2.288062e-04
2.507394e-04
2.737555e-04
2.989308e-04
3.252635e-04
3.566311e-04
3.910753e-04
4.273537e-04
4.670931e-04
5.124369e-04
5.622265e-04
6.147125e-04
6.768011e-04
7.424516e-04
8.142561e-04
8.956525e-04
9.812091e-04
1.077546e-03
1.181792e-03
1.293844e-03
1.413240e-03
1.538914e-03
1.669034e-03
1.806626e-03
1.942169e-03
2.061948e-03
2.162524e-03
2.239076e-03
2.258078e-03
2.204317e-03
2.049026e-03
1.757791e-03
1.281858e-03
5.921549e-04
-3.624773e-04
-1.577147e-03
-3.046385e-03
-4.718216e-03
-6.483053e-03
-8.177219e-03
-9.620872e-03
-1.062697e-02
-1.105382e-02
-1.082727e-02
-9.943429e-03
-8.511283e-03
-6.671720e-03
-4.559547e-03
-2.386499e-03
-2.593013e-04
1.706351e-03
3.398526e-03
4.767630e-03
5.776876e-03
6.427111e-03
6.711563e-03
6.656379e-03
6.310581e-03
5.732288e-03
4.997474e-03
4.164498e-03
3.318668e-03
2.511122e-03
1.783340e-03
1.161893e-03
6.594860e-04
2.739729e-04
-1.021988e-05
-2.034109e-04
-3.272777e-04
-3.961891e-04
-4.259818e-04
-4.285591e-04
-4.132027e-04
-3.869440e-04
-3.550557e-04
-3.210389e-04
-2.871161e-04
-2.546630e-04
-2.248189e-04
-1.976573e-04
-1.732543e-04
-1.515637e-04
-1.327786e-04
-1.161410e-04
-1.021137e-04
-8.945280e-05
-7.904304e-05
-6.996689e-05
-6.204017e-05
-5.510126e-05
-4.943120e-05
-4.449925e-05
-3.977515e-05
