2.073183e-04
2.264492e-04
2.479326e-04
2.708049e-04
2.958046e-04
3.246568e-04
3.546916e-04
3.884564e-04
4.264570e-04
4.671716e-04
5.118602e-04
5.633690e-04
6.174234e-04
6.796507e-04
7.465832e-04
8.201139e-04
9.026808e-04
9.913554e-04
1.090626e-03
1.196884e-03
1.315226e-03
1.441074e-03
1.580018e-03
1.725979e-03
1.884733e-03
2.043885e-03
2.207514e-03
2.366843e-03
2.514524e-03
2.640270e-03
2.724036e-03
2.745612e-03
2.678976e-03
2.476241e-03
2.094767e-03
1.477433e-03
5.805227e-04
-6.813236e-04
-2.345191e-03
-4.416633e-03
-6.876922e-03
-9.611656e-03
-1.239772e-02
-1.494421e-02
-1.687906e-02
-1.780016e-02
-1.739932e-02
-1.551224e-02
-1.220911e-02
-7.789091e-03
-2.741628e-03
2.355489e-03
6.933605e-03
1.052926e-02
1.286809e-02
1.386203e-02
1.368045e-02
1.253041e-02
1.076988e-02
8.694972e-03
6.592134e-03
4.640757e-03
2.986952e-03
1.654370e-03
6.437525e-04
-7.207311e-05
-5.546903e-04
-8.486451e-04
-1.007499e-03
-1.070979e-03
-1.062671e-03
-1.016039e-03
-9.440354e-04
-8.584090e-04
-7.712116e-04
-6.852351e-04
-6.050410e-04
-5.302345e-04
-4.624620e-04
-4.025713e-04
-3.495925e-04
-3.029317e-04
-2.623814e-04
-2.271969e-04
-1.966610e-04
-1.704340e-04
-1.478426e-04
-1.283792e-04
-1.115982e-04
-9.681796e-05
-8.462036e-05
-7.381623e-05
-6.447064e-05
-5.675666e-05
-5.014498e-05
-4.407627e-05
-3.880256e-05
-3.463112e-05
-3.106137e-05
-2.716062e-05
-2.454871e-05
