-7.681643e-03
-7.696659e-03
-7.587065e-03
-7.374206e-03
-7.080872e-03
-6.726478e-03
-6.330147e-03
-5.907281e-03
-5.469457e-03
-5.026066e-03
-4.584426e-03
-4.149833e-03
-3.724261e-03
-3.311177e-03
-2.908444e-03
-2.517389e-03
-2.138272e-03
-1.768484e-03
-1.405588e-03
-1.047852e-03
-6.971518e-04
-3.434622e-04
8.094474e-06
3.649151e-04
7.274303e-04
1.099274e-03
1.485030e-03
1.882025e-03
2.295048e-03
2.734620e-03
3.193190e-03
3.676503e-03
4.184868e-03
4.724375e-03
5.286685e-03
5.874999e-03
6.465230e-03
7.070129e-03
7.664049e-03
8.201588e-03
8.666852e-03
9.015440e-03
9.193703e-03
9.132660e-03
8.783692e-03
8.087427e-03
7.044724e-03
5.664143e-03
4.013157e-03
2.206673e-03
3.814473e-04
-1.309887e-03
-2.756754e-03
-3.884057e-03
-4.620057e-03
-5.043974e-03
-5.190377e-03
-5.093710e-03
-4.862249e-03
-4.501626e-03
-4.119477e-03
-3.694651e-03
-3.283461e-03
-2.898727e-03
-2.540933e-03
-2.209742e-03
-1.922335e-03
-1.666402e-03
-1.440401e-03
-1.239368e-03
-1.068851e-03
-9.180839e-04
-7.887938e-04
-6.764195e-04
-5.778525e-04
-4.943647e-04
-4.204931e-04
-3.577659e-04
-3.033000e-04
-2.560250e-04
-2.150007e-04
-1.793595e-04
-1.485884e-04
-1.218474e-04
-9.857693e-05
-7.852368e-05
-6.097472e-05
-4.600474e-05
-3.253390e-05
-2.110131e-05
-1.156687e-05
-3.075049e-06
4.596256e-06
1.085530e-05
1.658765e-05
2.111672e-05
2.492870e-05
2.853018e-05
3.158530e-05
3.415730e-05
3.630186e-05
