-1.066961e-04
-7.419086e-05
-4.210678e-05
-8.119257e-06
2.630510e-05
6.124178e-05
9.828773e-05
1.354154e-04
1.760949e-04
2.172093e-04
2.597070e-04
3.059924e-04
3.543011e-04
4.061674e-04
4.606843e-04
5.181082e-04
5.820786e-04
6.482451e-04
7.185239e-04
7.976161e-04
8.799857e-04
9.706599e-04
1.068047e-03
1.175765e-03
1.295268e-03
1.420934e-03
1.556514e-03
1.706989e-03
1.874094e-03
2.054580e-03
2.243343e-03
2.451009e-03
2.672035e-03
2.912113e-03
3.162703e-03
3.411279e-03
3.667281e-03
3.913292e-03
4.145703e-03
4.337097e-03
4.463672e-03
4.496497e-03
4.402797e-03
4.158092e-03
3.714718e-03
3.066434e-03
2.220815e-03
1.201272e-03
6.582544e-05
-1.090851e-03
-2.183996e-03
-3.135481e-03
-3.874194e-03
-4.353987e-03
-4.607207e-03
-4.648111e-03
-4.519947e-03
-4.270511e-03
-3.957046e-03
-3.578430e-03
-3.211156e-03
-2.840477e-03
-2.498377e-03
-2.175136e-03
-1.882994e-03
-1.632482e-03
-1.400920e-03
-1.201630e-03
-1.027182e-03
-8.751408e-04
-7.429811e-04
-6.283529e-04
-5.290510e-04
-4.431072e-04
-3.697785e-04
-3.053100e-04
-2.495827e-04
-2.018965e-04
-1.601484e-04
-1.243193e-04
-9.307906e-05
-6.616067e-05
-4.280036e-05
-2.262999e-05
-5.121358e-06
1.003883e-05
2.315085e-05
3.420511e-05
4.422774e-05
5.229098e-05
5.945326e-05
6.592681e-05
7.075664e-05
7.552764e-05
7.880990e-05
8.185626e-05
8.476745e-05
8.678612e-05
8.880158e-05
8.959579e-05
9.048335e-05
