1.610233e-05
1.788064e-05
1.926482e-05
2.075088e-05
2.167222e-05
2.479633e-05
2.670536e-05
2.876218e-05
3.098015e-05
3.337404e-05
3.596007e-05
3.993623e-05
4.306050e-05
4.644488e-05
5.011471e-05
5.409587e-05
6.018665e-05
6.503508e-05
7.030798e-05
7.830972e-05
8.228489e-05
9.175958e-05
9.938962e-05
1.108719e-04
1.201802e-04
1.302859e-04
1.412344e-04
1.575664e-04
1.707005e-04
1.901241e-04
2.055398e-04
2.281264e-04
2.385811e-04
2.631896e-04
2.806898e-04
3.059887e-04
3.212410e-04
3.429567e-04
3.500774e-04
3.495094e-04
3.489971e-04
3.239362e-04
2.912589e-04
2.278086e-04
1.492212e-04
4.056694e-05
-8.572715e-05
-2.237878e-04
-3.636149e-04
-4.999147e-04
-6.083569e-04
-6.991108e-04
-7.435381e-04
-7.693904e-04
-7.659819e-04
-7.230677e-04
-6.786275e-04
-6.229163e-04
-5.612749e-04
-4.868505e-04
-4.259341e-04
-3.681786e-04
-3.147164e-04
-2.596350e-04
-2.168583e-04
-1.740392e-04
-1.411003e-04
-1.121348e-04
-8.675135e-05
-6.455918e-05
-4.518288e-05
-2.828168e-05
-1.354425e-05
-6.924610e-07
1.051958e-05
2.030835e-05
2.828362e-05
3.633929e-05
4.258018e-05
4.842809e-05
5.356047e-05
5.804600e-05
6.208702e-05
6.575448e-05
6.895446e-05
7.178697e-05
7.454040e-05
7.708344e-05
7.913899e-05
8.130498e-05
8.332700e-05
8.522202e-05
8.662997e-05
8.869257e-05
8.989750e-05
9.182547e-05
9.329505e-05
9.471488e-05
9.651432e-05
9.786486e-05
9.961690e-05
