-1.842184e-03
-1.711748e-03
-1.586694e-03
-1.466732e-03
-1.352579e-03
-1.243848e-03
-1.141789e-03
-1.045269e-03
-9.542453e-04
-8.675523e-04
-7.855833e-04
-7.076897e-04
-6.341865e-04
-5.628578e-04
-4.964125e-04
-4.308702e-04
-3.675221e-04
-3.064045e-04
-2.456748e-04
-1.850181e-04
-1.264104e-04
-6.763388e-05
-8.424555e-06
5.147326e-05
1.187289e-04
1.813062e-04
2.453192e-04
3.151185e-04
3.874571e-04
4.674481e-04
5.457827e-04
6.270185e-04
7.173842e-04
8.181615e-04
9.155317e-04
1.014839e-03
1.123203e-03
1.230768e-03
1.334140e-03
1.428690e-03
1.518650e-03
1.586265e-03
1.612302e-03
1.615872e-03
1.550485e-03
1.441758e-03
1.264871e-03
1.032959e-03
7.525932e-04
4.440596e-04
1.328537e-04
-1.551737e-04
-3.849941e-04
-5.846307e-04
-7.088976e-04
-7.909365e-04
-8.232501e-04
-8.022524e-04
-7.551880e-04
-7.039682e-04
-6.425507e-04
-5.861101e-04
-5.114170e-04
-4.486952e-04
-3.904185e-04
-3.374078e-04
-2.943321e-04
-2.516316e-04
-2.141571e-04
-1.841655e-04
-1.576444e-04
-1.324062e-04
-1.106624e-04
-9.197876e-05
-7.699597e-05
-6.390611e-05
-5.247994e-05
-4.202049e-05
-3.346893e-05
-2.601912e-05
-1.953207e-05
-1.383070e-05
-8.996319e-06
-4.794541e-06
-1.145746e-06
2.018858e-06
4.531081e-06
7.129608e-06
9.174487e-06
1.093433e-05
1.244455e-05
1.373545e-05
1.483397e-05
1.576325e-05
1.654424e-05
1.719456e-05
1.773020e-05
1.858492e-05
1.851126e-05
1.920607e-05
1.897951e-05
