3.757759e-03
3.673865e-03
3.457662e-03
3.081096e-03
2.524136e-03
1.768898e-03
8.164003e-04
-3.230713e-04
-1.619998e-03
-3.024658e-03
-4.479920e-03
-5.912852e-03
-7.257241e-03
-8.443458e-03
-9.420471e-03
-1.014941e-02
-1.061624e-02
-1.081657e-02
-1.076591e-02
-1.049006e-02
-1.002359e-02
-9.402820e-03
-8.656201e-03
-7.815514e-03
-6.908745e-03
-5.957068e-03
-4.967669e-03
-3.960015e-03
-2.937255e-03
-1.903115e-03
-8.529230e-04
2.062376e-04
1.279688e-03
2.363813e-03
3.468716e-03
4.593693e-03
5.720115e-03
6.840877e-03
7.954083e-03
9.025099e-03
9.998385e-03
1.085559e-02
1.151843e-02
1.190061e-02
1.194238e-02
1.158061e-02
1.076620e-02
9.491199e-03
7.813966e-03
5.842568e-03
3.740724e-03
1.670275e-03
-1.887923e-04
-1.726833e-03
-2.914677e-03
-3.703187e-03
-4.158904e-03
-4.327626e-03
-4.279415e-03
-4.092713e-03
-3.810050e-03
-3.485133e-03
-3.130659e-03
-2.786359e-03
-2.457283e-03
-2.151810e-03
-1.878529e-03
-1.632857e-03
-1.417782e-03
-1.224900e-03
-1.058325e-03
-9.127604e-04
-7.860160e-04
-6.772811e-04
-5.827872e-04
-4.999366e-04
-4.297370e-04
-3.687427e-04
-3.154097e-04
-2.695807e-04
-2.296833e-04
-1.953282e-04
-1.655683e-04
-1.397349e-04
-1.172666e-04
-9.810454e-05
-8.100510e-05
-6.658733e-05
-5.360577e-05
-4.291342e-05
-3.308401e-05
-2.488407e-05
-1.783265e-05
-1.140161e-05
-5.831629e-06
-1.427891e-06
2.707220e-06
6.253777e-06
9.281540e-06
1.185137e-05
1.401705e-05
