2.684255e-05
2.898046e-05
3.185351e-05
3.436803e-05
3.707245e-05
3.998359e-05
4.391806e-05
4.650439e-05
5.109251e-05
5.511842e-05
6.057031e-05
6.537858e-05
7.059182e-05
7.485531e-05
8.239792e-05
9.072492e-05
9.814364e-05
1.062279e-04
1.150447e-04
1.269532e-04
1.351805e-04
1.466688e-04
1.621719e-04
1.793772e-04
1.914636e-04
2.119908e-04
2.305699e-04
2.508030e-04
2.777401e-04
2.965493e-04
3.221240e-04
3.558534e-04
3.852560e-04
4.158824e-04
4.471325e-04
4.868514e-04
5.167570e-04
5.529368e-04
5.632643e-04
5.844659e-04
5.815980e-04
5.601579e-04
5.151896e-04
4.504730e-04
3.386005e-04
2.082667e-04
4.564416e-05
-1.396206e-04
-3.304862e-04
-5.117316e-04
-6.688803e-04
-7.908668e-04
-8.719801e-04
-9.276815e-04
-9.313123e-04
-9.051458e-04
-8.575757e-04
-7.965456e-04
-7.287369e-04
-6.699758e-04
-6.011717e-04
-5.449126e-04
-4.848165e-04
-4.309271e-04
-3.779353e-04
-3.417700e-04
-3.097948e-04
-2.750614e-04
-2.517348e-04
-2.292278e-04
-2.104126e-04
-1.965291e-04
-1.835444e-04
-1.742577e-04
-1.667997e-04
-1.609908e-04
-1.566866e-04
-1.537432e-04
-1.523604e-04
-1.516935e-04
-1.523201e-04
-1.535450e-04
-1.554468e-04
-1.578435e-04
-1.603526e-04
-1.630339e-04
-1.653967e-04
-1.671443e-04
-1.685279e-04
-1.681923e-04
-1.662727e-04
-1.620263e-04
-1.542363e-04
-1.432886e-04
-1.278073e-04
-1.062564e-04
-7.889018e-05
-4.411992e-05
-1.940695e-06
4.744795e-05
1.042830e-04
