6.689693e-05
7.264926e-05
7.887742e-05
8.562489e-05
9.362602e-05
1.016195e-04
1.094918e-04
1.197228e-04
1.290257e-04
1.411171e-04
1.532521e-04
1.664706e-04
1.808814e-04
1.966000e-04
2.152868e-04
2.358153e-04
2.565730e-04
2.792593e-04
3.040638e-04
3.334978e-04
3.633499e-04
3.987125e-04
4.375681e-04
4.802106e-04
5.234003e-04
5.741772e-04
6.295451e-04
6.896511e-04
7.545468e-04
8.240876e-04
8.978463e-04
9.684785e-04
1.054086e-03
1.140587e-03
1.208285e-03
1.284211e-03
1.346538e-03
1.376581e-03
1.372009e-03
1.329579e-03
1.223113e-03
1.035250e-03
7.498328e-04
3.556883e-04
-1.488533e-04
-7.508196e-04
-1.420142e-03
-2.109624e-03
-2.767028e-03
-3.323664e-03
-3.745066e-03
-3.981081e-03
-4.050201e-03
-3.955346e-03
-3.711011e-03
-3.369716e-03
-2.968875e-03
-2.540819e-03
-2.110526e-03
-1.685603e-03
-1.289471e-03
-9.201256e-04
-5.893955e-04
-2.847647e-04
-1.913174e-05
2.197290e-04
4.316700e-04
6.171896e-04
7.743773e-04
9.127883e-04
1.026921e-03
1.121331e-03
1.192157e-03
1.241526e-03
1.270667e-03
1.278476e-03
1.264186e-03
1.229779e-03
1.177093e-03
1.108833e-03
1.028367e-03
9.392812e-04
8.461996e-04
7.523291e-04
6.613325e-04
5.755335e-04
4.966463e-04
4.255768e-04
3.625059e-04
3.072914e-04
2.598204e-04
2.184417e-04
1.829802e-04
1.527934e-04
1.269131e-04
1.047485e-04
8.577675e-05
6.955237e-05
5.608898e-05
4.384807e-05
3.375627e-05
