5.085438e-05
5.590236e-05
6.026060e-05
6.557346e-05
7.066065e-05
7.687488e-05
8.363457e-05
9.099183e-05
9.806467e-05
1.067209e-04
1.161650e-04
1.252799e-04
1.364437e-04
1.486520e-04
1.620101e-04
1.749845e-04
1.926644e-04
2.082885e-04
2.273929e-04
2.483592e-04
2.713705e-04
2.966309e-04
3.243493e-04
3.515125e-04
3.845307e-04
4.245057e-04
4.642895e-04
5.075880e-04
5.545012e-04
6.050331e-04
6.649944e-04
7.161351e-04
7.826201e-04
8.438154e-04
9.043424e-04
9.614618e-04
1.020702e-03
1.068449e-03
1.077041e-03
1.077895e-03
1.030041e-03
9.425534e-04
7.930217e-04
5.637192e-04
2.676321e-04
-1.042520e-04
-5.264619e-04
-9.831182e-04
-1.429400e-03
-1.843807e-03
-2.162622e-03
-2.402302e-03
-2.519087e-03
-2.529461e-03
-2.449218e-03
-2.314691e-03
-2.132090e-03
-1.908498e-03
-1.687149e-03
-1.455968e-03
-1.245260e-03
-1.048527e-03
-8.684446e-04
-6.998998e-04
-5.608548e-04
-4.366892e-04
-3.225076e-04
-2.220303e-04
-1.365019e-04
-6.078756e-05
6.363079e-06
6.778084e-05
1.194732e-04
1.674516e-04
2.109027e-04
2.506236e-04
2.873246e-04
3.216609e-04
3.542069e-04
3.854724e-04
4.162830e-04
4.462560e-04
4.756919e-04
5.044753e-04
5.321035e-04
5.578995e-04
5.810234e-04
5.997726e-04
6.133802e-04
6.198001e-04
6.187231e-04
6.092028e-04
5.906319e-04
5.644300e-04
5.314292e-04
4.928250e-04
4.510980e-04
4.074212e-04
3.628180e-04
3.204351e-04
2.793427e-04
