2.972708e-05
3.200019e-05
3.501439e-05
3.767908e-05
4.121865e-05
4.508594e-05
4.851747e-05
5.221228e-05
5.712639e-05
6.250730e-05
6.730891e-05
7.368068e-05
7.938773e-05
8.695262e-05
9.375448e-05
1.027584e-04
1.126610e-04
1.216272e-04
1.334503e-04
1.464664e-04
1.583201e-04
1.738781e-04
1.910016e-04
2.098386e-04
2.305329e-04
2.494336e-04
2.739401e-04
3.006808e-04
3.297350e-04
3.611208e-04
3.947610e-04
4.304425e-04
4.607777e-04
5.059096e-04
5.438638e-04
5.799299e-04
6.117507e-04
6.360763e-04
6.486339e-04
6.440038e-04
6.156904e-04
5.564510e-04
4.685746e-04
3.257463e-04
1.418314e-04
-9.232809e-05
-3.719453e-04
-6.694539e-04
-9.711555e-04
-1.242692e-03
-1.473288e-03
-1.625928e-03
-1.731612e-03
-1.750847e-03
-1.690057e-03
-1.594938e-03
-1.464994e-03
-1.314518e-03
-1.167625e-03
-1.007727e-03
-8.448344e-04
-7.200769e-04
-5.886750e-04
-4.705367e-04
-3.709691e-04
-2.822340e-04
-2.035904e-04
-1.341699e-04
-7.302041e-05
-1.922107e-05
2.811827e-05
6.811286e-05
1.051796e-04
1.379510e-04
1.660865e-04
1.906742e-04
2.142962e-04
2.350808e-04
2.537524e-04
2.712907e-04
2.875033e-04
3.025678e-04
3.167962e-04
3.304480e-04
3.435295e-04
3.559987e-04
3.683173e-04
3.806978e-04
3.927264e-04
4.044085e-04
4.164368e-04
4.282379e-04
4.402090e-04
4.524197e-04
4.645443e-04
4.766211e-04
4.886754e-04
5.007392e-04
5.124161e-04
5.237039e-04
5.345823e-04
