2.150216e-05
2.368337e-05
2.549860e-05
2.807084e-05
3.021589e-05
3.252204e-05
3.579684e-05
3.853484e-05
4.148609e-05
4.567762e-05
4.919861e-05
5.418583e-05
5.839975e-05
6.434935e-05
6.790380e-05
7.489315e-05
8.261446e-05
8.922616e-05
9.849540e-05
1.064791e-04
1.151558e-04
1.272712e-04
1.377523e-04
1.523218e-04
1.649486e-04
1.824139e-04
2.016638e-04
2.137936e-04
2.361521e-04
2.551557e-04
2.810767e-04
3.089083e-04
3.384191e-04
3.616765e-04
3.924097e-04
4.226055e-04
4.413824e-04
4.645829e-04
4.805203e-04
4.748137e-04
4.531840e-04
4.317399e-04
3.731588e-04
2.830334e-04
1.515475e-04
-5.365297e-06
-1.911797e-04
-3.956228e-04
-6.036284e-04
-7.975956e-04
-9.606661e-04
-1.066698e-03
-1.149255e-03
-1.152904e-03
-1.128097e-03
-1.084481e-03
-1.000782e-03
-9.026167e-04
-7.982248e-04
-6.938184e-04
-6.033476e-04
-5.173891e-04
-4.301852e-04
-3.519405e-04
-2.880560e-04
-2.262419e-04
-1.762492e-04
-1.286396e-04
-9.312976e-05
-5.643991e-05
-2.674277e-05
-6.483193e-07
2.229447e-05
4.248372e-05
6.027781e-05
7.598930e-05
8.932171e-05
1.018067e-04
1.126127e-04
1.226463e-04
1.315361e-04
1.397196e-04
1.471685e-04
1.540718e-04
1.605039e-04
1.665312e-04
1.722137e-04
1.776072e-04
1.827611e-04
1.880431e-04
1.932138e-04
1.979462e-04
2.033432e-04
2.083588e-04
2.129855e-04
2.180286e-04
2.231312e-04
2.283203e-04
2.336213e-04
2.386412e-04
2.446587e-04
