1.74854212
1.74857912
1.74864212
1.74872512
1.74882312
1.74893412
1.74905412
1.74918112
1.74931212
1.74944612
1.74958112
1.74971612
1.74985212
1.74998512
1.75011812
1.75024812
1.75037512
1.75050012
1.75062212
1.75074112
1.75085712
1.75097012
1.75108012
1.75118712
1.75129012
1.75139112
1.75148912
1.75158412
1.75167712
1.75176612
1.75185312
1.75193812
1.75202012
1.75209912
1.75217712
1.75225212
1.75232512
1.75239612
1.75246512
1.75253212
1.75259712
1.75266012
1.75272212
1.75278212
1.75284112
1.75289712
1.75295312
1.75300712
1.75305912
1.75311012
1.75316012
1.75320912
1.75325712
1.75330312
1.75334812
1.75339212
1.75343512
1.75347712
1.75351912
1.75355912
1.75359812
1.75363612
1.75367412
1.75371112
1.75374712
1.75378212
1.75381612
1.75385012
1.75388312
1.75391512
1.75394612
1.75397712
1.75400812
1.75403812
1.75406712
1.75409512
1.75412312
1.75415112
1.75417812
1.75420412
1.75423012
1.75425612
1.75428112
1.75430512
1.75432912
1.75435312
1.75437712
1.75439912
1.75442212
1.75444412
1.75446612
1.75448712
1.75450812
1.75452912
1.75454912
1.75456912
1.75458912
1.75460812
1.75462812
1.75464612
1.75466512
