1.74838912
1.74852112
1.74865912
1.74880212
1.74894712
1.74909512
1.74924212
1.74938912
1.74953412
1.74967812
1.74981912
1.74995712
1.75009312
1.75022512
1.75035412
1.75048012
1.75060212
1.75072112
1.75083712
1.75095012
1.75105912
1.75116512
1.75126812
1.75136812
1.75146612
1.75156012
1.75165112
1.75174012
1.75182712
1.75191112
1.75199212
1.75207112
1.75214812
1.75222312
1.75229612
1.75236612
1.75243512
1.75250212
1.75256712
1.75263012
1.75269212
1.75275212
1.75281012
1.75286812
1.75292312
1.75297712
1.75303012
1.75308212
1.75313212
1.75318112
1.75322912
1.75327612
1.75332112
1.75336612
1.75340912
1.75345212
1.75349412
1.75353412
1.75357412
1.75361312
1.75365112
1.75368912
1.75372512
1.75376112
1.75379612
1.75383012
1.75386412
1.75389712
1.75392912
1.75396112
1.75399212
1.75402212
1.75405212
1.75408112
1.75411012
1.75413812
1.75416612
1.75419312
1.75422012
1.75424612
1.75427212
1.75429712
1.75432212
1.75434612
1.75437012
1.75439412
1.75441712
1.75444012
1.75446312
1.75448512
1.75450712
1.75452812
1.75454912
1.75457012
1.75459012
1.75461012
1.75463012
1.75465012
1.75466912
1.75468812
1.75470612
