5.641099e+07
5.641026e+07
5.641010e+07
5.641001e+07
5.640994e+07
5.640990e+07
5.640986e+07
5.640982e+07
5.640980e+07
5.640977e+07
5.640975e+07
5.640973e+07
5.640971e+07
5.640969e+07
5.640968e+07
5.640966e+07
5.640965e+07
5.640963e+07
5.640962e+07
5.640961e+07
5.640960e+07
5.640959e+07
5.640958e+07
5.640957e+07
5.640956e+07
5.640955e+07
5.640954e+07
5.640953e+07
5.640952e+07
5.640951e+07
5.640950e+07
5.640949e+07
5.640949e+07
5.640948e+07
5.640947e+07
5.640946e+07
5.640946e+07
5.640945e+07
5.640944e+07
5.640943e+07
5.640943e+07
5.640942e+07
5.640941e+07
5.640941e+07
5.640940e+07
5.640939e+07
5.640939e+07
5.640938e+07
5.640937e+07
5.640937e+07
5.640936e+07
5.640936e+07
5.640935e+07
5.640934e+07
5.640934e+07
5.640933e+07
5.640932e+07
5.640932e+07
5.640931e+07
5.640931e+07
5.640930e+07
5.640929e+07
5.640929e+07
5.640928e+07
5.640927e+07
5.640927e+07
5.640926e+07
5.640926e+07
5.640925e+07
5.640924e+07
5.640924e+07
5.640923e+07
5.640923e+07
5.640922e+07
5.640921e+07
5.640921e+07
5.640920e+07
5.640920e+07
5.640919e+07
5.640918e+07
5.640918e+07
5.640917e+07
5.640916e+07
5.640916e+07
5.640915e+07
5.640915e+07
5.640914e+07
5.640913e+07
5.640913e+07
5.640912e+07
5.640911e+07
5.640911e+07
5.640910e+07
5.640909e+07
5.640909e+07
5.640908e+07
5.640907e+07
5.640907e+07
5.640906e+07
5.640905e+07
5.640905e+07
5.640904e+07
5.640903e+07
5.640903e+07
5.640902e+07
5.640901e+07
5.640901e+07
5.640900e+07
5.640899e+07
5.640899e+07
5.640898e+07
5.640897e+07
5.640896e+07
5.640896e+07
5.640895e+07
5.640894e+07
5.640894e+07
5.640893e+07
5.640892e+07
5.640891e+07
5.640891e+07
5.640890e+07
5.640889e+07
5.640888e+07
5.640888e+07
5.640887e+07
5.640886e+07
5.640885e+07
5.640884e+07
5.640884e+07
5.640883e+07
5.640882e+07
5.640881e+07
5.640880e+07
5.640880e+07
5.640879e+07
5.640878e+07
5.640877e+07
5.640876e+07
5.640876e+07
5.640875e+07
5.640874e+07
5.640873e+07
5.640872e+07
5.640871e+07
5.640870e+07
5.640870e+07
5.640869e+07
5.640868e+07
5.640867e+07
5.640866e+07
5.640865e+07
5.640864e+07
5.640863e+07
5.640862e+07
5.640861e+07
5.640861e+07
5.640860e+07
5.640859e+07
5.640858e+07
5.640857e+07
5.640856e+07
5.640855e+07
5.640854e+07
5.640853e+07
5.640852e+07
5.640851e+07
5.640850e+07
5.640849e+07
5.640848e+07
5.640847e+07
5.640846e+07
5.640845e+07
5.640844e+07
5.640843e+07
5.640842e+07
5.640841e+07
5.640840e+07
5.640839e+07
5.640838e+07
5.640837e+07
5.640835e+07
5.640834e+07
5.640833e+07
5.640832e+07
5.640831e+07
5.640830e+07
5.640829e+07
5.640828e+07
5.640827e+07
5.640825e+07
5.640824e+07
5.640823e+07
5.640822e+07
5.640821e+07
5.640820e+07
5.640818e+07
5.640817e+07
5.640816e+07
5.640815e+07
5.640814e+07
5.640812e+07
5.640811e+07
5.640810e+07
5.640809e+07
5.640807e+07
5.640806e+07
5.640805e+07
5.640803e+07
5.640802e+07
5.640801e+07
5.640800e+07
5.640798e+07
5.640797e+07
5.640796e+07
5.640794e+07
5.640793e+07
5.640792e+07
5.640790e+07
5.640789e+07
5.640787e+07
5.640786e+07
5.640785e+07
5.640783e+07
5.640782e+07
5.640780e+07
5.640779e+07
5.640777e+07
5.640776e+07
5.640775e+07
5.640773e+07
5.640772e+07
5.640770e+07
5.640769e+07
5.640767e+07
5.640766e+07
5.640764e+07
5.640763e+07
5.640761e+07
5.640759e+07
5.640758e+07
5.640756e+07
5.640755e+07
5.640753e+07
5.640751e+07
5.640750e+07
5.640748e+07
5.640747e+07
5.640745e+07
5.640743e+07
5.640742e+07
5.640740e+07
5.640738e+07
5.640736e+07
5.640735e+07
5.640733e+07
5.640731e+07
5.640730e+07
5.640728e+07
5.640726e+07
5.640724e+07
5.640722e+07
5.640721e+07
5.640719e+07
5.640717e+07
5.640715e+07
5.640713e+07
5.640711e+07
5.640709e+07
5.640708e+07
5.640706e+07
5.640704e+07
5.640702e+07
5.640700e+07
5.640698e+07
5.640696e+07
5.640694e+07
5.640692e+07
5.640690e+07
5.640688e+07
5.640686e+07
5.640684e+07
5.640682e+07
5.640680e+07
5.640677e+07
5.640675e+07
5.640673e+07
5.640671e+07
5.640669e+07
5.640667e+07
5.640665e+07
5.640662e+07
5.640660e+07
5.640658e+07
5.640656e+07
5.640653e+07
5.640651e+07
5.640649e+07
5.640646e+07
5.640644e+07
5.640642e+07
5.640639e+07
5.640637e+07
5.640635e+07
5.640632e+07
5.640630e+07
5.640627e+07
5.640625e+07
5.640622e+07
5.640620e+07
5.640617e+07
5.640614e+07
5.640612e+07
5.640609e+07
5.640607e+07
5.640604e+07
5.640601e+07
5.640599e+07
5.640596e+07
5.640593e+07
5.640590e+07
5.640587e+07
5.640585e+07
5.640582e+07
5.640579e+07
5.640576e+07
5.640573e+07
5.640570e+07
5.640567e+07
5.640564e+07
5.640561e+07
5.640558e+07
5.640555e+07
5.640552e+07
5.640549e+07
5.640545e+07
5.640542e+07
5.640539e+07
5.640536e+07
5.640532e+07
5.640529e+07
5.640525e+07
5.640522e+07
5.640518e+07
5.640515e+07
5.640511e+07
5.640508e+07
5.640504e+07
5.640500e+07
5.640497e+07
5.640493e+07
5.640489e+07
5.640485e+07
5.640481e+07
5.640477e+07
5.640473e+07
5.640469e+07
5.640465e+07
5.640461e+07
5.640457e+07
5.640453e+07
5.640448e+07
5.640444e+07
5.640440e+07
5.640435e+07
5.640431e+07
5.640426e+07
5.640421e+07
5.640417e+07
5.640412e+07
5.640407e+07
5.640402e+07
5.640397e+07
5.640392e+07
5.640387e+07
5.640381e+07
5.640376e+07
5.640371e+07
5.640365e+07
5.640360e+07
5.640354e+07
5.640348e+07
5.640342e+07
5.640336e+07
5.640330e+07
5.640324e+07
5.640318e+07
5.640311e+07
5.640305e+07
5.640298e+07
5.640292e+07
5.640285e+07
5.640278e+07
5.640271e+07
5.640263e+07
5.640256e+07
5.640249e+07
5.640241e+07
5.640233e+07
5.640225e+07
5.640217e+07
5.640209e+07
5.640201e+07
5.640192e+07
5.640183e+07
5.640174e+07
5.640165e+07
5.640156e+07
5.640146e+07
5.640137e+07
5.640127e+07
5.640117e+07
5.640106e+07
5.640096e+07
5.640085e+07
5.640074e+07
5.640063e+07
5.640051e+07
5.640040e+07
5.640028e+07
5.640015e+07
5.640003e+07
5.639990e+07
5.639977e+07
5.639963e+07
5.639950e+07
5.639936e+07
5.639921e+07
5.639906e+07
5.639891e+07
5.639876e+07
5.639860e+07
5.639844e+07
5.639827e+07
5.639810e+07
5.639793e+07
5.639775e+07
5.639757e+07
5.639738e+07
5.639718e+07
5.639699e+07
5.639678e+07
5.639658e+07
5.639636e+07
5.639615e+07
5.639592e+07
5.639569e+07
5.639546e+07
5.639521e+07
5.639497e+07
5.639471e+07
5.639445e+07
5.639418e+07
5.639390e+07
5.639362e+07
5.639333e+07
5.639303e+07
5.639272e+07
5.639241e+07
5.639209e+07
5.639175e+07
5.639141e+07
5.639106e+07
5.639070e+07
5.639033e+07
5.638995e+07
5.638956e+07
5.638915e+07
5.638874e+07
5.638831e+07
5.638788e+07
5.638743e+07
5.638697e+07
5.638649e+07
5.638600e+07
5.638550e+07
5.638498e+07
5.638445e+07
5.638390e+07
5.638334e+07
5.638276e+07
5.638217e+07
5.638155e+07
5.638092e+07
5.638027e+07
5.637961e+07
5.637892e+07
5.637821e+07
5.637749e+07
5.637674e+07
5.637597e+07
5.637517e+07
5.637436e+07
5.637352e+07
5.637265e+07
5.637176e+07
5.637085e+07
5.636990e+07
5.636893e+07
5.636793e+07
5.636690e+07
5.636584e+07
5.636475e+07
5.636363e+07
5.636247e+07
5.636128e+07
5.636005e+07
5.635878e+07
5.635748e+07
5.635614e+07
5.635476e+07
5.635333e+07
5.635187e+07
5.635036e+07
5.634880e+07
5.634720e+07
5.634555e+07
5.634385e+07
5.634210e+07
5.634030e+07
5.633844e+07
5.633652e+07
5.633455e+07
5.633252e+07
5.633042e+07
5.632827e+07
5.632604e+07
5.632375e+07
5.632139e+07
5.631896e+07
5.631645e+07
5.631387e+07
5.631121e+07
5.630847e+07
5.630564e+07
5.630273e+07
5.629973e+07
5.629664e+07
5.629345e+07
5.629017e+07
5.628678e+07
5.628329e+07
5.627970e+07
5.627599e+07
5.627217e+07
5.626824e+07
5.626418e+07
5.626000e+07
5.625569e+07
5.625124e+07
5.624666e+07
5.624194e+07
5.623708e+07
5.623206e+07
5.622690e+07
5.622157e+07
5.621607e+07
5.621041e+07
5.620458e+07
5.619856e+07
5.619236e+07
5.618596e+07
5.617937e+07
5.617258e+07
5.616557e+07
5.615835e+07
5.615091e+07
5.614323e+07
5.613532e+07
5.612716e+07
5.611875e+07
5.611008e+07
5.610114e+07
5.609193e+07
5.608243e+07
5.607263e+07
5.606253e+07
5.605212e+07
5.604138e+07
5.603031e+07
5.601890e+07
5.600713e+07
5.599499e+07
5.598248e+07
5.596958e+07
5.595627e+07
5.594256e+07
5.592841e+07
5.591383e+07
5.589879e+07
5.588328e+07
5.586729e+07
5.585080e+07
5.583379e+07
5.581625e+07
5.579817e+07
5.577952e+07
5.576029e+07
5.574045e+07
5.572000e+07
5.569891e+07
5.567715e+07
5.565472e+07
5.563158e+07
5.560771e+07
5.558310e+07
5.555771e+07
5.553153e+07
5.550453e+07
5.547668e+07
5.544795e+07
5.541832e+07
5.538775e+07
5.535623e+07
5.532371e+07
5.529016e+07
5.525556e+07
5.521986e+07
5.518304e+07
5.514506e+07
5.510587e+07
5.506544e+07
5.502374e+07
5.498071e+07
5.493632e+07
5.489052e+07
5.484326e+07
5.479451e+07
5.474420e+07
5.469229e+07
5.463873e+07
5.458346e+07
5.452642e+07
5.446757e+07
5.440683e+07
5.434414e+07
5.427945e+07
5.421269e+07
5.414378e+07
5.407265e+07
5.399924e+07
5.392345e+07
5.384523e+07
5.376447e+07
5.368111e+07
5.359504e+07
5.350618e+07
5.341443e+07
5.331970e+07
5.322187e+07
5.312086e+07
5.301654e+07
5.290880e+07
5.279752e+07
5.268258e+07
5.256386e+07
5.244121e+07
5.231450e+07
5.218359e+07
5.204833e+07
5.190856e+07
5.176412e+07
5.161483e+07
5.146054e+07
5.130104e+07
5.113615e+07
5.096567e+07
5.078940e+07
5.060711e+07
5.041858e+07
5.022357e+07
5.002183e+07
4.981311e+07
4.959712e+07
4.937359e+07
4.914222e+07
4.890268e+07
4.865466e+07
4.839781e+07
4.813175e+07
4.785611e+07
4.757049e+07
4.727444e+07
4.696752e+07
4.664926e+07
4.631914e+07
4.597663e+07
4.562116e+07
4.525211e+07
4.486885e+07
4.447068e+07
4.405686e+07
4.362660e+07
4.317904e+07
4.271328e+07
4.222832e+07
4.172309e+07
4.119644e+07
4.064708e+07
4.007366e+07
3.947464e+07
3.884836e+07
3.819297e+07
3.750642e+07
3.678643e+07
3.603041e+07
3.523545e+07
3.439822e+07
3.351491e+07
3.258108e+07
3.159154e+07
3.054011e+07
2.941939e+07
2.822027e+07
2.693144e+07
2.553842e+07
2.402220e+07
2.235688e+07
2.050559e+07
1.841263e+07
1.598705e+07
1.306431e+07
9.305320e+06
0.000000e+00
0.000000e+00
0.000000e+00
0.000000e+00
0.000000e+00
0.000000e+00
0.000000e+00
0.000000e+00
0.000000e+00
0.000000e+00
0.000000e+00
0.000000e+00
0.000000e+00
0.000000e+00
0.000000e+00
0.000000e+00
0.000000e+00
0.000000e+00
0.000000e+00
0.000000e+00
0.000000e+00
0.000000e+00
0.000000e+00
0.000000e+00
0.000000e+00
0.000000e+00
0.000000e+00
0.000000e+00
0.000000e+00
0.000000e+00
0.000000e+00
0.000000e+00
0.000000e+00
0.000000e+00
0.000000e+00
0.000000e+00
0.000000e+00
0.000000e+00
0.000000e+00
0.000000e+00
0.000000e+00
0.000000e+00
0.000000e+00
0.000000e+00
0.000000e+00
0.000000e+00
0.000000e+00
0.000000e+00
0.000000e+00
0.000000e+00
0.000000e+00
0.000000e+00
0.000000e+00
0.000000e+00
0.000000e+00
0.000000e+00
0.000000e+00
0.000000e+00
0.000000e+00
0.000000e+00
0.000000e+00
0.000000e+00
0.000000e+00
0.000000e+00
0.000000e+00
0.000000e+00
0.000000e+00
0.000000e+00
0.000000e+00
0.000000e+00
0.000000e+00
0.000000e+00
0.000000e+00
0.000000e+00
0.000000e+00
0.000000e+00
0.000000e+00
0.000000e+00
0.000000e+00
0.000000e+00
0.000000e+00
0.000000e+00
0.000000e+00
0.000000e+00
0.000000e+00
0.000000e+00
0.000000e+00
0.000000e+00
0.000000e+00
0.000000e+00
0.000000e+00
0.000000e+00
0.000000e+00
0.000000e+00
0.000000e+00
0.000000e+00
0.000000e+00
0.000000e+00
0.000000e+00
0.000000e+00
0.000000e+00
0.000000e+00
0.000000e+00
0.000000e+00
0.000000e+00
0.000000e+00
0.000000e+00
0.000000e+00
0.000000e+00
0.000000e+00
0.000000e+00
0.000000e+00
0.000000e+00
0.000000e+00
0.000000e+00
0.000000e+00
0.000000e+00
0.000000e+00
0.000000e+00
0.000000e+00
0.000000e+00
0.000000e+00
0.000000e+00
0.000000e+00
0.000000e+00
0.000000e+00
0.000000e+00
0.000000e+00
0.000000e+00
0.000000e+00
0.000000e+00
0.000000e+00
0.000000e+00
0.000000e+00
0.000000e+00
0.000000e+00
0.000000e+00
0.000000e+00
0.000000e+00
0.000000e+00
0.000000e+00
0.000000e+00
0.000000e+00
0.000000e+00
0.000000e+00
0.000000e+00
0.000000e+00
0.000000e+00
0.000000e+00
0.000000e+00
0.000000e+00
0.000000e+00
0.000000e+00
0.000000e+00
0.000000e+00
0.000000e+00
0.000000e+00
0.000000e+00
0.000000e+00
0.000000e+00
0.000000e+00
0.000000e+00
0.000000e+00
0.000000e+00
0.000000e+00
0.000000e+00
0.000000e+00
0.000000e+00
0.000000e+00
0.000000e+00
0.000000e+00
0.000000e+00
0.000000e+00
0.000000e+00
0.000000e+00
0.000000e+00
0.000000e+00
0.000000e+00
0.000000e+00
0.000000e+00
0.000000e+00
0.000000e+00
0.000000e+00
0.000000e+00
0.000000e+00
0.000000e+00
0.000000e+00
0.000000e+00
0.000000e+00
0.000000e+00
0.000000e+00
0.000000e+00
0.000000e+00
0.000000e+00
0.000000e+00
0.000000e+00
0.000000e+00
0.000000e+00
0.000000e+00
0.000000e+00
0.000000e+00
0.000000e+00
0.000000e+00
0.000000e+00
0.000000e+00
0.000000e+00
0.000000e+00
0.000000e+00
0.000000e+00
0.000000e+00
0.000000e+00
0.000000e+00
0.000000e+00
0.000000e+00
0.000000e+00
0.000000e+00
0.000000e+00
0.000000e+00
0.000000e+00
0.000000e+00
0.000000e+00
0.000000e+00
0.000000e+00
0.000000e+00
0.000000e+00
0.000000e+00
0.000000e+00
0.000000e+00
0.000000e+00
0.000000e+00
0.000000e+00
0.000000e+00
0.000000e+00
0.000000e+00
0.000000e+00
0.000000e+00
0.000000e+00
0.000000e+00
0.000000e+00
0.000000e+00
0.000000e+00
0.000000e+00
0.000000e+00
0.000000e+00
0.000000e+00
0.000000e+00
0.000000e+00
0.000000e+00
0.000000e+00
0.000000e+00
0.000000e+00
0.000000e+00
0.000000e+00
0.000000e+00
0.000000e+00
0.000000e+00
0.000000e+00
0.000000e+00
0.000000e+00
0.000000e+00
0.000000e+00
0.000000e+00
0.000000e+00
0.000000e+00
0.000000e+00
0.000000e+00
0.000000e+00
0.000000e+00
0.000000e+00
0.000000e+00
0.000000e+00
0.000000e+00
0.000000e+00
0.000000e+00
0.000000e+00
0.000000e+00
0.000000e+00
0.000000e+00
0.000000e+00
0.000000e+00
0.000000e+00
0.000000e+00
0.000000e+00
0.000000e+00
0.000000e+00
0.000000e+00
0.000000e+00
0.000000e+00
0.000000e+00
0.000000e+00
0.000000e+00
0.000000e+00
0.000000e+00
0.000000e+00
0.000000e+00
0.000000e+00
0.000000e+00
0.000000e+00
0.000000e+00
0.000000e+00
0.000000e+00
0.000000e+00
0.000000e+00
0.000000e+00
0.000000e+00
0.000000e+00
0.000000e+00
0.000000e+00
0.000000e+00
0.000000e+00
0.000000e+00
0.000000e+00
0.000000e+00
0.000000e+00
0.000000e+00
0.000000e+00
0.000000e+00
0.000000e+00
0.000000e+00
0.000000e+00
0.000000e+00
0.000000e+00
0.000000e+00
0.000000e+00
0.000000e+00
0.000000e+00
0.000000e+00
0.000000e+00
0.000000e+00
0.000000e+00
0.000000e+00
0.000000e+00
0.000000e+00
0.000000e+00
0.000000e+00
0.000000e+00
0.000000e+00
0.000000e+00
0.000000e+00
0.000000e+00
0.000000e+00
0.000000e+00
0.000000e+00
0.000000e+00
0.000000e+00
0.000000e+00
0.000000e+00
0.000000e+00
0.000000e+00
0.000000e+00
0.000000e+00
0.000000e+00
0.000000e+00
0.000000e+00
0.000000e+00
0.000000e+00
0.000000e+00
0.000000e+00
0.000000e+00
0.000000e+00
0.000000e+00
0.000000e+00
0.000000e+00
0.000000e+00
0.000000e+00
0.000000e+00
0.000000e+00
0.000000e+00
0.000000e+00
0.000000e+00
0.000000e+00
0.000000e+00
0.000000e+00
0.000000e+00
0.000000e+00
0.000000e+00
0.000000e+00
0.000000e+00
0.000000e+00
0.000000e+00
0.000000e+00
0.000000e+00
0.000000e+00
0.000000e+00
0.000000e+00
0.000000e+00
0.000000e+00
0.000000e+00
0.000000e+00
0.000000e+00
0.000000e+00
0.000000e+00
0.000000e+00
0.000000e+00
0.000000e+00
0.000000e+00
0.000000e+00
0.000000e+00
0.000000e+00
0.000000e+00
0.000000e+00
0.000000e+00
0.000000e+00
0.000000e+00
0.000000e+00
0.000000e+00
0.000000e+00
0.000000e+00
0.000000e+00
0.000000e+00
0.000000e+00
0.000000e+00
0.000000e+00
0.000000e+00
0.000000e+00
0.000000e+00
0.000000e+00
0.000000e+00
0.000000e+00
0.000000e+00
0.000000e+00
0.000000e+00
0.000000e+00
0.000000e+00
0.000000e+00
0.000000e+00
0.000000e+00
0.000000e+00
0.000000e+00
0.000000e+00
0.000000e+00
0.000000e+00
0.000000e+00
0.000000e+00
0.000000e+00
0.000000e+00
0.000000e+00
0.000000e+00
0.000000e+00
0.000000e+00
0.000000e+00
0.000000e+00
0.000000e+00
0.000000e+00
0.000000e+00
0.000000e+00
0.000000e+00
0.000000e+00
0.000000e+00
0.000000e+00
0.000000e+00
0.000000e+00
0.000000e+00
0.000000e+00
0.000000e+00
0.000000e+00
0.000000e+00
0.000000e+00
0.000000e+00
0.000000e+00
0.000000e+00
0.000000e+00
0.000000e+00
0.000000e+00
0.000000e+00
0.000000e+00
0.000000e+00
0.000000e+00
0.000000e+00
0.000000e+00
0.000000e+00
0.000000e+00
0.000000e+00
0.000000e+00
0.000000e+00
0.000000e+00
0.000000e+00
0.000000e+00
0.000000e+00
0.000000e+00
0.000000e+00
0.000000e+00
0.000000e+00
0.000000e+00
0.000000e+00
0.000000e+00
0.000000e+00
0.000000e+00
0.000000e+00
0.000000e+00
0.000000e+00
0.000000e+00
0.000000e+00
0.000000e+00
0.000000e+00
0.000000e+00
0.000000e+00
0.000000e+00
0.000000e+00
0.000000e+00
0.000000e+00
0.000000e+00
0.000000e+00
0.000000e+00
0.000000e+00
0.000000e+00
0.000000e+00
0.000000e+00
0.000000e+00
0.000000e+00
0.000000e+00
0.000000e+00
0.000000e+00
0.000000e+00
0.000000e+00
0.000000e+00
0.000000e+00
0.000000e+00
0.000000e+00
0.000000e+00
0.000000e+00
0.000000e+00
0.000000e+00
0.000000e+00
0.000000e+00
0.000000e+00
0.000000e+00
0.000000e+00
0.000000e+00
0.000000e+00
0.000000e+00
0.000000e+00
0.000000e+00
0.000000e+00
0.000000e+00
0.000000e+00
0.000000e+00
0.000000e+00
0.000000e+00
0.000000e+00
0.000000e+00
0.000000e+00
0.000000e+00
0.000000e+00
0.000000e+00
0.000000e+00
0.000000e+00
0.000000e+00
0.000000e+00
0.000000e+00
0.000000e+00
0.000000e+00
0.000000e+00
0.000000e+00
0.000000e+00
0.000000e+00
0.000000e+00
0.000000e+00
0.000000e+00
0.000000e+00
0.000000e+00
0.000000e+00
0.000000e+00
0.000000e+00
0.000000e+00
0.000000e+00
0.000000e+00
0.000000e+00
0.000000e+00
0.000000e+00
0.000000e+00
0.000000e+00
0.000000e+00
0.000000e+00
0.000000e+00
0.000000e+00
0.000000e+00
0.000000e+00
0.000000e+00
0.000000e+00
0.000000e+00
0.000000e+00
0.000000e+00
0.000000e+00
0.000000e+00
0.000000e+00
0.000000e+00
0.000000e+00
0.000000e+00
0.000000e+00
0.000000e+00
0.000000e+00
0.000000e+00
0.000000e+00
0.000000e+00
0.000000e+00
0.000000e+00
0.000000e+00
0.000000e+00
0.000000e+00
0.000000e+00
0.000000e+00
0.000000e+00
0.000000e+00
0.000000e+00
0.000000e+00
0.000000e+00
0.000000e+00
0.000000e+00
0.000000e+00
0.000000e+00
0.000000e+00
0.000000e+00
0.000000e+00
0.000000e+00
0.000000e+00
0.000000e+00
0.000000e+00
0.000000e+00
0.000000e+00
0.000000e+00
0.000000e+00
0.000000e+00
0.000000e+00
0.000000e+00
0.000000e+00
0.000000e+00
0.000000e+00
0.000000e+00
0.000000e+00
0.000000e+00
0.000000e+00
0.000000e+00
0.000000e+00
0.000000e+00
0.000000e+00
0.000000e+00
0.000000e+00
0.000000e+00
0.000000e+00
0.000000e+00
0.000000e+00
0.000000e+00
0.000000e+00
0.000000e+00
0.000000e+00
0.000000e+00
0.000000e+00
0.000000e+00
0.000000e+00
0.000000e+00
0.000000e+00
0.000000e+00
0.000000e+00
0.000000e+00
0.000000e+00
0.000000e+00
0.000000e+00
0.000000e+00
0.000000e+00
0.000000e+00
0.000000e+00
0.000000e+00
0.000000e+00
0.000000e+00
0.000000e+00
0.000000e+00
0.000000e+00
0.000000e+00
0.000000e+00
0.000000e+00
0.000000e+00
0.000000e+00
0.000000e+00
0.000000e+00
0.000000e+00
0.000000e+00
0.000000e+00
0.000000e+00
0.000000e+00
0.000000e+00
0.000000e+00
0.000000e+00
0.000000e+00
0.000000e+00
0.000000e+00
0.000000e+00
0.000000e+00
0.000000e+00
0.000000e+00
0.000000e+00
0.000000e+00
0.000000e+00
0.000000e+00
0.000000e+00
0.000000e+00
0.000000e+00
0.000000e+00
0.000000e+00
0.000000e+00
0.000000e+00
0.000000e+00
0.000000e+00
0.000000e+00
0.000000e+00
0.000000e+00
0.000000e+00
0.000000e+00
0.000000e+00
0.000000e+00
0.000000e+00
0.000000e+00
0.000000e+00
0.000000e+00
0.000000e+00
0.000000e+00
0.000000e+00
0.000000e+00
0.000000e+00
0.000000e+00
0.000000e+00
0.000000e+00
0.000000e+00
0.000000e+00
0.000000e+00
0.000000e+00
0.000000e+00
0.000000e+00
0.000000e+00
0.000000e+00
0.000000e+00
0.000000e+00
0.000000e+00
0.000000e+00
0.000000e+00
0.000000e+00
0.000000e+00
0.000000e+00
0.000000e+00
0.000000e+00
0.000000e+00
0.000000e+00
0.000000e+00
0.000000e+00
0.000000e+00
0.000000e+00
0.000000e+00
0.000000e+00
0.000000e+00
0.000000e+00
0.000000e+00
0.000000e+00
0.000000e+00
0.000000e+00
0.000000e+00
0.000000e+00
0.000000e+00
0.000000e+00
0.000000e+00
0.000000e+00
0.000000e+00
0.000000e+00
0.000000e+00
0.000000e+00
0.000000e+00
0.000000e+00
0.000000e+00
0.000000e+00
0.000000e+00
0.000000e+00
0.000000e+00
0.000000e+00
0.000000e+00
0.000000e+00
0.000000e+00
0.000000e+00
0.000000e+00
0.000000e+00
0.000000e+00
0.000000e+00
0.000000e+00
0.000000e+00
0.000000e+00
0.000000e+00
0.000000e+00
0.000000e+00
0.000000e+00
0.000000e+00
0.000000e+00
0.000000e+00
0.000000e+00
0.000000e+00
0.000000e+00
0.000000e+00
0.000000e+00
0.000000e+00
0.000000e+00
0.000000e+00
0.000000e+00
0.000000e+00
0.000000e+00
0.000000e+00
0.000000e+00
0.000000e+00
0.000000e+00
0.000000e+00
0.000000e+00
0.000000e+00
0.000000e+00
0.000000e+00
0.000000e+00
0.000000e+00
0.000000e+00
0.000000e+00
0.000000e+00
0.000000e+00
0.000000e+00
0.000000e+00
0.000000e+00
0.000000e+00
0.000000e+00
0.000000e+00
0.000000e+00
0.000000e+00
0.000000e+00
0.000000e+00
0.000000e+00
0.000000e+00
0.000000e+00
0.000000e+00
0.000000e+00
0.000000e+00
0.000000e+00
0.000000e+00
0.000000e+00
0.000000e+00
0.000000e+00
0.000000e+00
0.000000e+00
0.000000e+00
0.000000e+00
0.000000e+00
0.000000e+00
0.000000e+00
0.000000e+00
0.000000e+00
0.000000e+00
0.000000e+00
0.000000e+00
0.000000e+00
0.000000e+00
0.000000e+00
0.000000e+00
0.000000e+00
0.000000e+00
0.000000e+00
0.000000e+00
0.000000e+00
0.000000e+00
0.000000e+00
0.000000e+00
0.000000e+00
0.000000e+00
0.000000e+00
0.000000e+00
0.000000e+00
0.000000e+00
0.000000e+00
0.000000e+00
0.000000e+00
0.000000e+00
0.000000e+00
0.000000e+00
0.000000e+00
0.000000e+00
0.000000e+00
0.000000e+00
0.000000e+00
0.000000e+00
0.000000e+00
0.000000e+00
0.000000e+00
0.000000e+00
0.000000e+00
0.000000e+00
0.000000e+00
0.000000e+00
0.000000e+00
0.000000e+00
0.000000e+00
0.000000e+00
0.000000e+00
0.000000e+00
0.000000e+00
0.000000e+00
0.000000e+00
0.000000e+00
0.000000e+00
0.000000e+00
0.000000e+00
0.000000e+00
0.000000e+00
0.000000e+00
0.000000e+00
0.000000e+00
0.000000e+00
0.000000e+00
0.000000e+00
0.000000e+00
0.000000e+00
0.000000e+00
0.000000e+00
0.000000e+00
0.000000e+00
0.000000e+00
0.000000e+00
0.000000e+00
0.000000e+00
0.000000e+00
0.000000e+00
0.000000e+00
0.000000e+00
0.000000e+00
0.000000e+00
0.000000e+00
0.000000e+00
0.000000e+00
0.000000e+00
0.000000e+00
0.000000e+00
0.000000e+00
0.000000e+00
0.000000e+00
0.000000e+00
0.000000e+00
0.000000e+00
0.000000e+00
0.000000e+00
0.000000e+00
0.000000e+00
0.000000e+00
0.000000e+00
0.000000e+00
0.000000e+00
0.000000e+00
0.000000e+00
0.000000e+00
0.000000e+00
0.000000e+00
0.000000e+00
0.000000e+00
0.000000e+00
0.000000e+00
0.000000e+00
0.000000e+00
0.000000e+00
0.000000e+00
0.000000e+00
0.000000e+00
0.000000e+00
0.000000e+00
0.000000e+00
0.000000e+00
0.000000e+00
0.000000e+00
0.000000e+00
0.000000e+00
0.000000e+00
0.000000e+00
0.000000e+00
0.000000e+00
0.000000e+00
0.000000e+00
0.000000e+00
0.000000e+00
0.000000e+00
0.000000e+00
0.000000e+00
0.000000e+00
0.000000e+00
0.000000e+00
0.000000e+00
0.000000e+00
0.000000e+00
0.000000e+00
0.000000e+00
0.000000e+00
0.000000e+00
0.000000e+00
0.000000e+00
0.000000e+00
0.000000e+00
0.000000e+00
0.000000e+00
0.000000e+00
0.000000e+00
0.000000e+00
0.000000e+00
0.000000e+00
0.000000e+00
0.000000e+00
0.000000e+00
0.000000e+00
0.000000e+00
0.000000e+00
0.000000e+00
0.000000e+00
0.000000e+00
0.000000e+00
0.000000e+00
0.000000e+00
0.000000e+00
0.000000e+00
0.000000e+00
0.000000e+00
0.000000e+00
0.000000e+00
0.000000e+00
0.000000e+00
0.000000e+00
0.000000e+00
0.000000e+00
0.000000e+00
0.000000e+00
0.000000e+00
0.000000e+00
0.000000e+00
0.000000e+00
0.000000e+00
0.000000e+00
0.000000e+00
0.000000e+00
0.000000e+00
0.000000e+00
0.000000e+00
0.000000e+00
0.000000e+00
0.000000e+00
0.000000e+00
0.000000e+00
0.000000e+00
0.000000e+00
0.000000e+00
0.000000e+00
0.000000e+00
0.000000e+00
0.000000e+00
0.000000e+00
0.000000e+00
0.000000e+00
0.000000e+00
0.000000e+00
0.000000e+00
0.000000e+00
0.000000e+00
0.000000e+00
0.000000e+00
0.000000e+00
0.000000e+00
0.000000e+00
0.000000e+00
0.000000e+00
0.000000e+00
0.000000e+00
0.000000e+00
0.000000e+00
0.000000e+00
0.000000e+00
0.000000e+00
0.000000e+00
0.000000e+00
0.000000e+00
0.000000e+00
0.000000e+00
0.000000e+00
0.000000e+00
0.000000e+00
0.000000e+00
