5.657568e+07
5.657494e+07
5.657478e+07
5.657469e+07
5.657462e+07
5.657458e+07
5.657454e+07
5.657450e+07
5.657448e+07
5.657445e+07
5.657443e+07
5.657441e+07
5.657439e+07
5.657437e+07
5.657436e+07
5.657434e+07
5.657433e+07
5.657431e+07
5.657430e+07
5.657429e+07
5.657428e+07
5.657427e+07
5.657426e+07
5.657425e+07
5.657424e+07
5.657423e+07
5.657422e+07
5.657421e+07
5.657420e+07
5.657419e+07
5.657418e+07
5.657417e+07
5.657417e+07
5.657416e+07
5.657415e+07
5.657414e+07
5.657413e+07
5.657413e+07
5.657412e+07
5.657411e+07
5.657411e+07
5.657410e+07
5.657409e+07
5.657409e+07
5.657408e+07
5.657407e+07
5.657407e+07
5.657406e+07
5.657405e+07
5.657405e+07
5.657404e+07
5.657403e+07
5.657403e+07
5.657402e+07
5.657401e+07
5.657401e+07
5.657400e+07
5.657400e+07
5.657399e+07
5.657398e+07
5.657398e+07
5.657397e+07
5.657396e+07
5.657396e+07
5.657395e+07
5.657395e+07
5.657394e+07
5.657393e+07
5.657393e+07
5.657392e+07
5.657391e+07
5.657391e+07
5.657390e+07
5.657390e+07
5.657389e+07
5.657388e+07
5.657388e+07
5.657387e+07
5.657386e+07
5.657386e+07
5.657385e+07
5.657385e+07
5.657384e+07
5.657383e+07
5.657383e+07
5.657382e+07
5.657381e+07
5.657381e+07
5.657380e+07
5.657379e+07
5.657379e+07
5.657378e+07
5.657377e+07
5.657377e+07
5.657376e+07
5.657375e+07
5.657375e+07
5.657374e+07
5.657373e+07
5.657373e+07
5.657372e+07
5.657371e+07
5.657371e+07
5.657370e+07
5.657369e+07
5.657369e+07
5.657368e+07
5.657367e+07
5.657366e+07
5.657366e+07
5.657365e+07
5.657364e+07
5.657364e+07
5.657363e+07
5.657362e+07
5.657361e+07
5.657361e+07
5.657360e+07
5.657359e+07
5.657358e+07
5.657358e+07
5.657357e+07
5.657356e+07
5.657355e+07
5.657354e+07
5.657354e+07
5.657353e+07
5.657352e+07
5.657351e+07
5.657351e+07
5.657350e+07
5.657349e+07
5.657348e+07
5.657347e+07
5.657346e+07
5.657346e+07
5.657345e+07
5.657344e+07
5.657343e+07
5.657342e+07
5.657341e+07
5.657340e+07
5.657340e+07
5.657339e+07
5.657338e+07
5.657337e+07
5.657336e+07
5.657335e+07
5.657334e+07
5.657333e+07
5.657332e+07
5.657332e+07
5.657331e+07
5.657330e+07
5.657329e+07
5.657328e+07
5.657327e+07
5.657326e+07
5.657325e+07
5.657324e+07
5.657323e+07
5.657322e+07
5.657321e+07
5.657320e+07
5.657319e+07
5.657318e+07
5.657317e+07
5.657316e+07
5.657315e+07
5.657314e+07
5.657313e+07
5.657312e+07
5.657311e+07
5.657310e+07
5.657309e+07
5.657308e+07
5.657307e+07
5.657306e+07
5.657305e+07
5.657303e+07
5.657302e+07
5.657301e+07
5.657300e+07
5.657299e+07
5.657298e+07
5.657297e+07
5.657296e+07
5.657294e+07
5.657293e+07
5.657292e+07
5.657291e+07
5.657290e+07
5.657289e+07
5.657287e+07
5.657286e+07
5.657285e+07
5.657284e+07
5.657283e+07
5.657281e+07
5.657280e+07
5.657279e+07
5.657278e+07
5.657276e+07
5.657275e+07
5.657274e+07
5.657272e+07
5.657271e+07
5.657270e+07
5.657269e+07
5.657267e+07
5.657266e+07
5.657265e+07
5.657263e+07
5.657262e+07
5.657260e+07
5.657259e+07
5.657258e+07
5.657256e+07
5.657255e+07
5.657254e+07
5.657252e+07
5.657251e+07
5.657249e+07
5.657248e+07
5.657246e+07
5.657245e+07
5.657243e+07
5.657242e+07
5.657240e+07
5.657239e+07
5.657237e+07
5.657236e+07
5.657234e+07
5.657233e+07
5.657231e+07
5.657230e+07
5.657228e+07
5.657227e+07
5.657225e+07
5.657223e+07
5.657222e+07
5.657220e+07
5.657219e+07
5.657217e+07
5.657215e+07
5.657214e+07
5.657212e+07
5.657210e+07
5.657209e+07
5.657207e+07
5.657205e+07
5.657203e+07
5.657202e+07
5.657200e+07
5.657198e+07
5.657196e+07
5.657195e+07
5.657193e+07
5.657191e+07
5.657189e+07
5.657187e+07
5.657186e+07
5.657184e+07
5.657182e+07
5.657180e+07
5.657178e+07
5.657176e+07
5.657174e+07
5.657172e+07
5.657170e+07
5.657168e+07
5.657166e+07
5.657164e+07
5.657162e+07
5.657160e+07
5.657158e+07
5.657156e+07
5.657154e+07
5.657152e+07
5.657150e+07
5.657148e+07
5.657146e+07
5.657144e+07
5.657142e+07
5.657140e+07
5.657137e+07
5.657135e+07
5.657133e+07
5.657131e+07
5.657129e+07
5.657126e+07
5.657124e+07
5.657122e+07
5.657119e+07
5.657117e+07
5.657115e+07
5.657112e+07
5.657110e+07
5.657108e+07
5.657105e+07
5.657103e+07
5.657100e+07
5.657098e+07
5.657095e+07
5.657093e+07
5.657090e+07
5.657088e+07
5.657085e+07
5.657083e+07
5.657080e+07
5.657078e+07
5.657075e+07
5.657072e+07
5.657069e+07
5.657067e+07
5.657064e+07
5.657061e+07
5.657058e+07
5.657056e+07
5.657053e+07
5.657050e+07
5.657047e+07
5.657044e+07
5.657041e+07
5.657038e+07
5.657035e+07
5.657032e+07
5.657029e+07
5.657026e+07
5.657023e+07
5.657020e+07
5.657017e+07
5.657013e+07
5.657010e+07
5.657007e+07
5.657004e+07
5.657000e+07
5.656997e+07
5.656993e+07
5.656990e+07
5.656986e+07
5.656983e+07
5.656979e+07
5.656976e+07
5.656972e+07
5.656968e+07
5.656965e+07
5.656961e+07
5.656957e+07
5.656953e+07
5.656949e+07
5.656945e+07
5.656941e+07
5.656937e+07
5.656933e+07
5.656929e+07
5.656925e+07
5.656921e+07
5.656916e+07
5.656912e+07
5.656907e+07
5.656903e+07
5.656898e+07
5.656894e+07
5.656889e+07
5.656884e+07
5.656880e+07
5.656875e+07
5.656870e+07
5.656865e+07
5.656860e+07
5.656854e+07
5.656849e+07
5.656844e+07
5.656838e+07
5.656833e+07
5.656827e+07
5.656821e+07
5.656816e+07
5.656810e+07
5.656804e+07
5.656798e+07
5.656792e+07
5.656785e+07
5.656779e+07
5.656772e+07
5.656766e+07
5.656759e+07
5.656752e+07
5.656745e+07
5.656738e+07
5.656731e+07
5.656724e+07
5.656716e+07
5.656708e+07
5.656701e+07
5.656693e+07
5.656685e+07
5.656676e+07
5.656668e+07
5.656659e+07
5.656651e+07
5.656642e+07
5.656633e+07
5.656623e+07
5.656614e+07
5.656604e+07
5.656594e+07
5.656584e+07
5.656574e+07
5.656563e+07
5.656552e+07
5.656541e+07
5.656530e+07
5.656519e+07
5.656507e+07
5.656495e+07
5.656483e+07
5.656470e+07
5.656457e+07
5.656444e+07
5.656431e+07
5.656417e+07
5.656403e+07
5.656388e+07
5.656374e+07
5.656358e+07
5.656343e+07
5.656327e+07
5.656311e+07
5.656294e+07
5.656277e+07
5.656260e+07
5.656242e+07
5.656224e+07
5.656205e+07
5.656186e+07
5.656166e+07
5.656146e+07
5.656125e+07
5.656103e+07
5.656082e+07
5.656059e+07
5.656036e+07
5.656013e+07
5.655988e+07
5.655963e+07
5.655938e+07
5.655912e+07
5.655885e+07
5.655857e+07
5.655829e+07
5.655800e+07
5.655770e+07
5.655739e+07
5.655708e+07
5.655675e+07
5.655642e+07
5.655608e+07
5.655573e+07
5.655537e+07
5.655500e+07
5.655462e+07
5.655423e+07
5.655382e+07
5.655341e+07
5.655298e+07
5.655255e+07
5.655210e+07
5.655163e+07
5.655116e+07
5.655067e+07
5.655017e+07
5.654965e+07
5.654912e+07
5.654857e+07
5.654801e+07
5.654743e+07
5.654684e+07
5.654622e+07
5.654559e+07
5.654495e+07
5.654428e+07
5.654359e+07
5.654289e+07
5.654216e+07
5.654141e+07
5.654064e+07
5.653985e+07
5.653903e+07
5.653819e+07
5.653733e+07
5.653644e+07
5.653552e+07
5.653458e+07
5.653361e+07
5.653261e+07
5.653158e+07
5.653052e+07
5.652943e+07
5.652830e+07
5.652715e+07
5.652595e+07
5.652473e+07
5.652346e+07
5.652216e+07
5.652082e+07
5.651944e+07
5.651802e+07
5.651655e+07
5.651504e+07
5.651349e+07
5.651189e+07
5.651024e+07
5.650854e+07
5.650679e+07
5.650499e+07
5.650313e+07
5.650122e+07
5.649924e+07
5.649721e+07
5.649512e+07
5.649296e+07
5.649074e+07
5.648845e+07
5.648610e+07
5.648367e+07
5.648116e+07
5.647858e+07
5.647592e+07
5.647318e+07
5.647036e+07
5.646745e+07
5.646445e+07
5.646136e+07
5.645817e+07
5.645489e+07
5.645151e+07
5.644802e+07
5.644443e+07
5.644073e+07
5.643691e+07
5.643298e+07
5.642892e+07
5.642475e+07
5.642044e+07
5.641600e+07
5.641142e+07
5.640671e+07
5.640185e+07
5.639684e+07
5.639167e+07
5.638635e+07
5.638086e+07
5.637520e+07
5.636937e+07
5.636336e+07
5.635716e+07
5.635077e+07
5.634419e+07
5.633740e+07
5.633040e+07
5.632319e+07
5.631575e+07
5.630808e+07
5.630017e+07
5.629202e+07
5.628362e+07
5.627496e+07
5.626603e+07
5.625682e+07
5.624733e+07
5.623754e+07
5.622745e+07
5.621705e+07
5.620632e+07
5.619526e+07
5.618385e+07
5.617210e+07
5.615997e+07
5.614747e+07
5.613458e+07
5.612129e+07
5.610758e+07
5.609345e+07
5.607888e+07
5.606386e+07
5.604836e+07
5.603238e+07
5.601591e+07
5.599892e+07
5.598140e+07
5.596333e+07
5.594470e+07
5.592548e+07
5.590567e+07
5.588523e+07
5.586416e+07
5.584243e+07
5.582001e+07
5.579689e+07
5.577305e+07
5.574846e+07
5.572310e+07
5.569694e+07
5.566996e+07
5.564214e+07
5.561344e+07
5.558383e+07
5.555330e+07
5.552180e+07
5.548931e+07
5.545579e+07
5.542122e+07
5.538556e+07
5.534877e+07
5.531082e+07
5.527167e+07
5.523128e+07
5.518961e+07
5.514662e+07
5.510226e+07
5.505650e+07
5.500929e+07
5.496057e+07
5.491031e+07
5.485844e+07
5.480492e+07
5.474970e+07
5.469271e+07
5.463390e+07
5.457321e+07
5.451058e+07
5.444594e+07
5.437922e+07
5.431037e+07
5.423929e+07
5.416593e+07
5.409021e+07
5.401203e+07
5.393134e+07
5.384803e+07
5.376202e+07
5.367321e+07
5.358152e+07
5.348685e+07
5.338909e+07
5.328813e+07
5.318387e+07
5.307619e+07
5.296497e+07
5.285009e+07
5.273143e+07
5.260884e+07
5.248219e+07
5.235133e+07
5.221613e+07
5.207641e+07
5.193201e+07
5.178278e+07
5.162853e+07
5.146907e+07
5.130423e+07
5.113378e+07
5.095754e+07
5.077528e+07
5.058677e+07
5.039177e+07
5.019004e+07
4.998132e+07
4.976532e+07
4.954178e+07
4.931037e+07
4.907080e+07
4.882273e+07
4.856581e+07
4.829967e+07
4.802394e+07
4.773819e+07
4.744201e+07
4.713494e+07
4.681650e+07
4.648617e+07
4.614343e+07
4.578769e+07
4.541834e+07
4.503474e+07
4.463619e+07
4.422195e+07
4.379122e+07
4.334314e+07
4.287680e+07
4.239119e+07
4.188525e+07
4.135781e+07
4.080758e+07
4.023319e+07
3.963311e+07
3.900565e+07
3.834897e+07
3.766100e+07
3.693943e+07
3.618167e+07
3.538479e+07
3.454544e+07
3.365978e+07
3.272335e+07
3.173092e+07
3.067629e+07
2.955198e+07
2.834887e+07
2.705555e+07
2.565746e+07
2.413548e+07
2.246357e+07
2.060463e+07
1.850267e+07
1.606621e+07
1.312984e+07
9.352646e+06
0.000000e+00
0.000000e+00
0.000000e+00
0.000000e+00
0.000000e+00
0.000000e+00
0.000000e+00
0.000000e+00
0.000000e+00
0.000000e+00
0.000000e+00
0.000000e+00
0.000000e+00
0.000000e+00
0.000000e+00
0.000000e+00
0.000000e+00
0.000000e+00
0.000000e+00
0.000000e+00
0.000000e+00
0.000000e+00
0.000000e+00
0.000000e+00
0.000000e+00
0.000000e+00
0.000000e+00
0.000000e+00
0.000000e+00
0.000000e+00
0.000000e+00
0.000000e+00
0.000000e+00
0.000000e+00
0.000000e+00
0.000000e+00
0.000000e+00
0.000000e+00
0.000000e+00
0.000000e+00
0.000000e+00
0.000000e+00
0.000000e+00
0.000000e+00
0.000000e+00
0.000000e+00
0.000000e+00
0.000000e+00
0.000000e+00
0.000000e+00
0.000000e+00
0.000000e+00
0.000000e+00
0.000000e+00
0.000000e+00
0.000000e+00
0.000000e+00
0.000000e+00
0.000000e+00
0.000000e+00
0.000000e+00
0.000000e+00
0.000000e+00
0.000000e+00
0.000000e+00
0.000000e+00
0.000000e+00
0.000000e+00
0.000000e+00
0.000000e+00
0.000000e+00
0.000000e+00
0.000000e+00
0.000000e+00
0.000000e+00
0.000000e+00
0.000000e+00
0.000000e+00
0.000000e+00
0.000000e+00
0.000000e+00
0.000000e+00
0.000000e+00
0.000000e+00
0.000000e+00
0.000000e+00
0.000000e+00
0.000000e+00
0.000000e+00
0.000000e+00
0.000000e+00
0.000000e+00
0.000000e+00
0.000000e+00
0.000000e+00
0.000000e+00
0.000000e+00
0.000000e+00
0.000000e+00
0.000000e+00
0.000000e+00
0.000000e+00
0.000000e+00
0.000000e+00
0.000000e+00
0.000000e+00
0.000000e+00
0.000000e+00
0.000000e+00
0.000000e+00
0.000000e+00
0.000000e+00
0.000000e+00
0.000000e+00
0.000000e+00
0.000000e+00
0.000000e+00
0.000000e+00
0.000000e+00
0.000000e+00
0.000000e+00
0.000000e+00
0.000000e+00
0.000000e+00
0.000000e+00
0.000000e+00
0.000000e+00
0.000000e+00
0.000000e+00
0.000000e+00
0.000000e+00
0.000000e+00
0.000000e+00
0.000000e+00
0.000000e+00
0.000000e+00
0.000000e+00
0.000000e+00
0.000000e+00
0.000000e+00
0.000000e+00
0.000000e+00
0.000000e+00
0.000000e+00
0.000000e+00
0.000000e+00
0.000000e+00
0.000000e+00
0.000000e+00
0.000000e+00
0.000000e+00
0.000000e+00
0.000000e+00
0.000000e+00
0.000000e+00
0.000000e+00
0.000000e+00
0.000000e+00
0.000000e+00
0.000000e+00
0.000000e+00
0.000000e+00
0.000000e+00
0.000000e+00
0.000000e+00
0.000000e+00
0.000000e+00
0.000000e+00
0.000000e+00
0.000000e+00
0.000000e+00
0.000000e+00
0.000000e+00
0.000000e+00
0.000000e+00
0.000000e+00
0.000000e+00
0.000000e+00
0.000000e+00
0.000000e+00
0.000000e+00
0.000000e+00
0.000000e+00
0.000000e+00
0.000000e+00
0.000000e+00
0.000000e+00
0.000000e+00
0.000000e+00
0.000000e+00
0.000000e+00
0.000000e+00
0.000000e+00
0.000000e+00
0.000000e+00
0.000000e+00
0.000000e+00
0.000000e+00
0.000000e+00
0.000000e+00
0.000000e+00
0.000000e+00
0.000000e+00
0.000000e+00
0.000000e+00
0.000000e+00
0.000000e+00
0.000000e+00
0.000000e+00
0.000000e+00
0.000000e+00
0.000000e+00
0.000000e+00
0.000000e+00
0.000000e+00
0.000000e+00
0.000000e+00
0.000000e+00
0.000000e+00
0.000000e+00
0.000000e+00
0.000000e+00
0.000000e+00
0.000000e+00
0.000000e+00
0.000000e+00
0.000000e+00
0.000000e+00
0.000000e+00
0.000000e+00
0.000000e+00
0.000000e+00
0.000000e+00
0.000000e+00
0.000000e+00
0.000000e+00
0.000000e+00
0.000000e+00
0.000000e+00
0.000000e+00
0.000000e+00
0.000000e+00
0.000000e+00
0.000000e+00
0.000000e+00
0.000000e+00
0.000000e+00
0.000000e+00
0.000000e+00
0.000000e+00
0.000000e+00
0.000000e+00
0.000000e+00
0.000000e+00
0.000000e+00
0.000000e+00
0.000000e+00
0.000000e+00
0.000000e+00
0.000000e+00
0.000000e+00
0.000000e+00
0.000000e+00
0.000000e+00
0.000000e+00
0.000000e+00
0.000000e+00
0.000000e+00
0.000000e+00
0.000000e+00
0.000000e+00
0.000000e+00
0.000000e+00
0.000000e+00
0.000000e+00
0.000000e+00
0.000000e+00
0.000000e+00
0.000000e+00
0.000000e+00
0.000000e+00
0.000000e+00
0.000000e+00
0.000000e+00
0.000000e+00
0.000000e+00
0.000000e+00
0.000000e+00
0.000000e+00
0.000000e+00
0.000000e+00
0.000000e+00
0.000000e+00
0.000000e+00
0.000000e+00
0.000000e+00
0.000000e+00
0.000000e+00
0.000000e+00
0.000000e+00
0.000000e+00
0.000000e+00
0.000000e+00
0.000000e+00
0.000000e+00
0.000000e+00
0.000000e+00
0.000000e+00
0.000000e+00
0.000000e+00
0.000000e+00
0.000000e+00
0.000000e+00
0.000000e+00
0.000000e+00
0.000000e+00
0.000000e+00
0.000000e+00
0.000000e+00
0.000000e+00
0.000000e+00
0.000000e+00
0.000000e+00
0.000000e+00
0.000000e+00
0.000000e+00
0.000000e+00
0.000000e+00
0.000000e+00
0.000000e+00
0.000000e+00
0.000000e+00
0.000000e+00
0.000000e+00
0.000000e+00
0.000000e+00
0.000000e+00
0.000000e+00
0.000000e+00
0.000000e+00
0.000000e+00
0.000000e+00
0.000000e+00
0.000000e+00
0.000000e+00
0.000000e+00
0.000000e+00
0.000000e+00
0.000000e+00
0.000000e+00
0.000000e+00
0.000000e+00
0.000000e+00
0.000000e+00
0.000000e+00
0.000000e+00
0.000000e+00
0.000000e+00
0.000000e+00
0.000000e+00
0.000000e+00
0.000000e+00
0.000000e+00
0.000000e+00
0.000000e+00
0.000000e+00
0.000000e+00
0.000000e+00
0.000000e+00
0.000000e+00
0.000000e+00
0.000000e+00
0.000000e+00
0.000000e+00
0.000000e+00
0.000000e+00
0.000000e+00
0.000000e+00
0.000000e+00
0.000000e+00
0.000000e+00
0.000000e+00
0.000000e+00
0.000000e+00
0.000000e+00
0.000000e+00
0.000000e+00
0.000000e+00
0.000000e+00
0.000000e+00
0.000000e+00
0.000000e+00
0.000000e+00
0.000000e+00
0.000000e+00
0.000000e+00
0.000000e+00
0.000000e+00
0.000000e+00
0.000000e+00
0.000000e+00
0.000000e+00
0.000000e+00
0.000000e+00
0.000000e+00
0.000000e+00
0.000000e+00
0.000000e+00
0.000000e+00
0.000000e+00
0.000000e+00
0.000000e+00
0.000000e+00
0.000000e+00
0.000000e+00
0.000000e+00
0.000000e+00
0.000000e+00
0.000000e+00
0.000000e+00
0.000000e+00
0.000000e+00
0.000000e+00
0.000000e+00
0.000000e+00
0.000000e+00
0.000000e+00
0.000000e+00
0.000000e+00
0.000000e+00
0.000000e+00
0.000000e+00
0.000000e+00
0.000000e+00
0.000000e+00
0.000000e+00
0.000000e+00
0.000000e+00
0.000000e+00
0.000000e+00
0.000000e+00
0.000000e+00
0.000000e+00
0.000000e+00
0.000000e+00
0.000000e+00
0.000000e+00
0.000000e+00
0.000000e+00
0.000000e+00
0.000000e+00
0.000000e+00
0.000000e+00
0.000000e+00
0.000000e+00
0.000000e+00
0.000000e+00
0.000000e+00
0.000000e+00
0.000000e+00
0.000000e+00
0.000000e+00
0.000000e+00
0.000000e+00
0.000000e+00
0.000000e+00
0.000000e+00
0.000000e+00
0.000000e+00
0.000000e+00
0.000000e+00
0.000000e+00
0.000000e+00
0.000000e+00
0.000000e+00
0.000000e+00
0.000000e+00
0.000000e+00
0.000000e+00
0.000000e+00
0.000000e+00
0.000000e+00
0.000000e+00
0.000000e+00
0.000000e+00
0.000000e+00
0.000000e+00
0.000000e+00
0.000000e+00
0.000000e+00
0.000000e+00
0.000000e+00
0.000000e+00
0.000000e+00
0.000000e+00
0.000000e+00
0.000000e+00
0.000000e+00
0.000000e+00
0.000000e+00
0.000000e+00
0.000000e+00
0.000000e+00
0.000000e+00
0.000000e+00
0.000000e+00
0.000000e+00
0.000000e+00
0.000000e+00
0.000000e+00
0.000000e+00
0.000000e+00
0.000000e+00
0.000000e+00
0.000000e+00
0.000000e+00
0.000000e+00
0.000000e+00
0.000000e+00
0.000000e+00
0.000000e+00
0.000000e+00
0.000000e+00
0.000000e+00
0.000000e+00
0.000000e+00
0.000000e+00
0.000000e+00
0.000000e+00
0.000000e+00
0.000000e+00
0.000000e+00
0.000000e+00
0.000000e+00
0.000000e+00
0.000000e+00
0.000000e+00
0.000000e+00
0.000000e+00
0.000000e+00
0.000000e+00
0.000000e+00
0.000000e+00
0.000000e+00
0.000000e+00
0.000000e+00
0.000000e+00
0.000000e+00
0.000000e+00
0.000000e+00
0.000000e+00
0.000000e+00
0.000000e+00
0.000000e+00
0.000000e+00
0.000000e+00
0.000000e+00
0.000000e+00
0.000000e+00
0.000000e+00
0.000000e+00
0.000000e+00
0.000000e+00
0.000000e+00
0.000000e+00
0.000000e+00
0.000000e+00
0.000000e+00
0.000000e+00
0.000000e+00
0.000000e+00
0.000000e+00
0.000000e+00
0.000000e+00
0.000000e+00
0.000000e+00
0.000000e+00
0.000000e+00
0.000000e+00
0.000000e+00
0.000000e+00
0.000000e+00
0.000000e+00
0.000000e+00
0.000000e+00
0.000000e+00
0.000000e+00
0.000000e+00
0.000000e+00
0.000000e+00
0.000000e+00
0.000000e+00
0.000000e+00
0.000000e+00
0.000000e+00
0.000000e+00
0.000000e+00
0.000000e+00
0.000000e+00
0.000000e+00
0.000000e+00
0.000000e+00
0.000000e+00
0.000000e+00
0.000000e+00
0.000000e+00
0.000000e+00
0.000000e+00
0.000000e+00
0.000000e+00
0.000000e+00
0.000000e+00
0.000000e+00
0.000000e+00
0.000000e+00
0.000000e+00
0.000000e+00
0.000000e+00
0.000000e+00
0.000000e+00
0.000000e+00
0.000000e+00
0.000000e+00
0.000000e+00
0.000000e+00
0.000000e+00
0.000000e+00
0.000000e+00
0.000000e+00
0.000000e+00
0.000000e+00
0.000000e+00
0.000000e+00
0.000000e+00
0.000000e+00
0.000000e+00
0.000000e+00
0.000000e+00
0.000000e+00
0.000000e+00
0.000000e+00
0.000000e+00
0.000000e+00
0.000000e+00
0.000000e+00
0.000000e+00
0.000000e+00
0.000000e+00
0.000000e+00
0.000000e+00
0.000000e+00
0.000000e+00
0.000000e+00
0.000000e+00
0.000000e+00
0.000000e+00
0.000000e+00
0.000000e+00
0.000000e+00
0.000000e+00
0.000000e+00
0.000000e+00
0.000000e+00
0.000000e+00
0.000000e+00
0.000000e+00
0.000000e+00
0.000000e+00
0.000000e+00
0.000000e+00
0.000000e+00
0.000000e+00
0.000000e+00
0.000000e+00
0.000000e+00
0.000000e+00
0.000000e+00
0.000000e+00
0.000000e+00
0.000000e+00
0.000000e+00
0.000000e+00
0.000000e+00
0.000000e+00
0.000000e+00
0.000000e+00
0.000000e+00
0.000000e+00
0.000000e+00
0.000000e+00
0.000000e+00
0.000000e+00
0.000000e+00
0.000000e+00
0.000000e+00
0.000000e+00
0.000000e+00
0.000000e+00
0.000000e+00
0.000000e+00
0.000000e+00
0.000000e+00
0.000000e+00
0.000000e+00
0.000000e+00
0.000000e+00
0.000000e+00
0.000000e+00
0.000000e+00
0.000000e+00
0.000000e+00
0.000000e+00
0.000000e+00
0.000000e+00
0.000000e+00
0.000000e+00
0.000000e+00
0.000000e+00
0.000000e+00
0.000000e+00
0.000000e+00
0.000000e+00
0.000000e+00
0.000000e+00
0.000000e+00
0.000000e+00
0.000000e+00
0.000000e+00
0.000000e+00
0.000000e+00
0.000000e+00
0.000000e+00
0.000000e+00
0.000000e+00
0.000000e+00
0.000000e+00
0.000000e+00
0.000000e+00
0.000000e+00
0.000000e+00
0.000000e+00
0.000000e+00
0.000000e+00
0.000000e+00
0.000000e+00
0.000000e+00
0.000000e+00
0.000000e+00
0.000000e+00
0.000000e+00
0.000000e+00
0.000000e+00
0.000000e+00
0.000000e+00
0.000000e+00
0.000000e+00
0.000000e+00
0.000000e+00
0.000000e+00
0.000000e+00
0.000000e+00
0.000000e+00
0.000000e+00
0.000000e+00
0.000000e+00
0.000000e+00
0.000000e+00
0.000000e+00
0.000000e+00
0.000000e+00
0.000000e+00
0.000000e+00
0.000000e+00
0.000000e+00
0.000000e+00
0.000000e+00
0.000000e+00
0.000000e+00
0.000000e+00
0.000000e+00
0.000000e+00
0.000000e+00
0.000000e+00
0.000000e+00
0.000000e+00
0.000000e+00
0.000000e+00
0.000000e+00
0.000000e+00
0.000000e+00
0.000000e+00
0.000000e+00
0.000000e+00
0.000000e+00
0.000000e+00
0.000000e+00
0.000000e+00
0.000000e+00
0.000000e+00
0.000000e+00
0.000000e+00
0.000000e+00
0.000000e+00
0.000000e+00
0.000000e+00
0.000000e+00
0.000000e+00
0.000000e+00
0.000000e+00
0.000000e+00
0.000000e+00
0.000000e+00
0.000000e+00
0.000000e+00
0.000000e+00
0.000000e+00
0.000000e+00
0.000000e+00
0.000000e+00
0.000000e+00
0.000000e+00
0.000000e+00
0.000000e+00
0.000000e+00
0.000000e+00
0.000000e+00
0.000000e+00
0.000000e+00
0.000000e+00
0.000000e+00
0.000000e+00
0.000000e+00
0.000000e+00
0.000000e+00
0.000000e+00
0.000000e+00
0.000000e+00
0.000000e+00
0.000000e+00
0.000000e+00
0.000000e+00
0.000000e+00
0.000000e+00
0.000000e+00
0.000000e+00
0.000000e+00
0.000000e+00
0.000000e+00
0.000000e+00
0.000000e+00
0.000000e+00
0.000000e+00
0.000000e+00
0.000000e+00
0.000000e+00
0.000000e+00
0.000000e+00
0.000000e+00
0.000000e+00
0.000000e+00
0.000000e+00
0.000000e+00
0.000000e+00
0.000000e+00
0.000000e+00
0.000000e+00
0.000000e+00
0.000000e+00
0.000000e+00
0.000000e+00
0.000000e+00
0.000000e+00
0.000000e+00
0.000000e+00
0.000000e+00
0.000000e+00
0.000000e+00
0.000000e+00
0.000000e+00
0.000000e+00
0.000000e+00
0.000000e+00
0.000000e+00
0.000000e+00
0.000000e+00
0.000000e+00
0.000000e+00
0.000000e+00
0.000000e+00
0.000000e+00
0.000000e+00
0.000000e+00
0.000000e+00
0.000000e+00
0.000000e+00
0.000000e+00
0.000000e+00
0.000000e+00
0.000000e+00
0.000000e+00
0.000000e+00
0.000000e+00
0.000000e+00
0.000000e+00
0.000000e+00
0.000000e+00
0.000000e+00
0.000000e+00
0.000000e+00
0.000000e+00
0.000000e+00
0.000000e+00
0.000000e+00
0.000000e+00
0.000000e+00
0.000000e+00
0.000000e+00
0.000000e+00
0.000000e+00
0.000000e+00
0.000000e+00
0.000000e+00
0.000000e+00
0.000000e+00
0.000000e+00
0.000000e+00
0.000000e+00
0.000000e+00
0.000000e+00
0.000000e+00
0.000000e+00
0.000000e+00
0.000000e+00
0.000000e+00
0.000000e+00
0.000000e+00
0.000000e+00
0.000000e+00
0.000000e+00
0.000000e+00
0.000000e+00
0.000000e+00
0.000000e+00
0.000000e+00
0.000000e+00
0.000000e+00
0.000000e+00
0.000000e+00
0.000000e+00
0.000000e+00
0.000000e+00
0.000000e+00
0.000000e+00
0.000000e+00
0.000000e+00
0.000000e+00
0.000000e+00
0.000000e+00
0.000000e+00
0.000000e+00
0.000000e+00
0.000000e+00
0.000000e+00
0.000000e+00
0.000000e+00
0.000000e+00
0.000000e+00
0.000000e+00
0.000000e+00
0.000000e+00
0.000000e+00
0.000000e+00
0.000000e+00
0.000000e+00
0.000000e+00
0.000000e+00
0.000000e+00
0.000000e+00
0.000000e+00
0.000000e+00
0.000000e+00
0.000000e+00
0.000000e+00
0.000000e+00
0.000000e+00
0.000000e+00
0.000000e+00
0.000000e+00
0.000000e+00
0.000000e+00
0.000000e+00
0.000000e+00
0.000000e+00
0.000000e+00
0.000000e+00
0.000000e+00
0.000000e+00
0.000000e+00
0.000000e+00
0.000000e+00
0.000000e+00
0.000000e+00
0.000000e+00
0.000000e+00
0.000000e+00
0.000000e+00
0.000000e+00
0.000000e+00
0.000000e+00
0.000000e+00
0.000000e+00
0.000000e+00
0.000000e+00
0.000000e+00
0.000000e+00
0.000000e+00
0.000000e+00
0.000000e+00
0.000000e+00
0.000000e+00
0.000000e+00
0.000000e+00
0.000000e+00
0.000000e+00
0.000000e+00
0.000000e+00
0.000000e+00
0.000000e+00
0.000000e+00
0.000000e+00
0.000000e+00
0.000000e+00
0.000000e+00
0.000000e+00
0.000000e+00
0.000000e+00
0.000000e+00
0.000000e+00
0.000000e+00
0.000000e+00
0.000000e+00
0.000000e+00
0.000000e+00
0.000000e+00
0.000000e+00
0.000000e+00
0.000000e+00
0.000000e+00
0.000000e+00
0.000000e+00
0.000000e+00
0.000000e+00
0.000000e+00
0.000000e+00
0.000000e+00
0.000000e+00
0.000000e+00
0.000000e+00
0.000000e+00
0.000000e+00
0.000000e+00
0.000000e+00
0.000000e+00
0.000000e+00
0.000000e+00
0.000000e+00
0.000000e+00
0.000000e+00
0.000000e+00
0.000000e+00
0.000000e+00
0.000000e+00
0.000000e+00
0.000000e+00
0.000000e+00
0.000000e+00
0.000000e+00
0.000000e+00
0.000000e+00
0.000000e+00
0.000000e+00
