1.928805e+05
2.059733e+05
2.198637e+05
2.345502e+05
2.500309e+05
2.663041e+05
2.833680e+05
3.012206e+05
3.198602e+05
3.392848e+05
3.594924e+05
3.804811e+05
4.022488e+05
4.247935e+05
4.481130e+05
4.722053e+05
4.970681e+05
5.226993e+05
5.490966e+05
5.762577e+05
6.041802e+05
6.328619e+05
6.623004e+05
6.924931e+05
7.234377e+05
7.551315e+05
7.875721e+05
8.207568e+05
8.546831e+05
8.893481e+05
9.247493e+05
9.608839e+05
9.977490e+05
1.035342e+06
1.073660e+06
1.112699e+06
1.152458e+06
1.192932e+06
1.234120e+06
1.276017e+06
1.318621e+06
1.361929e+06
1.405937e+06
1.450642e+06
1.496041e+06
1.542130e+06
1.588906e+06
1.636366e+06
1.684505e+06
1.733322e+06
1.782811e+06
1.832970e+06
1.883795e+06
1.935282e+06
1.987427e+06
2.040227e+06
2.093677e+06
2.147774e+06
2.202515e+06
2.257894e+06
2.313908e+06
2.370553e+06
2.427825e+06
2.485719e+06
2.544232e+06
2.603360e+06
2.663097e+06
2.723440e+06
2.784384e+06
2.845925e+06
2.908058e+06
2.970779e+06
3.034083e+06
3.097967e+06
3.162424e+06
3.227450e+06
3.293041e+06
3.359192e+06
3.425898e+06
3.493155e+06
3.560956e+06
3.629298e+06
3.698174e+06
3.767581e+06
3.837514e+06
3.907966e+06
3.978932e+06
4.050409e+06
4.122389e+06
4.194868e+06
4.267841e+06
4.341302e+06
4.415246e+06
4.489666e+06
4.564559e+06
4.639917e+06
4.715736e+06
4.792009e+06
4.868732e+06
4.945897e+06
5.023500e+06
