2.471434e+05
2.629511e+05
2.794856e+05
2.967453e+05
3.147283e+05
3.334329e+05
3.528570e+05
3.729990e+05
3.938568e+05
4.154284e+05
4.377120e+05
4.607054e+05
4.844066e+05
5.088136e+05
5.339241e+05
5.597360e+05
5.862471e+05
6.134552e+05
6.413579e+05
6.699531e+05
6.992383e+05
7.292111e+05
7.598691e+05
7.912099e+05
8.232309e+05
8.559296e+05
8.893035e+05
9.233500e+05
9.580663e+05
9.934498e+05
1.029498e+06
1.066207e+06
1.103576e+06
1.141601e+06
1.180278e+06
1.219606e+06
1.259581e+06
1.300201e+06
1.341462e+06
1.383360e+06
1.425894e+06
1.469060e+06
1.512854e+06
1.557274e+06
1.602316e+06
1.647976e+06
1.694252e+06
1.741140e+06
1.788636e+06
1.836737e+06
1.885440e+06
1.934741e+06
1.984636e+06
2.035121e+06
2.086194e+06
2.137849e+06
2.190084e+06
2.242895e+06
2.296277e+06
2.350226e+06
2.404740e+06
2.459813e+06
2.515442e+06
2.571623e+06
2.628350e+06
2.685622e+06
2.743432e+06
2.801777e+06
2.860653e+06
2.920054e+06
2.979978e+06
3.040419e+06
3.101372e+06
3.162834e+06
3.224800e+06
3.287265e+06
3.350225e+06
3.413674e+06
3.477608e+06
3.542023e+06
3.606913e+06
3.672274e+06
3.738101e+06
3.804388e+06
3.871131e+06
3.938325e+06
4.005965e+06
4.074045e+06
4.142561e+06
4.211508e+06
4.280879e+06
4.350670e+06
4.420875e+06
4.491490e+06
4.562508e+06
4.633925e+06
4.705735e+06
4.777931e+06
4.850510e+06
4.923465e+06
4.996790e+06
